9.469999999999999529e-01
1.417999999999999927e+00
1.764999999999999902e+00
1.735999999999999988e+00
1.429000000000000048e+00
1.098000000000000087e+00
8.619999999999999885e-01
7.339999999999999858e-01
6.450000000000000178e-01
5.180000000000000160e-01
3.729999999999999982e-01
2.280000000000000082e-01
8.699999999999999400e-02
4.800000000000000100e-02
4.599999999999999922e-02
4.399999999999999745e-02
4.299999999999999656e-02
4.200000000000000261e-02
4.100000000000000172e-02
4.000000000000000083e-02
3.899999999999999994e-02
3.899999999999999994e-02
3.899999999999999994e-02
3.899999999999999994e-02
3.899999999999999994e-02
3.899999999999999994e-02
4.000000000000000083e-02
4.000000000000000083e-03
3.200000000000000067e-02
7.000000000000000666e-02
1.089999999999999997e-01
1.479999999999999927e-01
1.869999999999999996e-01
2.250000000000000056e-01
4.969999999999999973e-01
7.339999999999999858e-01
8.800000000000000044e-01
3.089999999999999969e-01
1.489999999999999936e-01
6.490000000000000213e-01
6.260000000000000009e-01
5.679999999999999494e-01
4.849999999999999867e-01
3.890000000000000124e-01
2.879999999999999782e-01
1.869999999999999996e-01
8.699999999999999400e-02
1.310000000000000053e-01
1.759999999999999898e-01
2.210000000000000020e-01
2.660000000000000142e-01
3.099999999999999978e-01
3.509999999999999787e-01
3.370000000000000218e-01
3.230000000000000093e-01
3.099999999999999978e-01
2.989999999999999880e-01
2.889999999999999791e-01
2.800000000000000266e-01
2.720000000000000195e-01
2.660000000000000142e-01
2.610000000000000098e-01
2.580000000000000071e-01
2.560000000000000053e-01
2.560000000000000053e-01
2.570000000000000062e-01
2.590000000000000080e-01
2.620000000000000107e-01
2.670000000000000151e-01
2.740000000000000213e-01
2.819999999999999729e-01
2.909999999999999809e-01
3.009999999999999898e-01
3.130000000000000004e-01
3.260000000000000120e-01
3.400000000000000244e-01
3.539999999999999813e-01
3.689999999999999947e-01
3.830000000000000071e-01
3.469999999999999751e-01
3.089999999999999969e-01
2.690000000000000169e-01
2.290000000000000091e-01
1.900000000000000022e-01
1.529999999999999971e-01
1.170000000000000068e-01
8.200000000000000344e-02
4.900000000000000189e-02
1.600000000000000033e-02
1.600000000000000033e-02
4.900000000000000189e-02
8.200000000000000344e-02
9.600000000000000200e-02
1.110000000000000014e-01
1.250000000000000000e-01
1.400000000000000133e-01
1.549999999999999989e-01
1.700000000000000122e-01
1.849999999999999978e-01
2.000000000000000111e-01
2.139999999999999958e-01
2.280000000000000082e-01
2.399999999999999911e-01
2.510000000000000009e-01
8.400000000000000522e-02
8.100000000000000255e-02
2.479999999999999982e-01
4.199999999999999845e-01
5.929999999999999716e-01
7.469999999999999973e-01
8.479999999999999760e-01
4.359999999999999987e-01
1.019999999999999934e-01
2.320000000000000118e-01
6.640000000000000346e-01
1.300999999999999934e+00
2.091000000000000192e+00
1.606000000000000094e+00
9.959999999999999964e-01
5.300000000000000266e-01
2.039999999999999869e-01
4.580000000000000182e-01
1.330000000000000071e+00
2.547000000000000153e+00
2.012000000000000011e+00
1.534000000000000030e+00
1.320999999999999952e+00
1.362000000000000099e+00
1.657000000000000028e+00
2.168000000000000149e+00
1.701999999999999957e+00
1.173999999999999932e+00
8.149999999999999467e-01
6.129999999999999893e-01
1.012999999999999901e+00
2.164000000000000146e+00
4.764999999999999680e+00
2.875999999999999890e+00
1.070000000000000062e+00
2.270000000000000073e-01
3.569999999999999840e-01
1.147999999999999909e+00
2.557999999999999829e+00
2.511000000000000121e+00
1.939000000000000057e+00
1.197999999999999954e+00
3.739999999999999991e-01
2.359999999999999876e-01
9.020000000000000240e-01
8.060000000000000497e-01
6.450000000000000178e-01
4.610000000000000209e-01
2.780000000000000249e-01
1.029999999999999943e-01
7.000000000000000666e-02
4.399999999999999745e-02
1.700000000000000122e-02
1.099999999999999936e-02
4.000000000000000083e-02
6.900000000000000577e-02
9.900000000000000466e-02
1.290000000000000036e-01
1.590000000000000024e-01
1.880000000000000004e-01
2.169999999999999984e-01
2.429999999999999938e-01
2.670000000000000151e-01
2.879999999999999782e-01
2.230000000000000038e-01
1.630000000000000060e-01
1.059999999999999970e-01
5.199999999999999761e-02
1.000000000000000021e-03
5.399999999999999939e-02
1.069999999999999979e-01
1.640000000000000069e-01
2.230000000000000038e-01
2.859999999999999765e-01
3.509999999999999787e-01
4.179999999999999827e-01
4.809999999999999831e-01
4.630000000000000226e-01
4.450000000000000067e-01
4.289999999999999925e-01
4.159999999999999809e-01
4.050000000000000266e-01
3.970000000000000195e-01
3.930000000000000160e-01
3.920000000000000151e-01
3.940000000000000169e-01
4.000000000000000222e-01
4.099999999999999756e-01
4.229999999999999871e-01
4.400000000000000022e-01
4.349999999999999978e-01
4.279999999999999916e-01
4.189999999999999836e-01
4.079999999999999738e-01
3.970000000000000195e-01
3.850000000000000089e-01
3.739999999999999991e-01
3.619999999999999885e-01
3.509999999999999787e-01
3.410000000000000253e-01
3.320000000000000173e-01
3.240000000000000102e-01
2.079999999999999905e-01
9.800000000000000377e-02
8.999999999999999320e-03
1.179999999999999938e-01
2.349999999999999867e-01
3.609999999999999876e-01
4.989999999999999991e-01
8.400000000000000522e-02
6.450000000000000178e-01
1.054999999999999938e+00
1.064999999999999947e+00
1.604000000000000092e+00
3.201999999999999957e+00
2.751999999999999780e+00
1.326999999999999957e+00
3.609999999999999876e-01
2.570000000000000062e-01
1.710000000000000131e-01
1.079999999999999988e-01
5.500000000000000028e-02
4.599999999999999922e-02
3.400000000000000244e-02
2.000000000000000042e-02
5.000000000000000104e-03
1.000000000000000021e-02
2.599999999999999881e-02
2.400000000000000050e-02
2.100000000000000130e-02
1.899999999999999953e-02
1.600000000000000033e-02
1.400000000000000029e-02
1.200000000000000025e-02
1.000000000000000021e-02
7.000000000000000146e-03
5.000000000000000104e-03
3.000000000000000062e-03
1.000000000000000021e-03
1.000000000000000021e-03
4.000000000000000083e-03
6.000000000000000125e-03
8.000000000000000167e-03
1.000000000000000021e-02
1.200000000000000025e-02
1.400000000000000029e-02
1.700000000000000122e-02
1.899999999999999953e-02
2.100000000000000130e-02
2.299999999999999961e-02
2.500000000000000139e-02
2.800000000000000058e-02
2.999999999999999889e-02
1.299999999999999940e-02
4.000000000000000083e-03
2.100000000000000130e-02
3.899999999999999994e-02
5.600000000000000117e-02
7.299999999999999545e-02
8.999999999999999667e-02
1.069999999999999979e-01
1.239999999999999991e-01
1.400000000000000133e-01
1.559999999999999998e-01
1.700000000000000122e-01
1.839999999999999969e-01
6.560000000000000275e-01
1.364000000000000101e+00
2.359999999999999876e+00
2.825000000000000178e+00
1.292000000000000037e+00
5.440000000000000391e-01
1.110000000000000014e-01
9.900000000000000466e-02
7.900000000000000078e-02
5.199999999999999761e-02
1.899999999999999953e-02
1.700000000000000122e-02
5.199999999999999761e-02
5.099999999999999672e-02
5.099999999999999672e-02
5.099999999999999672e-02
5.099999999999999672e-02
5.199999999999999761e-02
5.399999999999999939e-02
5.600000000000000117e-02
1.100000000000000006e-01
2.839999999999999747e-01
4.680000000000000271e-01
6.540000000000000258e-01
8.139999999999999458e-01
9.070000000000000284e-01
3.920000000000000151e-01
3.599999999999999728e-02
5.100000000000000089e-01
1.191000000000000059e+00
2.119000000000000217e+00
2.636000000000000121e+00
1.034999999999999920e+00
1.179999999999999938e-01
6.600000000000000311e-01
6.949999999999999512e-01
6.820000000000000506e-01
6.239999999999999991e-01
5.100000000000000089e-01
3.970000000000000195e-01
2.899999999999999800e-01
1.930000000000000049e-01
1.029999999999999943e-01
1.899999999999999953e-02
6.500000000000000222e-02
1.499999999999999944e-01
2.399999999999999911e-01
3.370000000000000218e-01
4.410000000000000031e-01
5.470000000000000417e-01
6.450000000000000178e-01
6.099999999999999867e-01
5.799999999999999600e-01
5.560000000000000497e-01
5.410000000000000364e-01
5.330000000000000293e-01
5.350000000000000311e-01
5.440000000000000391e-01
5.629999999999999449e-01
5.889999999999999680e-01
6.229999999999999982e-01
6.610000000000000320e-01
7.009999999999999565e-01
7.389999999999999902e-01
6.929999999999999494e-01
6.500000000000000222e-01
6.149999999999999911e-01
5.889999999999999680e-01
5.719999999999999529e-01
5.639999999999999458e-01
5.669999999999999485e-01
5.779999999999999583e-01
5.969999999999999751e-01
6.229999999999999982e-01
6.540000000000000258e-01
6.850000000000000533e-01
7.119999999999999662e-01
6.530000000000000249e-01
6.179999999999999938e-01
6.099999999999999867e-01
6.310000000000000053e-01
6.840000000000000524e-01
7.770000000000000240e-01
7.099999999999999645e-01
5.779999999999999583e-01
4.149999999999999800e-01
2.510000000000000009e-01
1.029999999999999943e-01
2.100000000000000130e-02
2.690000000000000169e-01
5.580000000000000515e-01
9.729999999999999760e-01
1.558999999999999941e+00
1.050000000000000044e+00
4.279999999999999916e-01
1.439999999999999891e-01
1.120000000000000023e-01
8.300000000000000433e-02
5.600000000000000117e-02
3.099999999999999978e-02
7.000000000000000146e-03
1.799999999999999864e-02
1.700000000000000122e-02
1.600000000000000033e-02
1.600000000000000033e-02
1.499999999999999944e-02
1.400000000000000029e-02
1.400000000000000029e-02
1.299999999999999940e-02
1.200000000000000025e-02
1.099999999999999936e-02
1.000000000000000021e-02
1.000000000000000021e-02
8.999999999999999320e-03
8.000000000000000167e-03
7.000000000000000146e-03
6.000000000000000125e-03
5.000000000000000104e-03
4.000000000000000083e-03
3.000000000000000062e-03
2.000000000000000042e-03
0.000000000000000000e+00
1.000000000000000021e-03
2.000000000000000042e-03
3.000000000000000062e-03
4.000000000000000083e-03
5.000000000000000104e-03
6.000000000000000125e-03
7.000000000000000146e-03
8.000000000000000167e-03
8.999999999999999320e-03
1.000000000000000021e-02
1.099999999999999936e-02
1.200000000000000025e-02
1.400000000000000029e-02
1.499999999999999944e-02
1.600000000000000033e-02
1.700000000000000122e-02
1.799999999999999864e-02
1.899999999999999953e-02
1.899999999999999953e-02
1.899999999999999953e-02
1.899999999999999953e-02
1.899999999999999953e-02
1.899999999999999953e-02
1.899999999999999953e-02
1.899999999999999953e-02
1.899999999999999953e-02
1.899999999999999953e-02
1.899999999999999953e-02
1.899999999999999953e-02
1.899999999999999953e-02
1.899999999999999953e-02
1.899999999999999953e-02
1.899999999999999953e-02
1.899999999999999953e-02
1.899999999999999953e-02
1.899999999999999953e-02
1.899999999999999953e-02
1.899999999999999953e-02
1.899999999999999953e-02
1.899999999999999953e-02
1.899999999999999953e-02
1.899999999999999953e-02
1.899999999999999953e-02
1.899999999999999953e-02
1.899999999999999953e-02
1.899999999999999953e-02
1.899999999999999953e-02
1.899999999999999953e-02
1.899999999999999953e-02
1.899999999999999953e-02
1.899999999999999953e-02
1.899999999999999953e-02
1.899999999999999953e-02
1.899999999999999953e-02
1.899999999999999953e-02
1.899999999999999953e-02
1.899999999999999953e-02
1.899999999999999953e-02
1.899999999999999953e-02
1.899999999999999953e-02
1.899999999999999953e-02
1.899999999999999953e-02
1.899999999999999953e-02
