0.83000000 0.33000000
0.79447381 0.49115467
0.80763673 0.65969982
0.86269401 0.82575070
0.95285089 0.97942256
1.07131261 1.11083066
1.21128441 1.21009025
1.36597152 1.26731660
1.52892870 1.27789925
1.69553106 1.26469922
1.86193890 1.25785711
2.02706856 1.26432530
2.19186781 1.27398797
2.35687178 1.28111729
2.52207060 1.28565403
2.68742294 1.28786613
2.85288744 1.28802157
3.01842278 1.28638830
3.18398761 1.28323429
3.34954058 1.27882751
3.51504038 1.27343590
3.68044694 1.26735997
3.84576362 1.26198992
4.01104638 1.26003675
4.17634008 1.26326467
4.34165025 1.27062142
4.50697580 1.28057592
4.67231561 1.29159707
4.83766857 1.30215379
5.00303356 1.31071498
5.16840946 1.31574956
5.33379518 1.31572645
5.49918958 1.30911454
5.66459156 1.29438275
5.83000000 1.27000000
