5.83000000 1.27000000
6.00575786 1.28534500
6.16047360 1.24724216
6.30239174 1.17377830
6.43975680 1.08304023
6.58070020 0.99305846
6.72952496 0.91995849
6.88586637 0.87753697
7.04838060 0.87079946
7.21365185 0.87900714
7.37831657 0.88048031
7.54184415 0.87840702
7.70482736 0.88539535
7.86768092 0.90326784
8.03064656 0.92362152
8.19359313 0.94224833
8.35554446 0.96555310
8.51547450 1.00037843
8.67279501 1.04687095
8.82709343 1.10262758
8.97803308 1.16643076
9.12534142 1.23806144
9.26885761 1.31710219
9.40863832 1.40268045
9.54477982 1.49390002
9.67744974 1.59001870
9.80683911 1.69036579
9.93314751 1.79460873
10.05656125 1.90269029
10.17571279 2.01557239
10.28659107 2.13593882
10.38634617 2.26555166
10.47838158 2.40137068
10.56742332 2.53932097
10.65319124 2.67893395
10.73203325 2.82217692
10.80297437 2.96965895
10.86980154 3.11954905
10.93482349 3.27044878
10.99246219 3.42368982
11.03573765 3.58112084
11.06523900 3.74237903
11.08681393 3.90556513
11.10641631 4.06874888
11.13000000 4.23000000
