11.13000000 4.23000000
11.12619425 4.39214547
11.12210532 4.55528566
11.11387488 4.71841043
11.09764454 4.88050962
11.06960603 5.04058272
11.02932317 5.19827890
10.98180965 5.35429734
10.93169550 5.50931752
10.87968289 5.66350428
10.82546480 5.81690444
10.76988135 5.96990258
10.71458952 6.12312249
10.66179191 6.27723623
10.61463413 6.43299286
10.57560064 6.59094631
10.54296623 6.75052369
10.51370952 6.91080052
10.48747809 7.07148700
10.46616134 7.23282664
10.45089604 7.39491260
10.44099942 7.55746870
10.43536173 7.72019442
10.43175791 7.88294252
10.42765962 8.04563030
10.42291065 8.20831459
10.41956579 8.37118145
10.41883375 8.53419778
10.41979513 8.69681816
10.42115245 8.85872274
10.42110180 9.02142434
10.41725978 9.18683798
10.39923680 9.35073898
10.34913362 9.50313192
10.26207345 9.64011798
10.16649280 9.77361429
10.09251981 9.91667785
10.04557951 10.07306092
10.02063899 10.24211395
10.02180517 10.41476002
10.06293150 10.57299846
10.15745677 10.69912131
10.28939471 10.79947117
10.40719563 10.90945860
10.47276659 11.05443785
10.49779237 11.22208777
10.49987917 11.39281057
10.46515501 11.54881550
10.37205924 11.67602774
10.23556397 11.77488603
10.08148632 11.84980752
9.92310671 11.89484913
9.76325196 11.89547934
9.60693041 11.84623842
9.46428701 11.76083117
9.34407077 11.65306917
9.24375762 11.52426976
9.15846156 11.37242728
9.10409850 11.20903360
9.11156068 11.05529955
9.20003552 10.92857595
9.34510921 10.83145369
9.51235303 10.76138514
9.66598721 10.69893429
9.76949160 10.61541028
9.78633844 10.48202742
9.68000000 10.27000000
