9.68000000 10.27000000
9.70545313 10.09070080
9.66665774 9.93574757
9.58815928 9.79474100
9.49450320 9.65728179
9.41002022 9.51311395
9.34990134 9.35808131
9.31697562 9.19627004
9.30857384 9.03157150
9.30997658 8.86584583
9.30699525 8.70043162
9.30131881 8.53541535
9.30056556 8.37040191
9.30566363 8.20525788
9.31158005 8.04008438
9.31572927 7.87494448
9.32000548 7.70982318
9.32648638 7.54473202
9.33626476 7.37981836
9.35008932 7.21524584
9.36768203 7.05099552
9.38819681 6.88695052
9.41256267 6.72344188
9.44411867 6.56140793
9.48375404 6.40115287
9.52491151 6.24105670
9.56171189 6.07971794
9.60012108 5.91905360
9.64994266 5.76204090
9.71190171 5.60885564
9.77903482 5.45730130
9.84413620 5.30510653
9.90000000 5.15000000
