9.90000000 5.15000000
9.94384671 4.99208961
9.97323059 4.83178077
9.99066591 4.66976183
9.99866697 4.50672109
9.99971099 4.34334481
9.99425189 4.18020591
9.97971815 4.01770782
9.95361053 3.85644895
9.91465685 3.69782831
9.86206862 3.54334560
9.79705989 3.39353791
9.72202472 3.24837240
9.63827272 3.10820341
9.54552140 2.97395653
9.44374398 2.84635188
9.33423838 2.72523793
9.21846512 2.61032786
9.09658190 2.50189880
8.96797250 2.40062000
8.83188702 2.30946673
8.68741458 2.23441868
8.53481033 2.17796616
8.37798703 2.13112588
8.22106357 2.08421628
8.06390866 2.04045130
7.90430158 2.00935856
7.74178771 1.99414755
7.57817354 1.98994990
7.41493528 1.99207288
7.25201463 1.99806889
7.08908261 2.00602526
6.92614944 2.01477475
6.76339316 2.02350249
6.60060080 2.02992979
6.43706187 2.02991849
6.27273614 2.02156244
6.11024582 2.01187069
5.95200081 2.00950859
5.79124214 2.01818324
5.61600933 2.03868015
5.43664687 2.07814135
5.29646360 2.15313394
5.23810887 2.27939343
5.24959571 2.44639317
5.27421280 2.62212193
5.27733883 2.78687470
5.27049697 2.94645260
5.26784499 3.10820569
5.26929693 3.27208935
5.27039657 3.43579011
5.27003930 3.59873451
5.26957304 3.76162233
5.26930505 3.92461307
5.26919972 4.08768827
5.26922137 4.25082938
5.26933429 4.41401788
5.26950279 4.57723524
5.26969119 4.74046292
5.26986379 4.90368241
5.26998490 5.06687517
5.27002608 5.23002643
5.27001297 5.39314951
5.26999498 5.55627003
5.26999469 5.71939974
5.27000033 5.88253258
5.27000163 6.04566321
5.27000028 6.20879235
5.26999989 6.37192176
5.27000027 6.53505175
5.26999936 6.69818190
5.26999798 6.86131189
5.27000050 7.02444151
5.27000766 7.18757082
5.27000839 7.35070066
5.26998957 7.51383198
5.26994792 7.67696501
5.26989325 7.84009901
5.26983629 8.00323317
5.26978773 8.16636670
5.26975831 8.32949879
5.26975873 8.49262863
5.26979972 8.65575541
5.26989198 8.81887834
5.27004541 8.98199667
5.27017733 9.14511663
5.27002892 9.30825767
5.26952024 9.47142582
5.26955810 9.63455285
5.27114825 9.79756309
5.27218507 9.96061495
5.26822918 10.12404248
5.26187338 10.28765058
5.26878495 10.45026042
5.30380906 10.60977168
5.37109683 10.76017412
5.47130615 10.89401861
5.60019808 10.99935511
5.74947818 11.06062380
5.91098824 11.07604841
6.07706623 11.07050242
6.24135863 11.06758466
6.40384833 11.06918925
6.56642950 11.07058044
6.72964010 11.07038785
6.89295679 11.06987630
7.05609168 11.06980162
7.21917609 11.06999873
7.38232830 11.07021074
7.54546235 11.07014014
7.70846606 11.06956688
7.87152559 11.06929510
8.03500865 11.07074564
8.19860640 11.07263655
8.36096431 11.06951125
8.52197385 11.06003447
8.68588608 11.05748978
8.85622621 11.07372451
9.02187821 11.08053934
9.16442789 11.02962851
9.28385566 10.91764624
9.40360868 10.79863098
9.54205016 10.71439286
9.69833860 10.66037254
9.86699308 10.62643352
10.03231645 10.62702900
10.17418901 10.68792571
10.29432179 10.79927602
10.41745682 10.91362231
10.56095445 10.99492493
10.71927727 11.04281822
10.88309219 11.06292609
11.04634815 11.06388970
11.20914696 11.06000684
11.37211473 11.06261559
11.53525693 11.06849861
11.69842806 11.07126058
11.86156084 11.07058080
12.02463981 11.07003723
12.18771512 11.07072863
12.35093687 11.06982666
12.51431062 11.06653777
12.67734064 11.06783185
12.83946101 11.08156088
13.00039841 11.10918103
13.15994748 11.14886005
13.31517012 11.20244139
13.45992903 11.27610639
13.59056521 11.37265168
13.71200400 11.48315536
13.82987492 11.59762176
13.94130749 11.71672430
14.03933577 11.84629186
14.12076936 11.98792304
14.18708152 12.13798558
14.23901247 12.29325887
14.27442956 12.45258624
14.29100010 12.61504243
14.28887345 12.77863766
14.26941510 12.94089012
14.23402766 13.10022405
14.18414681 13.25613012
14.12032053 13.40725114
14.04048849 13.54956565
13.94286902 13.67934525
13.83173746 13.79911644
13.71415631 13.91425835
13.59177858 14.02348592
13.45895648 14.11652521
13.31212684 14.18626538
13.15593465 14.23758567
12.99625771 14.27694848
12.83516471 14.30309234
12.67257774 14.31044858
12.50956271 14.29740539
12.34865113 14.26737554
12.19165540 14.22378392
12.03776305 14.16906651
11.88616514 14.10494402
11.74181579 14.02756078
11.61301981 13.92982610
11.50072266 13.81207966
11.39579185 13.68483343
11.28848353 13.55957167
11.16944266 13.44864555
11.03050120 13.36385618
10.87487294 13.30933203
10.71242133 13.28455859
10.54930524 13.28314416
10.38611019 13.29014506
10.22294957 13.29308490
10.05983785 13.29122223
9.89676451 13.28659881
9.73369868 13.28180439
9.57059808 13.27969960
9.40745937 13.28036770
9.24433506 13.27991973
9.08126054 13.27574144
8.91819414 13.27091257
8.75508342 13.26932137
8.59194331 13.27003828
8.42882722 13.26936983
8.26575340 13.26558230
8.10269073 13.25970941
7.93961524 13.25343073
7.77654071 13.24997193
7.61348458 13.25231447
7.45041932 13.25772729
7.28729354 13.26035460
7.12412794 13.25921497
6.96104113 13.25997583
6.79811300 13.26693335
6.63523727 13.27686616
6.47227091 13.28490280
6.30919813 13.28932501
6.14608282 13.29057842
5.98295180 13.29016618
5.81980928 13.29015846
5.65666867 13.29082811
5.49355678 13.28990267
5.33048640 13.28593977
5.16741683 13.28112869
5.00430206 13.27828498
4.84116161 13.27842381
4.67805168 13.28149865
4.51498440 13.28631471
4.35191099 13.29012122
4.18879435 13.29099199
4.02565292 13.29023225
3.86251486 13.28969398
3.69938648 13.28979245
3.53626189 13.29014032
3.37313507 13.29034153
3.21000000 13.29000000
