0.13999668 0.00000000
0.16406067 -0.40000000
0.68170875 -0.40000000
1.43453985 -0.40000000
1.50000000 -0.40000000
1.50000000 -0.40000000
1.50000000 -0.26553136
1.49999997 -0.15266426
1.49347365 -0.12867453
1.44380781 -0.09548307
1.42139763 -0.07494929
1.40925021 -0.05173597
1.39518259 -0.03392217
1.37159675 -0.02807919
1.36799687 -0.02332552
1.36040404 -0.01956012
1.35400249 -0.01525184
1.34810354 -0.01069697
1.34483840 -0.00642989
1.50000000 0.00725596
1.50000000 0.00485689
1.49077979 0.01309758
1.45942075 0.01633515
1.44313301 0.01350312
1.41993107 0.01085666
1.40666774 0.00256653
1.39046185 -0.00630054
1.38086403 -0.01741694
1.36790902 -0.02775313
1.36115341 -0.04223681
1.35075139 -0.06024689
1.34639383 -0.09328168
1.33790515 -0.13475815
1.33454961 -0.16702135
1.32449955 -0.14830641
1.32003463 -0.06468471
1.31498341 0.02984984
1.31680175 0.10517508
1.50000000 0.24791604
1.48977574 0.09577350
1.45705393 0.05897978
1.43270054 0.05231992
1.41157162 0.04509105
1.39476442 0.04408835
1.38042613 0.04829596
1.36903676 0.05475976
1.35924482 0.06433319
1.35103884 0.07549177
1.34423357 0.08583594
1.33831957 0.08977657
1.50000000 0.16269948
1.49999999 0.06223257
1.48022866 0.05390590
1.45093837 0.05914409
1.42893500 0.06434241
1.40787890 0.06399610
1.39271405 0.06771630
1.37735853 0.06798420
1.36691526 0.07348537
1.35565834 0.07505196
1.34854190 0.07966718
1.34037606 0.07722305
1.50000000 0.13868241
1.50000000 0.05369027
1.48112114 0.04985220
1.45195705 0.05768393
1.42841737 0.06608904
1.40807583 0.07198563
1.39110666 0.08134157
1.37638346 0.08473763
1.37136756 0.09429918
1.35158191 0.08168272
1.34635088 0.09346824
1.33400301 0.09135049
1.33276141 0.09353910
1.50000000 0.14568494
1.49597076 0.05986606
1.46390309 0.05161858
1.43668400 0.05081071
1.41329744 0.04529451
1.39485920 0.03572265
1.37812624 0.02608411
1.36613128 0.01360677
1.35457680 0.00221959
1.34642730 -0.01240687
1.33935951 -0.02234483
1.33236783 -0.03281550
1.31768303 -0.03162105
1.50000000 -0.08526845
1.49322372 -0.03368582
1.46136987 -0.03407580
1.43490637 -0.04081625
1.40853122 -0.04320139
1.38986606 -0.05383177
1.31919531 -0.05051812
1.35119672 -0.04685528
1.32355886 -0.04749055
1.31870734 -0.00679523
1.34076027 0.02648451
1.34632299 0.06566254
1.35764604 0.10892639
1.33891233 0.12025082
1.32956199 0.17647920
1.33029884 0.15654899
1.32549364 0.11201128
1.32310203 0.02718021
1.32033363 -0.07621378
1.31789303 -0.19224260
1.49715595 -0.40000000
1.48690641 -0.40000000
1.45441123 -0.26097579
1.42306613 -0.11631403
1.40487445 0.01118124
1.40236988 0.15681592
1.20434721 0.09988420
1.48821661 0.40000000
1.50000000 0.40000000
1.50000000 0.40000000
1.50000000 0.40000000
1.50000000 0.40000000
1.50000000 0.35250986
1.47858504 0.39446972
1.42506309 0.39781635
1.38148197 0.40000000
1.35564968 0.40000000
1.34006297 0.40000000
1.32481686 0.40000000
1.28879302 0.40000000
1.22601231 0.40000000
1.18229777 0.40000000
1.15968107 0.40000000
1.14945326 0.11654625
1.18828754 -0.40000000
1.45510940 -0.40000000
1.39333596 -0.40000000
1.37126345 -0.40000000
1.34040965 -0.34069284
1.32367893 -0.03629074
1.32619138 0.12631917
1.50000000 0.27878426
1.49999969 0.08828336
1.47943394 0.04793994
1.43863438 0.03390632
1.42627101 0.02612317
1.40235286 0.02043462
1.38880122 0.02213587
1.38226951 0.02515905
1.36442989 0.01968990
1.35867503 0.02432745
1.35600118 0.02763015
1.35082669 0.03440192
1.50000000 0.07821262
1.50000000 0.03653872
1.50000000 0.03794692
1.46658488 0.04743360
1.44702149 0.05289179
1.41457924 0.04605977
1.41014568 0.04411150
1.38758704 0.03697168
1.38686302 0.03109706
1.37318125 0.02577957
1.36577887 0.00942965
1.35568251 -0.00731278
1.35087488 -0.03380271
1.33852486 -0.04941482
1.50000000 -0.15763688
1.50000000 -0.07517900
1.48541541 -0.08195708
1.45257095 -0.08331914
1.42937523 -0.09473059
1.40607198 -0.09718849
1.38919766 -0.10766515
1.37391545 -0.10911682
1.35810845 -0.11037829
1.34551027 -0.10985611
1.34574001 -0.12019688
1.50000000 -0.19441680
1.50000000 -0.09531621
1.46896139 -0.07691999
1.44700810 -0.10241428
1.42057928 -0.10370239
1.39944150 -0.11271501
1.38334737 -0.11774346
1.36758727 -0.11693888
1.35542561 -0.11356564
1.34528724 -0.10707385
1.50000000 -0.18566531
1.50000000 -0.07686576
1.47898859 -0.06667740
1.44909856 -0.06917442
1.42448847 -0.05902892
1.40346507 -0.03823726
1.38625118 -0.01300744
1.37210741 0.01495674
1.36066297 0.04453738
1.35176485 0.07044690
1.34530560 0.07914264
1.34016184 0.03853779
1.33585259 -0.05204962
1.33404525 -0.15984597
1.33438977 -0.27878584
1.33606109 -0.39999990
1.33833351 -0.40000000
1.31715477 -0.40000000
1.28490313 -0.40000000
1.26323786 -0.40000000
1.26042420 -0.21264027
1.47049335 -0.01716805
1.44360044 -0.01118014
1.42398971 0.00542511
1.40322820 0.00689510
1.39305151 0.00875623
1.37662495 0.00302959
1.36647489 0.00210333
1.35486861 -0.00158895
1.34557595 -0.00153044
1.34018287 -0.00232656
1.50000000 -0.00135886
1.50000000 -0.00157014
1.47824316 -0.00053211
1.45214374 -0.00074997
1.41695921 -0.00052871
1.40981873 -0.00026696
1.38096602 -0.00030294
1.38039690 0.00228586
1.35447463 -0.00170369
1.36906557 0.00114512
1.34630071 -0.00051459
1.34136109 0.00098627
1.33124185 -0.00113850
1.50000000 0.00437125
1.49949944 -0.00111463
1.47964269 0.00142980
1.42800852 0.00246602
1.43776093 0.00364600
1.39983764 0.00290627
1.39957744 0.00257413
1.36917789 0.00950443
1.37671638 0.00083817
1.35971853 0.00450080
1.35698842 0.00210992
1.34619432 0.00331444
1.34115449 0.00158310
1.33310842 0.00494629
1.33042995 -0.00174858
1.32684781 -0.00052808
1.32295225 -0.00337087
1.31994861 -0.00530760
1.31741387 -0.01563056
1.31514890 -0.03248555
1.31294412 -0.07396861
1.46711867 -0.36021337
1.47718390 -0.28595353
1.43683462 -0.38052431
1.39524350 -0.38038370
1.35070215 -0.30386389
1.32792145 -0.20447709
1.31400903 -0.12629812
1.30908559 -0.08287691
1.30441407 -0.05359948
1.50000000 -0.04621312
1.48227574 -0.00787220
1.45102738 -0.00060954
1.43127154 0.00192881
1.40909373 0.00606383
1.38608403 0.00903218
1.37119348 0.00989284
1.35464649 0.01312754
1.34354202 0.00592294
1.33214337 -0.00846488
1.32464414 -0.04268299
1.31589248 -0.07803628
1.31293381 -0.12905485
1.30121290 -0.17896924
1.29573327 -0.21632108
1.28535415 -0.19591360
1.27974264 -0.09402082
1.28772884 0.05886004
1.44987452 0.39999998
1.46426268 0.38997302
1.42161185 0.31423148
1.38438681 0.17976217
1.35415655 0.03443016
1.34424823 -0.07246248
1.13130126 -0.02308558
1.36181496 -0.25261854
1.36246187 -0.12520471
1.35469896 -0.09161873
1.50000000 -0.10587063
1.50000000 -0.02484831
1.49526346 -0.01064909
1.46475062 -0.00543070
1.44109487 0.00469527
1.41911354 0.01745555
1.40360900 0.03723012
1.38808031 0.05920655
1.37768693 0.08897849
1.36602926 0.11261097
1.35841743 0.13356450
1.50000000 0.25957371
1.49999934 0.12331208
1.47643033 0.10226515
1.44697448 0.12051796
1.41991864 0.12762829
1.40015842 0.14308805
1.38005995 0.14964696
1.36707468 0.16508148
1.35280056 0.16853028
1.34439635 0.18096139
1.50000000 0.32339147
1.49743757 0.14672115
1.45464647 0.11292012
1.42535719 0.13521049
1.40637213 0.15563287
1.38686231 0.15522793
1.37102490 0.15834725
1.35638242 0.15685232
1.34635934 0.16354094
1.50000000 0.29659671
1.49898784 0.14186021
1.45469239 0.12266883
1.43105121 0.16497900
1.40505293 0.16140926
1.38312221 0.16729168
1.36533631 0.17723188
1.35176290 0.18590824
1.33722523 0.19506149
1.31953218 0.19148086
1.31460158 0.18983487
1.30637527 0.17031908
1.30515770 0.13973029
1.28968793 0.11679797
1.29314723 0.05501362
1.29528921 -0.01456703
1.29891975 -0.10293879
1.48301581 -0.39999999
1.46616017 -0.20950827
1.43753856 -0.12417728
1.40135795 -0.07247844
1.38521750 -0.03287555
1.36914511 -0.01803322
1.35923760 -0.01253077
1.35066847 -0.01115455
1.34338119 -0.01202627
1.33796374 -0.01108609
1.33464461 -0.01141585
1.50000000 -0.01061853
1.49999997 -0.00471960
1.47967181 -0.00362037
1.44124879 -0.00153741
1.42229869 -0.00129387
1.40841888 -0.00209527
1.39531622 -0.00451651
1.37805202 -0.00574476
1.35898858 -0.00826743
1.35320032 -0.00849170
1.35037989 -0.00787157
1.34529046 -0.00534038
1.50000000 -0.01062979
1.50000000 -0.00366622
1.48937350 -0.00023117
1.46380667 0.00348310
1.43798261 0.00456141
1.41826221 0.00625683
1.40182168 0.00465901
1.38805123 0.00588037
1.37715868 0.00297665
1.36814581 0.00532371
1.36165467 -0.00038780
1.50000000 -0.00253595
1.50000000 -0.00384120
1.50000000 -0.00012616
1.49976164 -0.00176194
1.47818958 0.00164794
1.46203920 0.00119067
1.45066445 0.00166384
1.50000000 0.00206144
1.49999990 -0.00152859
1.49999999 0.00251450
0.36582295 0.01427254
0.30695169 0.02592156
