11.77561882 1.89913619 0.04775777
11.85810413 1.90149468 0.00941230
11.93747598 1.90163968 -0.00575873
12.03552787 1.89985559 -0.03062797
12.12150338 1.89688381 -0.03847518
12.22649964 1.89151154 -0.06376832
12.35053094 1.88168930 -0.09428506
12.49305804 1.86496129 -0.13938037
12.63378550 1.84046020 -0.20537028
12.77105639 1.80728143 -0.26893877
12.90415898 1.76534486 -0.34150934
13.03217308 1.71510654 -0.40644140
13.15358303 1.65847872 -0.46640491
13.27228329 1.59294743 -0.54246292
13.39572532 1.50889808 -0.65309488
13.51122601 1.41520380 -0.70997241
13.61990556 1.31801173 -0.74934111
13.72578458 1.21918825 -0.75254786
13.83024422 1.12233668 -0.74269917
13.93690417 1.02912228 -0.69375958
14.04712306 0.94360413 -0.62597684
14.16407282 0.86854743 -0.51518132
14.28623199 0.80809050 -0.40394205
14.41509861 0.76341785 -0.26344688
14.56302258 0.73744118 -0.08422469
14.71226142 0.73075139 -0.00536737
14.85773680 0.72994922 -0.00566085
15.00207214 0.72839117 -0.01592755
15.14414527 0.72354707 -0.05223782
15.28496617 0.71528243 -0.06500568
15.42441838 0.70511062 -0.08061880
15.56274073 0.69434363 -0.07474756
15.71593371 0.68507023 -0.04617306
15.86729020 0.68036037 -0.01604222
16.01610723 0.68019853 0.01386719
16.16232989 0.68572918 0.06174372
16.30608136 0.69972905 0.13242278
16.44606357 0.72632281 0.24306165
16.58019717 0.77017451 0.38888340
16.70388275 0.83476260 0.57360888
16.81276435 0.92028258 0.75799060
16.91015475 1.03751973 0.99722259
16.97811666 1.16983170 1.19535595
17.02225991 1.30830569 1.32903812
17.05082638 1.44768287 1.40823794
17.06359810 1.54378691 1.46911368
17.07230518 1.63789484 1.48795968
17.07905716 1.73140959 1.50947854
17.08486877 1.82288990 1.50522766
17.09047088 1.91422972 1.51385308
17.09613841 2.00333446 1.50070037
17.10219172 2.09275963 1.50571567
17.10845530 2.18032338 1.49305708
17.11515357 2.26819196 1.49636876
17.12190075 2.35456527 1.48930747
17.12883972 2.44134785 1.49270856
17.13550716 2.52700576 1.49352128
17.14178574 2.61209072 1.50075455
17.14732400 2.69718252 1.51085019
17.15216856 2.78033212 1.51434762
17.15599673 2.86443641 1.53627397
17.15842530 2.94662953 1.54624156
17.15863923 3.07422378 1.59199784
17.14507222 3.21625152 1.74006417
17.11194774 3.35572665 1.86787635
17.06086363 3.48580419 2.02214669
16.98745322 3.60440873 2.22792150
16.89269461 3.70370769 2.43768205
16.78141384 3.78167931 2.62314611
16.66054028 3.83863492 2.77935261
16.53432684 3.87887757 2.88652111
16.40687598 3.90836449 2.94194659
16.27880166 3.93650883 2.90861492
16.14371020 3.98515372 2.68330237
16.01958658 4.06546867 2.45127707
15.91997933 4.16860768 2.22627627
15.84582315 4.28854157 2.02286270
15.79443844 4.41541218 1.88837709
15.75860319 4.54693162 1.78524291
15.73543413 4.69638296 1.66395588
15.72497936 4.84444280 1.61862634
15.71916024 4.99011724 1.60281604
15.71441982 5.13378354 1.60474471
15.70906316 5.27575896 1.61227120
15.70175942 5.41627489 1.63318392
15.69183526 5.55355130 1.65274422
15.68016855 5.69052325 1.65879006
15.66823326 5.82704922 1.65720193
15.65802818 5.96305318 1.63418047
15.65135175 6.09821475 1.60612383
15.65460288 6.24793051 1.49204489
15.67215271 6.39567969 1.41309318
15.70028710 6.53893727 1.34065503
15.73779268 6.67771387 1.27303184
15.78365745 6.81165505 1.20873998
15.83590701 6.94044490 1.16203821
15.89235879 7.06489533 1.12785285
15.95134890 7.18684495 1.11265338
16.00963968 7.30792808 1.13160661
16.06472283 7.43051882 1.16540022
16.11589410 7.57004640 1.27316187
16.15440765 7.71037552 1.33271817
16.18453089 7.84927116 1.38173590
16.20765648 7.98853070 1.43073796
16.22314733 8.12771392 1.48917057
16.23338306 8.26641328 1.50509318
16.24006572 8.40152052 1.53765623
16.24448209 8.54058755 1.54044345
16.24852407 8.67432695 1.54072208
16.25095713 8.81645741 1.56663696
16.25110798 8.95798438 1.57282394
16.24893952 9.09782746 1.59977890
16.24566551 9.23885450 1.58823641
16.25599695 9.39281150 1.41934512
16.28937627 9.54430564 1.28850969
16.34142454 9.68770520 1.15673635
16.40878353 9.82193537 1.05465590
16.48521090 9.94893739 1.00348118
16.56388962 10.07279887 1.00628839
16.64368186 10.21330178 1.10233322
16.70311083 10.36139927 1.27603596
16.73365745 10.51518813 1.47340670
16.72831464 10.68033229 1.73286815
16.68197781 10.83589312 1.98772670
16.60209675 10.96943654 2.23200492
16.49747374 11.07876897 2.43636867
16.37723001 11.16475141 2.60528213
16.23194011 11.22821957 2.85419378
16.07512703 11.25395361 3.10367823
15.92152631 11.24116642 3.34562316
15.78000827 11.19410137 3.57969395
15.65620101 11.11781814 3.80790405
15.55517769 11.01837227 4.03034034
15.47943223 10.90080194 4.24978338
15.43166617 10.77184025 4.46554968
15.41267130 10.63729244 4.67873072
15.42203815 10.50475757 4.88716179
15.45719250 10.38061927 5.08953930
15.52228266 10.25752021 5.30802255
15.60707886 10.15098559 5.46128805
15.69287322 10.04780638 5.35081037
15.76146073 9.93139766 5.13884202
15.80371352 9.80472616 4.92984851
15.82503980 9.65960911 4.78675891
15.83352104 9.51549246 4.75558308
15.83999773 9.37350271 4.76035919
15.84748843 9.23320011 4.77109674
15.85597226 9.09405724 4.77547457
15.86496251 8.95616900 4.77951824
15.87354901 8.81903980 4.77032869
15.88070001 8.68271841 4.75926699
15.88546558 8.54882434 4.73666512
15.88052660 8.39912128 4.62215307
15.86175829 8.25156454 4.54959589
15.83195331 8.10838409 4.46471642
15.79088615 7.97083042 4.37980265
15.73995926 7.84034041 4.30078712
15.68074857 7.71510257 4.24071032
15.61711086 7.59265068 4.22550826
15.55426157 7.47321949 4.23043484
15.49448124 7.35171474 4.27988890
15.44240275 7.22895343 4.34246014
15.39935558 7.10065341 4.43488393
15.36785189 6.96859617 4.52152647
15.34965845 6.81880855 4.66151244
15.34395176 6.66835921 4.68744002
15.34115364 6.52049017 4.69949643
15.33813878 6.37416306 4.68408023
15.33366708 6.22947421 4.67890614
15.32882859 6.08703627 4.67795976
15.32446020 5.94596308 4.68490720
15.32122497 5.80647996 4.69349019
15.31977393 5.66806126 4.71032256
15.32210305 5.51571571 4.74502985
15.32839442 5.36493567 4.76315075
15.33663953 5.21708924 4.77304795
15.34612947 5.07170464 4.78209445
15.35468442 4.92830369 4.76185735
15.35708148 4.78624063 4.69666385
15.34449989 4.64625844 4.54883600
15.30764541 4.51182212 4.34080743
15.24386556 4.38929580 4.12408202
15.15719012 4.28524267 3.91162210
15.03743131 4.19385920 3.67518105
14.90396321 4.13442464 3.44589652
14.76528895 4.10036509 3.31897086
14.62747446 4.08054584 3.24987805
14.48916061 4.06866230 3.20472073
14.35173919 4.06210372 3.17384425
14.21509470 4.05850647 3.16198020
14.07909031 4.05616666 3.15560958
13.92620663 4.05368198 3.16007704
13.77607222 4.05106390 3.15798117
13.62980525 4.04863910 3.15835699
13.48614354 4.04622483 3.15843554
13.34306619 4.04421376 3.15285965
13.20130314 4.04266349 3.15219607
13.06077095 4.04155770 3.14672606
12.92128605 4.04086641 3.14637126
12.78309963 4.04052768 3.14171645
12.64684568 4.04064270 3.13978066
12.49348703 4.04075720 3.14191133
12.34269494 4.04079297 3.14079963
12.19436603 4.04092441 3.14061342
12.04823689 4.04083697 3.14376852
11.90396098 4.04054553 3.14345689
11.76127532 4.04003769 3.14684674
11.61992200 4.03950224 3.14391461
11.47973201 4.03901124 3.14627531
11.34050917 4.03854000 3.14367960
11.18452954 4.03815829 3.14440009
11.03149948 4.03771404 3.14459126
10.88077486 4.03724823 3.14477491
10.73200117 4.03692566 3.14274678
10.58489682 4.03642365 3.14726376
10.43916242 4.03569336 3.14594372
10.29453016 4.03486353 3.14871647
10.17699581 4.03380662 3.15245294
10.07498323 4.03255268 3.15531533
9.97532071 4.03112872 3.15644358
9.87787503 4.02953805 3.15938615
9.78240013 4.02785209 3.15911282
9.68883057 4.02608266 3.16188873
9.59685349 4.02419463 3.16234508
9.50659867 4.02233382 3.16206903
9.41756693 4.02052486 3.16174684
9.33015718 4.01871602 3.16282018
9.24399997 4.01689866 3.16254601
9.16001292 4.01521099 3.16082272
9.07672281 4.01358981 3.16128618
8.99559286 4.01203655 3.16018508
8.91539821 4.01049801 3.16136576
8.83843833 4.00907629 3.15876218
8.76193013 4.00772227 3.15981506
8.69640135 4.00660850 3.15736029
8.63133180 4.00558405 3.15731008
8.52426130 4.00411302 3.15335131
8.41791088 4.00286802 3.15324614
8.27665803 4.00212948 3.14039608
8.13389635 4.00150079 3.15159672
7.99649546 4.00038245 3.14786676
7.85618521 3.99904248 3.15441808
7.71900288 3.99711840 3.15681673
7.57934113 3.99516199 3.15438320
7.44288953 3.99277455 3.16379175
7.30416978 3.99055118 3.15144629
7.15009443 3.98908953 3.15071167
6.99776091 3.98820712 3.14405870
6.84884521 3.98743402 3.14950958
6.70155949 3.98620925 3.15030661
6.55633854 3.98461974 3.15476878
6.41297432 3.98324164 3.14764110
6.27106608 3.98351729 3.13165926
6.13064935 3.98785030 3.08982926
5.97837668 4.00651999 2.94935988
5.83097761 4.04428819 2.83215658
5.69216923 4.09805997 2.71186642
5.56445450 4.16879816 2.55968976
5.45196651 4.25662595 2.39767985
5.35790205 4.36175622 2.20371782
5.28711905 4.48145749 2.00591561
5.23982337 4.60987827 1.84142146
5.20823094 4.75764084 1.72143920
5.18949269 4.90402952 1.67477564
5.17637402 5.04860856 1.64779546
5.16727979 5.19180108 1.62064784
5.16224576 5.33426627 1.59158570
5.16143916 5.47542147 1.56143540
5.16428153 5.61588197 1.53969071
5.17109317 5.77269860 1.51508259
5.18000862 5.92729085 1.51129608
5.18865563 6.07899835 1.51642406
5.19593502 6.22961171 1.52858039
5.20184221 6.37861092 1.53376229
5.20622289 6.52701931 1.54881204
5.20692398 6.69317280 1.58434150
5.20427074 6.81202678 1.60189093
5.20099376 6.91448609 1.60364631
5.19714036 7.01528865 1.61436351
5.19259494 7.11283027 1.62036133
5.18763268 7.20956145 1.62374046
5.18292642 7.30350899 1.61795761
5.17872146 7.39706964 1.61346207
5.17542492 7.48815367 1.60048352
5.17298853 7.57901384 1.59472567
5.17140316 7.66781107 1.58257094
5.17044032 7.75628172 1.58078704
5.16984495 7.84282478 1.57456430
5.16925309 7.92881319 1.58079436
5.16824986 8.01258599 1.58474828
5.16627345 8.09577439 1.60435187
5.16258795 8.17706518 1.62785328
5.15646666 8.25725566 1.66611271
5.14767753 8.33425697 1.70278118
5.13606094 8.41016431 1.74252817
5.11455882 8.52485348 1.76972499
5.08896066 8.63778406 1.81767753
5.05808340 8.75017910 1.86012853
4.99984038 8.89069004 2.06736614
4.92463791 9.02005227 2.12738710
4.84366447 9.14457471 2.16733821
4.75928754 9.26348828 2.20848802
4.67032497 9.37719117 2.26095363
4.57753465 9.48454971 2.30611779
4.47993976 9.58654199 2.36221353
4.37810550 9.68164426 2.41851588
4.27079607 9.76998537 2.48716900
4.14253110 9.85601751 2.61438492
4.00849300 9.92777452 2.68575167
3.87359142 9.98962599 2.73764461
3.73603331 10.04293646 2.80608739
3.59849026 10.08546436 2.87735215
3.45792930 10.11739346 2.95910410
3.31738004 10.13876601 3.02226443
3.15754269 10.15001195 3.12043513
3.00148804 10.15064902 3.15458556
2.84576919 10.14674464 3.17873572
2.69200236 10.14017913 3.18979345
2.53777228 10.13105744 3.21154101
2.43046124 10.12333514 3.21532025
2.32519539 10.11534055 3.21946749
2.23332113 10.10865432 3.20901332
2.14231169 10.10243964 3.21053247
2.05147033 10.09692527 3.19391077
1.96176911 10.09213148 3.19605634
1.86147169 10.08727712 3.18385275
1.76308397 10.08300143 3.18619319
1.66617654 10.07843372 3.19119196
1.57130241 10.07271216 3.21246097
1.47772716 10.06473242 3.24086514
1.38618190 10.05335225 3.28967522
1.29599828 10.03730528 3.34569719
1.20842002 10.01557248 3.42396715
1.12358087 9.98714105 3.50593626
1.04270144 9.95189153 3.59926152
0.96788947 9.91134458 3.67726108
0.89724119 9.86587622 3.74963269
0.83316153 9.81908858 3.79490128
0.77203097 9.77052243 3.83099899
0.68318890 9.69489545 3.86262708
0.59904547 9.61466670 3.94373169
0.52548492 9.52920843 4.05961077
0.46039691 9.43061898 4.19815313
0.40217954 9.29125698 4.43521058
0.37396824 9.14275803 4.61408901
0.36320146 8.99384184 4.66633824
0.35803469 8.84614395 4.68850421
0.35449075 8.70071255 4.68754646
0.35102982 8.55692121 4.68910259
0.34509482 8.41717264 4.65078811
0.33638162 8.27717128 4.64967711
0.32583160 8.13990430 4.62168717
0.31434351 8.00163717 4.63729919
0.30414375 7.86500170 4.63845637
0.29850631 7.71292795 4.71221466
0.30263099 7.56136311 4.76697776
0.31436429 7.41403165 4.81674226
0.33840084 7.26910580 4.93675166
0.38089821 7.13113408 5.08561382
0.44546824 7.00319122 5.27393128
0.53142817 6.89471729 5.49108465
0.63953019 6.80679990 5.70971147
0.75933719 6.74495791 5.90364372
0.90421885 6.70401720 6.11192715
1.05104264 6.68516087 6.19898527
1.19682641 6.67439032 6.21989265
1.34037389 6.66575901 6.22636531
1.48286595 6.65651846 6.21048750
1.62357893 6.64342890 6.17037087
1.76248012 6.62242434 6.09583503
1.90819300 6.57617697 5.85587390
2.03997839 6.50066576 5.66985757
2.15371166 6.40321883 5.47965326
2.24596573 6.29045321 5.31649116
2.31874548 6.16721067 5.17515713
2.37198659 6.04051315 5.04525461
2.40999927 5.90727436 4.93535167
2.43423925 5.77303922 4.84673285
2.44800823 5.62238024 4.76032215
2.45275431 5.47424296 4.72851064
2.45564676 5.32777216 4.73575743
2.45982441 5.18362953 4.74696975
2.46658435 5.04059093 4.77225702
2.47866555 4.89962036 4.82350356
2.49925371 4.76034701 4.89479973
2.53119941 4.62355373 4.98882022
2.59014926 4.47954978 5.21306084
2.67207493 4.34858508 5.32971422
2.76434346 4.22991719 5.41684854
2.86805531 4.12059319 5.52605040
2.98033234 4.02541540 5.63399998
3.10093392 3.94443369 5.74971373
3.22713477 3.88040404 5.87761556
3.35961533 3.83294080 6.00071623
3.49416672 3.80159122 6.10783543
3.63035777 3.78187197 6.17095158
3.76544670 3.76829071 6.19502105
3.90045292 3.75350566 6.15319121
4.04627595 3.71899785 5.94844508
4.18361056 3.66083863 5.81675116
4.30930929 3.58457620 5.65894485
4.41975413 3.49034091 5.49468872
4.51236206 3.38108528 5.33631772
4.58459096 3.26517665 5.20300152
4.64067391 3.13780734 5.05132228
4.67744942 3.00734409 4.92296557
4.69745113 2.85578021 4.76423365
4.70094910 2.70553469 4.70709929
4.69953985 2.55733566 4.69866097
4.69752725 2.41142855 4.69853127
4.69655812 2.26702107 4.71282469
4.69812903 2.12429397 4.73396517
4.71049086 1.96759137 4.84826114
4.73755821 1.81479219 4.92716588
4.77635184 1.66742397 5.01241839
4.82619242 1.52697235 5.09435431
4.88853837 1.39292212 5.20109349
4.96434159 1.26803043 5.31471513
5.05409016 1.15480282 5.45053500
5.15683063 1.05675649 5.59178827
5.28934517 0.97219122 5.83857106
5.43271573 0.91677721 5.99015482
5.57715161 0.87815021 6.05357932
5.72018565 0.84735756 6.08869996
5.86174654 0.82187638 6.12148186
6.00218932 0.80113654 6.15165870
6.14221646 0.78429301 6.17528701
6.29958687 0.76997797 6.20965490
6.45424294 0.75998662 6.22768768
6.60644644 0.75213062 6.23554428
6.75635502 0.74555060 6.24309561
6.90484481 0.74028093 6.25232784
7.05237347 0.73601871 6.25627724
7.19910001 0.73204050 6.25588058
7.36423405 0.72828119 6.26496749
7.48099328 0.72616025 6.26507689
7.58223727 0.72434104 6.26536056
7.68116074 0.72268380 6.26750760
7.76715922 0.72139283 6.26884220
7.85260901 0.72015404 6.26853576
7.93741379 0.71908489 6.27262200
8.02151898 0.71824759 6.27383842
8.10496960 0.71755607 6.27595930
8.18782158 0.71706817 6.27863400
8.26997800 0.71677165 6.28051821
8.35124399 0.71656925 6.28087120
8.43136662 0.71648311 6.28334922
8.51009914 0.71655762 6.28491406
8.58778294 0.71669179 6.28491089
8.66433921 0.71688631 6.28654127
8.73920185 0.71722668 6.28892256
8.81178199 0.71764046 6.28885009
8.87458153 0.71799520 6.28881779
8.97998343 0.71864617 6.28990491
9.08515019 0.71926656 6.28826370
9.22817757 0.71989141 6.28684436
9.37040832 0.72014791 6.28313305
9.51103328 0.71995288 6.28046380
9.64891686 0.71948462 6.27911472
9.78665256 0.71906613 6.28117926
9.92442313 0.71876621 6.28083738
10.07900299 0.71830964 6.27962601
10.23045343 0.71789112 6.28121785
10.37919344 0.71757420 6.28089133
10.52570493 0.71732109 6.28202422
10.67028466 0.71709445 6.28121120
10.81316149 0.71690454 6.28250101
10.95457969 0.71671751 6.28122453
11.09473593 0.71655818 6.28287250
11.23381554 0.71638904 6.28106591
11.38952104 0.71618774 6.28271900
11.54221447 0.71598371 6.28097926
11.69234010 0.71576230 6.28244163
11.84031331 0.71552215 6.28068314
11.98646879 0.71524326 6.28187117
12.13111545 0.71492846 6.28014676
12.27451647 0.71451807 6.28050019
12.43489858 0.71391034 6.27829197
12.59223262 0.71308335 6.27756618
12.74704594 0.71216142 6.27689432
12.89981348 0.71115776 6.27633673
13.05097046 0.71009394 6.27595852
13.20091983 0.70896395 6.27534073
13.36922308 0.70742209 6.27270799
13.40482830 0.70706105 6.27338318
13.43574363 0.70678705 6.27526215
13.46259365 0.70659423 6.27674587
13.48598191 0.70645787 6.27796395
