0.89346852
1.57112274
1.78111573
1.32592034
0.87682321
0.64389258
0.50760778
0.32780154
0.14276879
0.03478273
0.03734045
0.04015944
0.04328920
0.04678619
0.05071584
0.05515489
0.06019418
0.06594196
0.00504713
0.05839850
0.12366706
0.18932768
0.25257399
0.55408135
0.75844487
0.07375261
0.54723818
0.48384624
0.37967728
0.25735620
0.13040614
0.18828308
0.24748634
0.30599399
0.35960592
0.33609245
0.31448639
0.29559753
0.27986040
0.26746520
0.25846441
0.25285006
0.25060469
0.25173116
0.25626558
0.26427499
0.27583891
0.29101052
0.30975096
0.33182983
0.35668867
0.38327811
0.34366021
0.29667011
0.24701171
0.19788696
0.15098796
0.10683950
0.06520101
0.02539358
0.01347295
0.05234683
0.09211439
0.13347146
0.17674920
0.22167019
0.26704585
0.31049860
0.34840020
0.07697563
0.19052029
0.47366425
0.75345083
0.92371967
0.27985910
0.24307340
1.01211962
2.23489655
1.13375564
0.26386332
0.35286522
1.04503129
1.20977616
1.62801239
2.12106334
1.96805920
1.18145905
1.20973244
1.85507330
1.19594274
0.66861164
3.06284439
3.22816685
0.05853082
2.64977973
3.39899909
1.09695692
0.10760916
0.59260724
0.52914375
0.37813405
0.18678964
0.00817177
0.02415653
0.05488349
0.08518065
0.11598240
0.14797649
0.18154218
0.21662952
0.25258652
0.28797339
0.19694085
0.10737514
0.01918846
0.07014935
0.16372308
0.26320203
0.36616795
0.46291999
0.43119075
0.40530954
0.38680519
0.37642483
0.37456873
0.38155165
0.39769492
0.42324225
0.45805676
0.45431722
0.44153463
0.42197863
0.39819976
0.37255018
0.34690581
0.32258484
0.30039750
0.16558838
0.04468155
0.07956169
0.22874542
0.43005688
0.37984577
0.78610824
1.08787435
4.32390329
1.87516223
0.41965294
0.20244178
0.07216242
0.00532507
0.09302214
0.04054082
0.01598987
0.01406481
0.01209779
0.01009667
0.00806941
0.00602411
0.00396886
0.00191176
0.00013913
0.00217590
0.00419074
0.00617608
0.00812455
0.01002908
0.01188289
0.01367958
0.01541311
0.01707786
0.01349946
0.04416401
0.07606095
0.11030198
0.14793535
0.10652471
0.39309870
0.70987514
0.96830412
0.90596790
0.98127920
1.17400826
1.40116889
0.79332159
0.31167924
0.04039284
0.38273256
0.29160054
0.18550642
0.07041826
0.05398020
0.19116929
0.34257907
0.49924084
0.63249398
0.69752073
0.10080092
0.47709375
1.32827852
2.15530483
0.64143813
0.28171356
0.45264193
0.63823056
0.49493746
0.34011107
0.19556708
0.06311822
0.06487927
0.20409061
0.35715203
0.52111478
0.66972102
0.60424770
0.55823538
0.53491321
0.53486158
0.55791925
0.60313897
0.66683153
0.73876877
0.68260660
0.63023841
0.59176362
0.57131993
0.56965305
0.58549771
0.61548178
0.65290022
0.68637130
0.62496404
0.62535313
0.69328435
0.84305616
0.65912177
0.38279065
0.11628587
0.10598430
0.37838090
0.75803939
1.32012738
0.61304017
0.10239593
0.07035479
0.04231007
0.01652904
0.00851618
0.00891100
0.00929128
0.00965480
0.00999940
0.01032307
0.01062391
0.01090021
0.01115044
0.00919872
0.00725566
0.00531998
0.00339036
0.00146540
0.00045631
0.00237618
0.00429562
0.00621602
0.00813871
0.01006499
0.01199605
0.01393301
0.01587685
0.01782845
0.01978851
0.02175757
0.02175757
0.02175757
0.02175757
0.02175757
0.02175757
0.02175757
0.02175757
0.02175757
0.02175757
0.02175757
0.02175757
0.02175757
0.02175757
0.02175757
0.02175757
0.02175757
0.02175757
0.02175757
0.02175757
0.02175757
0.02175757
0.02175757
0.02175757
0.02175757
0.02175757
0.02175757
0.02175757
0.02175757
0.02175757
0.02175757
0.02175757
0.02175757
0.02175757
0.02175757
0.02175757
0.02175757
0.02175757
0.02175757
0.02175757
0.02175757
0.02175757
0.02175757
0.02175757
0.02175757
0.02175757
