0.08405175
0.12891300
0.17968781
0.23615549
0.29729264
0.36087823
0.42317216
0.47890953
0.52190122
0.54636743
0.54868521
0.52875042
0.49014108
0.23776660
0.03677873
0.16088159
0.40478350
0.75795174
1.28752657
1.18784451
0.87918757
0.50625727
0.16370538
0.12079889
0.06787937
0.02519672
0.01160663
0.04567024
0.07949633
0.11533430
0.31255490
0.56960763
0.93282020
1.41541717
1.87463526
1.46213784
1.09010510
0.83930891
0.70033546
0.65965919
0.73852638
0.67019646
0.42262183
0.00367160
0.54740697
1.06986308
0.72891143
0.41256717
0.13954902
0.09098959
0.28474740
0.44495607
0.57006085
0.65472308
0.69342041
0.68519804
0.63670672
0.84667408
1.31206185
2.16067177
1.84830144
1.11970004
0.55351152
0.26284531
1.60630839
6.34486737
3.14685382
0.80182241
0.39838365
0.05289378
0.25363329
0.18665495
0.12625889
0.07018803
0.03258929
0.00500322
0.04443275
0.08778140
0.13753425
0.24503971
0.35786571
0.46697011
0.55895284
0.61861163
0.63467477
0.31536633
0.05758147
0.17867125
0.43027755
0.72241499
0.65072540
0.55256378
0.44401777
0.33559939
0.23176807
0.13252141
0.01261208
0.16330693
0.32725637
0.50859556
0.70113761
0.87943277
0.85720313
0.76027943
0.62299076
0.21499587
1.23262702
3.06900635
2.53773995
1.73110486
1.27223064
1.12234516
1.20636952
1.41655660
1.93127502
2.60423688
0.88921178
0.58360970
2.52900431
1.86398446
1.02544069
0.45248971
0.04440170
0.36287753
0.31128139
0.22540700
0.11736867
0.60088007
0.05759911
0.00014640
0.22381498
0.14042835
0.22106980
0.28481305
0.34756382
0.29931534
0.24236230
0.18166258
0.12029695
0.05961899
0.00019993
0.05562769
0.11191634
0.16992182
0.22957428
0.28927636
0.25982879
0.22900480
0.19825734
0.16848288
0.14010513
0.11318871
0.08754355
0.06280356
0.03847695
0.01397180
0.01139727
0.03098802
0.52091966
0.15411094
0.00582901
0.00975843
0.02275651
0.01976757
0.01729652
0.01522487
0.01346319
0.01194242
0.01052803
0.00912404
0.00772795
0.00633724
0.00494940
0.00356191
0.00217221
0.00077774
0.00062412
0.00203601
0.00346062
0.00615778
0.00885526
0.01153799
0.01419090
0.01679907
0.01934792
0.02182337
0.02421197
0.02650109
0.02867903
0.03073519
0.03266010
0.18105833
0.34335894
0.53314730
0.75535890
0.99184678
1.18386977
1.07256213
0.98489663
0.92732205
0.89809032
0.89117681
0.66870783
0.48306720
0.33416605
0.20863088
0.08793163
0.05378368
0.49029584
1.28820177
2.19068890
2.38771122
1.62570090
0.63458228
0.34567763
0.23195361
0.40195440
0.35119081
0.05585474
0.08831100
0.19652848
0.30818052
0.45289902
0.66891670
2.56813226
65.61784974
47.09016928
1.34499764
0.34308387
0.21647894
0.34047641
0.48107999
0.62226799
0.73587741
0.78982470
0.64389554
0.53216826
0.45173371
0.39781685
0.36697046
0.35860546
0.78903452
0.95674479
0.79561470
0.39295553
0.33987045
0.47966035
0.54613629
0.35779258
0.16156318
0.71377969
0.89208265
0.49484687
0.33601313
0.27710305
0.29132743
0.45021907
0.36737717
1.97864218
1.86150760
0.59357441
0.39393992
0.39806010
0.23181576
0.09218018
0.03353572
0.15711483
0.28895094
0.30419611
0.31736397
0.32786585
0.33518289
0.33892042
0.33885413
0.15726759
0.01860969
0.19697942
0.38558226
0.58475679
0.77800102
0.52559269
0.28395714
0.05932242
0.15971799
0.38755552
0.62940929
0.41897148
0.20168980
0.01157222
0.22105102
0.42641036
0.08655404
0.22361755
0.47016508
0.76673572
1.37648714
2.52890607
2.07437982
1.27998793
0.70957219
0.34287761
0.04953956
0.05541492
0.05800228
0.05647245
0.05091129
0.04234033
0.03233031
0.02194016
0.01491472
0.00937520
0.00397354
0.00291588
0.00352247
0.00411162
0.00457934
0.00478970
0.00460818
0.00395837
0.00287743
0.00152981
0.00015655
0.00101553
0.00184883
0.00101131
0.00043239
0.00013985
5.27859466
79.66297758
0.00111166
0.00151137
0.00191970
0.00231023
0.00265471
0.00292722
0.00222046
0.00151968
0.00082405
0.00013270
0.00055518
0.00124043
0.00192385
0.00260624
0.00328840
0.00397113
0.00465521
0.00534144
0.00603060
0.00672348
0.00742089
0.00812362
0.00883248
0.00954829
0.01027188
0.01100408
0.01174575
0.01249776
0.01249776
0.01249776
0.01249776
0.01249776
0.01249776
0.01249776
0.01249776
0.01249776
0.01249776
0.01249776
0.01249776
0.01249776
0.01249776
0.01249776
0.01249776
0.01249776
0.01249776
0.01249776
0.01249776
0.01249776
0.01249776
0.01249776
0.01249776
0.01249776
0.01249776
0.01249776
0.01249776
0.01249776
0.01249776
0.01249776
0.01249776
0.01249776
0.01249776
0.01249776
0.01249776
0.01249776
0.01249776
0.01249776
0.01249776
0.01249776
0.01249776
0.01249776
0.01249776
0.01249776
0.01249776
