0.90812056
1.18369073
1.45423174
1.64622200
1.69912783
1.61172919
1.43777145
1.24108016
1.06401933
0.92510682
0.82915072
0.74790213
0.65205643
0.55083977
0.45055316
0.35455554
0.26389216
0.17803628
0.09548954
0.01418568
0.06826289
0.06614688
0.06375517
0.06109887
0.05819200
0.05505138
0.05169638
0.04814861
0.04443166
0.04057069
0.03659212
0.03252316
0.02839151
0.02422490
0.02005076
0.01589585
0.01178594
0.00774552
0.00379753
0.00003685
0.00493865
0.00978586
0.01469424
0.01978029
0.02516736
0.03099227
0.03741306
0.04461860
0.05284116
0.06237337
0.34915464
0.65093544
0.93898520
1.16138015
1.25846220
0.61400091
0.12557623
0.31642666
0.81600743
0.80214355
0.75718008
0.68755852
0.60155214
0.50693819
0.40961071
0.31320219
0.21935233
0.12822844
0.03905142
0.07243456
0.10606787
0.14016415
0.17487615
0.21027397
0.24631846
0.28283104
0.31946248
0.35566515
0.34892752
0.34195156
0.33485111
0.32772926
0.32067777
0.31377702
0.30709637
0.30069484
0.29462193
0.28891866
0.28361852
0.27874859
0.27433046
0.27038122
0.26691424
0.26394002
0.26146679
0.25950108
0.25804823
0.25711274
0.25669859
0.25680943
0.25744870
0.25861968
0.26032544
0.26256871
0.26535161
0.26867540
0.27253995
0.27694325
0.28188071
0.28734436
0.29332190
0.29979563
0.30674123
0.31412644
0.32190964
0.33003844
0.33844821
0.33707313
0.33433009
0.33028557
0.32502905
0.31866884
0.31132747
0.30313681
0.29423335
0.28475380
0.27483131
0.22341918
0.17460905
0.12810041
0.08343287
0.04005043
0.00265402
0.04530739
0.08853140
0.13291754
0.14251001
0.15233361
0.16237060
0.17259547
0.18297398
0.19346224
0.20400591
0.21453952
0.22498615
0.23525737
0.20269188
0.16934566
0.13555555
0.10156479
0.06753791
0.03357895
0.00024878
0.03390250
0.06733991
0.02456896
0.11635836
0.20861821
0.30142673
0.39393295
0.05201063
0.29261293
0.64681407
0.99906373
1.29851520
0.93218184
0.61683355
0.35490458
0.12674948
0.09352275
0.33451478
0.62804347
1.00579295
1.47809961
1.97620451
1.77691007
1.46931502
1.15580970
0.88817367
0.67740608
0.15185434
0.33649616
0.92226535
1.72564267
2.67655546
2.34663626
1.92616034
1.58491932
1.36726986
1.26665521
1.27163548
1.37965768
1.59436397
1.90653937
1.81648713
1.62086865
1.39483202
1.18894431
1.02398904
0.98220850
1.06227998
1.27638857
1.66201059
2.24038642
2.34907506
2.38741422
2.37729317
2.32390204
2.21352664
0.84646241
0.22817146
1.47593199
3.28311469
3.13038580
2.50713760
1.86373810
1.36556196
1.32189006
0.94675352
0.49840114
0.02410136
0.49076712
1.06672189
0.97067736
0.83708316
0.68802528
0.53912059
0.39828162
0.26747688
0.14502264
0.02731695
0.09010169
0.07071534
0.05081418
0.03043389
0.00960056
0.01166531
0.03334407
0.05541174
0.07783415
0.10056074
0.12351800
0.14660284
0.16967621
0.19255768
0.21502149
0.23679520
0.25756177
0.27696617
0.29462715
0.31015446
0.26445897
0.22057724
0.17859370
0.13839673
0.09973944
0.06228662
0.02564938
0.01058944
0.04685587
0.08356789
0.12111790
0.15985124
0.20003771
0.24183328
0.28523019
0.32999549
0.37560213
0.42116241
0.46538191
0.45540106
0.44544187
0.43576929
0.42660822
0.41814576
0.41053484
0.40389870
0.39833556
0.39392316
0.39072276
0.38878266
0.38814085
0.38882691
0.39086310
0.39426446
0.39903803
0.40518103
0.41267801
0.42149680
0.42164527
0.42124999
0.42036154
0.41902977
0.41730251
0.41522452
0.41283662
0.41017501
0.40727087
0.40415011
0.40083326
0.39733562
0.39366747
0.38983442
0.38583785
0.38167550
0.37734203
0.37282966
0.36812892
0.27432466
0.18634005
0.10231298
0.01978928
0.06403781
0.15219771
0.24782051
0.35390170
0.47279213
0.60521046
0.25587600
0.11402528
0.45670034
0.72708077
0.88391286
0.82551022
0.94301545
1.28583306
2.03843298
3.52095836
3.38924804
2.25924982
1.15709574
0.37772187
0.18144351
0.13098846
0.09314228
0.06267653
0.03601993
0.01031701
0.01012909
0.00982708
0.00940875
0.00887533
0.00823181
0.00748695
0.00665309
0.00574580
0.00478319
0.00436390
0.00394918
0.00353874
0.00313230
0.00272958
0.00233029
0.00193417
0.00154097
0.00115041
0.00076224
0.00037622
0.00000791
0.00039039
0.00077146
0.00115136
0.00153034
0.00190861
0.00228642
0.00266400
0.00304157
0.00341938
0.00379764
0.00417659
0.00455646
0.00493747
0.00531986
0.00570386
0.00608970
0.00647762
0.00686784
0.00726061
0.00765617
0.00805477
0.00845663
0.00886202
0.00927119
0.00968439
0.01010188
0.00119980
0.01254420
0.02391778
0.03530605
0.04669280
0.05805942
0.06938411
0.08064128
0.09180094
0.10282815
0.03657946
0.02935991
0.09508971
0.16064168
0.22583034
0.29010865
0.35244077
0.41121953
0.46427259
0.50900737
0.72879356
1.03307355
1.45846897
1.99656790
2.49007543
1.89662101
1.32939738
0.90760012
0.61092076
0.39028269
0.25329990
0.10244437
0.05919089
0.22930772
0.40425835
0.23328049
0.05820794
0.11679152
0.28847615
0.22227261
0.15814508
0.09591570
0.03510565
0.02492597
0.08486842
0.14535745
0.20687108
0.26961083
0.33336190
0.16639126
0.00248580
0.17675694
0.36016307
0.55387265
0.75272284
0.94106198
1.09126698
1.17039037
0.72651441
0.37375644
0.07100084
0.23289342
0.59538604
0.96650926
1.45074288
2.00263058
2.42363495
2.43035844
1.29348006
0.55914415
0.04367392
0.43638382
1.04225455
1.01657175
0.90163913
0.72259228
0.51191486
0.44032689
0.37126962
0.30592705
0.24467881
0.18735274
0.13342849
0.08218408
0.03279348
0.01561141
0.06390043
0.11291400
0.16342992
0.21611736
0.27146763
0.32969246
0.39058432
0.45334335
0.51639530
0.57725499
0.63252429
0.61026321
0.59032032
0.57323831
0.55938448
0.54899571
0.54221629
0.53912648
0.53976099
0.54411743
0.55215481
0.56378198
0.57883596
0.59705012
0.61801334
0.64112283
0.66553679
0.69013715
0.71351762
0.73401557
0.69925652
0.66694498
0.63823553
0.61386164
0.59424696
0.57960415
0.57001250
0.56547197
0.56593531
0.57131988
0.58150084
0.59628630
0.61537455
0.63829391
0.66432842
0.69243726
0.72118401
0.74870184
0.77272917
0.67841645
0.59101154
0.51293718
0.44457630
0.38512841
0.47161137
0.57339116
0.69251091
0.82859185
0.97648864
0.88288148
0.75386706
0.60857305
0.46187614
0.32271033
0.19502532
0.07959329
0.02437301
0.11809157
0.30527077
0.51893507
0.79377641
1.16355413
1.63823396
1.36680065
0.96922620
0.55399569
0.16509867
0.19663985
0.16617577
0.13782198
0.11125230
0.08613701
0.06214924
0.03896748
0.01627543
0.00623991
0.02889109
0.02784467
0.02676803
0.02566254
0.02452961
0.02337074
0.02218745
0.02098135
0.01975407
0.01850728
0.01724271
0.01596210
0.01466723
0.01335990
0.01204194
0.01071518
0.00938146
0.00804264
0.00670056
0.00535708
0.00479857
0.00424211
0.00368751
0.00313463
0.00258330
0.00203338
0.00148469
0.00093710
0.00039043
0.00015546
0.00070072
0.00124552
0.00179001
0.00233433
0.00287864
0.00342310
0.00396785
0.00451305
0.00505884
0.00560538
0.00615281
0.00670129
0.00725096
0.00780197
0.00835448
0.00890862
0.00946454
0.01002239
0.01058232
0.01114447
0.01170899
0.01227602
0.01284570
0.01341818
0.01399360
0.01457211
0.01515383
0.01573892
0.01573892
0.01573892
0.01573892
0.01573892
0.01573892
0.01573892
0.01573892
0.01573892
0.01573892
0.01573892
0.01573892
0.01573892
0.01573892
0.01573892
0.01573892
0.01573892
0.01573892
0.01573892
0.01573892
0.01573892
0.01573892
0.01573892
0.01573892
0.01573892
0.01573892
0.01573892
0.01573892
0.01573892
0.01573892
0.01573892
0.01573892
0.01573892
0.01573892
0.01573892
0.01573892
0.01573892
0.01573892
0.01573892
0.01573892
0.01573892
0.01573892
0.01573892
0.01573892
0.01573892
0.01573892
