0.16302543
0.52126670
2.02903493
5.97598584
3.76509700
0.75355620
0.53082432
1.43099127
1.21053894
1.34037355
1.90820738
1.58548989
0.94332794
0.33928589
0.29719806
0.25504451
0.21391518
0.17439839
0.13669264
0.10071794
0.06620939
0.03278868
0.00001598
0.03257198
0.06543128
0.09898106
0.13356865
0.10793904
0.08164856
0.05483005
0.02754971
0.00017311
0.02834354
0.05696650
0.08601980
0.11542507
0.14501710
0.17451347
0.20348808
0.23135465
0.31224379
0.38578666
0.44646947
0.48820003
0.15603701
0.14719912
0.47812367
0.47706445
0.46240097
0.43585381
0.40014977
0.35834893
0.31327464
0.30222702
0.29200514
0.28272140
0.27445171
0.26724381
0.26112460
0.25610633
0.25219150
0.24937663
0.24765502
0.24701847
0.24745830
0.24896544
0.25152981
0.25513900
0.25977604
0.26541644
0.27202430
0.27954760
0.28791251
0.29701715
0.30672489
0.31685782
0.32719122
0.33745018
0.34730962
0.33303903
0.31842454
0.30390518
0.28983262
0.27647638
0.26403422
0.25264490
0.24240137
0.23336319
0.22556764
0.21903930
0.21379819
0.20986669
0.16908813
0.12733708
0.08503940
0.04235503
0.00074005
0.04436508
0.08864142
0.13359299
0.17903835
0.22447709
0.26898397
0.31113943
0.34904145
0.27129968
0.19717458
0.12695713
0.05981879
0.00566934
0.07117727
0.13834351
0.20849738
0.28228738
0.35915369
0.43666566
0.50993140
0.57156314
0.25519124
0.04803648
0.38227458
0.79646377
1.29564910
1.72360901
1.75906507
0.77038455
0.19866367
0.26373366
0.89961461
2.05348339
3.41301159
2.21599555
1.40158196
1.07010277
1.05400819
1.34399933
1.70738758
1.91575468
1.36425967
1.11453160
1.14229490
1.51080330
2.46106308
3.88864978
1.82098775
0.32218008
0.78568264
2.19567711
1.99098691
1.72625646
1.57036185
1.03304414
0.56170484
0.20078826
0.10422044
0.41737240
0.78928610
0.69794250
0.56515881
0.41748042
0.27120254
0.13201153
0.00109680
0.13192069
0.08501312
0.03833551
0.00878778
0.05716642
0.10764200
0.16096725
0.18132700
0.20048873
0.21777022
0.23248783
0.24401656
0.25185542
0.25568692
0.14901791
0.05000605
0.04484246
0.13924905
0.23632575
0.33765305
0.34239067
0.34855014
0.35613493
0.36510561
0.37536889
0.38676404
0.39904785
0.41187975
0.42481021
0.43727644
0.44861038
0.45806407
0.46485558
0.44190814
0.42283108
0.40792604
0.39732810
0.39108399
0.38920424
0.39169238
0.39855369
0.40978450
0.42534058
0.44508203
0.46869128
0.49556420
0.38470279
0.26604937
0.14745392
0.03249847
0.07771632
0.18269458
0.28099465
0.13910164
0.00565448
0.12828773
0.27191086
0.43246449
0.61092440
1.00959463
1.71165666
2.68742806
3.03162983
1.30131085
0.43865563
0.09793995
0.08983229
0.07806523
0.06290358
0.04492972
0.02500508
0.00418691
0.00373577
0.00329618
0.00286669
0.00244590
0.00203250
0.00162520
0.00122277
0.00082400
0.00042771
0.00003272
0.00036210
0.00075793
0.00115593
0.00156121
0.00196756
0.00237464
0.00278209
0.00318957
0.00359673
0.00400320
0.00440864
0.00481268
0.00521498
0.00561518
0.00601293
0.00640787
0.00064697
0.00768591
0.01470184
0.02168726
0.02863388
0.03553227
0.04237150
0.01942725
0.00337013
0.02601110
0.04848422
0.07076230
0.09278916
0.43937341
0.85722597
1.34976824
1.73270843
1.33530636
1.15406406
1.18635584
1.00736427
0.73352121
0.45359344
0.20082827
0.02833653
0.24939484
0.20762319
0.16636312
0.12579892
0.08576809
0.04585328
0.00545551
0.03614839
0.07975441
0.12617187
0.17613704
0.23017682
0.28839858
0.35019214
0.91798759
1.29853273
0.51609385
0.04080504
0.66850346
1.66331921
2.95405608
1.59298080
0.54517668
0.17292747
0.31085687
0.46381313
0.63180586
0.56595507
0.48445300
0.39724652
0.31094340
0.22875134
0.15132672
0.07772744
0.03209050
0.14314638
0.25892368
0.38088333
0.50622313
0.62528658
0.59138189
0.56292908
0.54146734
0.52782946
0.52243429
0.52547800
0.53701604
0.55693503
0.58480879
0.61963117
0.65943793
0.70089225
0.73902481
0.69332013
0.65105349
0.61570777
0.58913710
0.57213132
0.56485996
0.56713296
0.57848162
0.59807851
0.62451718
0.65549105
0.68746843
0.71555933
0.65413742
0.61319086
0.59415163
0.59828274
0.62787215
0.68685985
0.78080793
0.71469306
0.58512026
0.42564698
0.26560248
0.12209896
0.00195184
0.25717158
0.55773971
0.99589608
1.62772406
1.08722222
0.42548026
0.18098328
0.14056583
0.10384587
0.06992998
0.03793300
0.00699162
0.02374001
0.02254228
0.02131375
0.02005656
0.01877291
0.01746506
0.01613533
0.01478606
0.01341963
0.01203844
0.01064493
0.00924152
0.00783065
0.00641477
0.00547710
0.00454132
0.00360725
0.00267467
0.00174339
0.00081320
0.00011611
0.00104474
0.00197290
0.00290080
0.00382863
0.00475660
0.00568491
0.00661373
0.00754327
0.00847369
0.00940517
0.01033786
0.01127194
0.01220752
0.01314476
0.01408376
0.01502464
0.01596748
0.01691236
0.01691236
0.01691236
0.01691236
0.01691236
0.01691236
0.01691236
0.01691236
0.01691236
0.01691236
0.01691236
0.01691236
0.01691236
0.01691236
0.01691236
0.01691236
0.01691236
0.01691236
0.01691236
0.01691236
0.01691236
0.01691236
0.01691236
0.01691236
0.01691236
0.01691236
0.01691236
0.01691236
0.01691236
0.01691236
0.01691236
0.01691236
0.01691236
0.01691236
0.01691236
0.01691236
0.01691236
0.01691236
0.01691236
0.01691236
0.01691236
0.01691236
0.01691236
0.01691236
0.01691236
0.01691236
