2.04000000 3.67600000 0.17812412
2.08440985 3.68361133 0.19540324
2.12745540 3.69174100 0.21341151
2.16915739 3.70038140 0.23217637
2.20953656 3.70952490 0.25172464
2.24861363 3.71916388 0.27208213
2.28640934 3.72929071 0.29327318
2.32294442 3.73989778 0.31532013
2.35823961 3.75097745 0.33824276
2.39231563 3.76252212 0.36205756
2.42519322 3.77452415 0.38677705
2.45689311 3.78697592 0.41240895
2.48743604 3.79986982 0.43895537
2.51684273 3.81319821 0.46641196
2.54513393 3.82695348 0.49476699
2.57233035 3.84112800 0.52400056
2.59845274 3.85571415 0.55408384
2.62352183 3.87070431 0.58497838
2.64755835 3.88609086 0.61663565
2.67058304 3.90186616 0.64899676
2.69261662 3.91802261 0.68199238
2.71367983 3.93455258 0.71554306
2.73379340 3.95144844 0.74955977
2.75297807 3.96870258 0.78394481
2.77125456 3.98630736 0.81859306
2.78864361 4.00425517 0.85339346
2.80516596 4.02253839 0.88823080
2.82084233 4.04114939 0.92298763
2.83569346 4.06008055 0.95754632
2.84974008 4.07932425 0.99179106
2.86300293 4.09887286 1.02560981
2.87550273 4.11871876 1.05889609
2.88726022 4.13885434 1.09155052
2.89829613 4.15927196 1.12348203
2.90863120 4.17996401 1.15460886
2.91828615 4.20092286 1.18485909
2.92728172 4.22214089 1.21417096
2.93563865 4.24361047 1.24249284
2.94337766 4.26532399 1.26978297
2.95051949 4.28727383 1.29600897
2.95708487 4.30945235 1.32114720
2.96309454 4.33185194 1.34518197
2.96856922 4.35446497 1.36810474
2.97352965 4.37728383 1.38991322
2.97799657 4.40030088 1.41061050
2.98199069 4.42350852 1.43020419
2.98553277 4.44689911 1.44870564
2.98864352 4.47046502 1.46612916
2.99134369 4.49419865 1.48249135
2.99365400 4.51809237 1.49781048
2.99559519 4.54213855 1.51210593
2.99718800 4.56632957 1.52539772
2.99845314 4.59065781 1.53770609
2.99941137 4.61511565 1.54905115
3.00008340 4.63969546 1.55945259
3.00048997 4.66438962 1.56892937
3.00065182 4.68919051 1.57749960
3.00058968 4.71409051 1.58518028
3.00032427 4.73908200 1.59198722
2.99987634 4.76415734 1.59793490
2.99926662 4.78930892 1.60303637
2.99851583 4.81452912 1.60730323
2.99764472 4.83981031 1.61074551
2.99667400 4.86514488 1.61337171
2.99562443 4.89052519 1.61518870
2.99451672 4.91594363 1.61620174
2.99337162 4.94139258 1.61641450
2.99220985 4.96686440 1.61582900
2.99105215 4.99235148 1.61444567
2.98991925 5.01784620 1.61226333
2.98883188 5.04334094 1.60927926
2.98781077 5.06882806 1.60548917
2.98687667 5.09429995 1.60088730
2.98605029 5.11974899 1.59546642
2.98535239 5.14516755 1.58921793
2.98480367 5.17054801 1.58213191
2.98442489 5.19588276 1.57419720
2.98423677 5.22116415 1.56540157
2.98426004 5.24638458 1.55573177
2.98451544 5.27153642 1.54517373
2.98502370 5.29661205 1.53371274
2.98580555 5.32160385 1.52133366
2.98688173 5.34650418 1.50802116
2.98827297 5.37130544 1.49376002
2.99000000 5.39600000 1.49376002
2.99000000 5.39600000 1.49376002
2.99000000 5.39600000 1.49376002
2.99000000 5.39600000 1.49376002
2.99000000 5.39600000 1.49376002
2.99000000 5.39600000 1.49376002
2.99000000 5.39600000 1.49376002
2.99000000 5.39600000 1.49376002
2.99000000 5.39600000 1.49376002
2.99000000 5.39600000 1.49376002
2.99000000 5.39600000 1.49376002
2.99000000 5.39600000 1.49376002
2.99000000 5.39600000 1.49376002
2.99000000 5.39600000 1.49376002
2.99000000 5.39600000 1.49376002
2.99000000 5.39600000 1.49376002
2.99000000 5.39600000 1.49376002
2.99000000 5.39600000 1.49376002
2.99000000 5.39600000 1.49376002
2.99000000 5.39600000 1.49376002
2.99000000 5.39600000 1.49376002
2.99000000 5.39600000 1.49376002
2.99000000 5.39600000 1.49376002
2.99000000 5.39600000 1.49376002
2.99000000 5.39600000 1.49376002
2.99000000 5.39600000 1.49376002
2.99000000 5.39600000 1.49376002
2.99000000 5.39600000 1.49376002
2.99000000 5.39600000 1.49376002
2.99000000 5.39600000 1.49376002
2.99000000 5.39600000 1.49376002
2.99000000 5.39600000 1.49376002
2.99000000 5.39600000 1.49376002
2.99000000 5.39600000 1.49376002
2.99000000 5.39600000 1.49376002
2.99000000 5.39600000 1.49376002
2.99000000 5.39600000 1.49376002
2.99000000 5.39600000 1.49376002
2.99000000 5.39600000 1.49376002
2.99000000 5.39600000 1.49376002
2.99000000 5.39600000 1.49376002
2.99000000 5.39600000 1.49376002
2.99000000 5.39600000 1.49376002
2.99000000 5.39600000 1.49376002
2.99000000 5.39600000 1.49376002
