2.04000000 3.67600000 -0.24897428
2.07976613 3.66645424 -0.27683569
2.11776711 3.65623574 -0.30626796
2.15404126 3.64535872 -0.33732738
2.18862692 3.63383741 -0.37006019
2.22156242 3.62168607 -0.40449915
2.25288607 3.60891891 -0.44065978
2.28263623 3.59555017 -0.47853624
2.31085120 3.58159409 -0.51809722
2.33756932 3.56706490 -0.55928189
2.36282893 3.55197684 -0.60199653
2.38666834 3.53634414 -0.64611196
2.40912588 3.52018103 -0.69146246
2.43023989 3.50350175 -0.73784632
2.45004870 3.48632053 -0.78502857
2.46859063 3.46865162 -0.83274575
2.48590401 3.45050923 -0.88071277
2.50202717 3.43190761 -0.92863136
2.51699844 3.41286099 -0.97619958
2.53085615 3.39338361 -1.02312157
2.54363862 3.37348970 -1.06911683
2.55538419 3.35319349 -1.11392818
2.56613119 3.33250922 -1.15732793
2.57591794 3.31145112 -1.19912202
2.58478277 3.29003343 -1.23915197
2.59276401 3.26827038 -1.27729486
2.59989999 3.24617621 -1.31346165
2.60622904 3.22376515 -1.34759433
2.61178948 3.20105144 -1.37966220
2.61661966 3.17804930 -1.40965775
2.62075788 3.15477298 -1.43759246
2.62424249 3.13123670 -1.46349276
2.62711182 3.10745471 -1.48739625
2.62940418 3.08344123 -1.50934844
2.63115791 3.05921051 -1.52939980
2.63241135 3.03477677 -1.54760342
2.63320281 3.01015426 -1.56401294
2.63357062 2.98535719 -1.57868103
2.63355312 2.96039982 -1.59165804
2.63318864 2.93529637 -1.60299107
2.63251549 2.91006107 -1.61272320
2.63157202 2.88470817 -1.62089293
2.63039655 2.85925190 -1.62753379
2.62902741 2.83370649 -1.63267401
2.62750293 2.80808617 -1.63633641
2.62586143 2.78240518 -1.63853821
2.62414125 2.75667776 -1.63929096
2.62238071 2.73091813 -1.63860060
2.62061814 2.70514054 -1.63646740
2.61889188 2.67935921 -1.63288605
2.61724025 2.65358839 -1.62784575
2.61570157 2.62784230 -1.62133033
2.61431419 2.60213519 -1.61331848
2.61311642 2.57648128 -1.60378394
2.61214660 2.55089480 -1.59269589
2.61144305 2.52539000 -1.58001934
2.61104411 2.49998111 -1.56571575
2.61098809 2.47468237 -1.54974374
2.61131334 2.44950800 -1.53206001
2.61205818 2.42447224 -1.51262052
2.61326093 2.39958932 -1.49138196
2.61495994 2.37487349 -1.46830344
2.61719352 2.35033897 -1.44334866
2.62000000 2.32600000 -1.44334866
2.62000000 2.32600000 -1.44334866
2.62000000 2.32600000 -1.44334866
2.62000000 2.32600000 -1.44334866
2.62000000 2.32600000 -1.44334866
2.62000000 2.32600000 -1.44334866
2.62000000 2.32600000 -1.44334866
2.62000000 2.32600000 -1.44334866
2.62000000 2.32600000 -1.44334866
2.62000000 2.32600000 -1.44334866
2.62000000 2.32600000 -1.44334866
2.62000000 2.32600000 -1.44334866
2.62000000 2.32600000 -1.44334866
2.62000000 2.32600000 -1.44334866
2.62000000 2.32600000 -1.44334866
2.62000000 2.32600000 -1.44334866
2.62000000 2.32600000 -1.44334866
2.62000000 2.32600000 -1.44334866
2.62000000 2.32600000 -1.44334866
2.62000000 2.32600000 -1.44334866
2.62000000 2.32600000 -1.44334866
2.62000000 2.32600000 -1.44334866
2.62000000 2.32600000 -1.44334866
2.62000000 2.32600000 -1.44334866
2.62000000 2.32600000 -1.44334866
2.62000000 2.32600000 -1.44334866
2.62000000 2.32600000 -1.44334866
2.62000000 2.32600000 -1.44334866
2.62000000 2.32600000 -1.44334866
2.62000000 2.32600000 -1.44334866
2.62000000 2.32600000 -1.44334866
2.62000000 2.32600000 -1.44334866
2.62000000 2.32600000 -1.44334866
2.62000000 2.32600000 -1.44334866
2.62000000 2.32600000 -1.44334866
2.62000000 2.32600000 -1.44334866
2.62000000 2.32600000 -1.44334866
2.62000000 2.32600000 -1.44334866
2.62000000 2.32600000 -1.44334866
2.62000000 2.32600000 -1.44334866
2.62000000 2.32600000 -1.44334866
2.62000000 2.32600000 -1.44334866
2.62000000 2.32600000 -1.44334866
2.62000000 2.32600000 -1.44334866
2.62000000 2.32600000 -1.44334866
2.62000000 2.32600000 -1.44334866
2.62000000 2.32600000 -1.44334866
2.62000000 2.32600000 -1.44334866
2.62000000 2.32600000 -1.44334866
2.62000000 2.32600000 -1.44334866
2.62000000 2.32600000 -1.44334866
2.62000000 2.32600000 -1.44334866
2.62000000 2.32600000 -1.44334866
2.62000000 2.32600000 -1.44334866
2.62000000 2.32600000 -1.44334866
2.62000000 2.32600000 -1.44334866
2.62000000 2.32600000 -1.44334866
2.62000000 2.32600000 -1.44334866
2.62000000 2.32600000 -1.44334866
2.62000000 2.32600000 -1.44334866
2.62000000 2.32600000 -1.44334866
2.62000000 2.32600000 -1.44334866
2.62000000 2.32600000 -1.44334866
2.62000000 2.32600000 -1.44334866
2.62000000 2.32600000 -1.44334866
2.62000000 2.32600000 -1.44334866
2.62000000 2.32600000 -1.44334866
2.62000000 2.32600000 -1.44334866
2.62000000 2.32600000 -1.44334866
2.62000000 2.32600000 -1.44334866
2.62000000 2.32600000 -1.44334866
2.62000000 2.32600000 -1.44334866
2.62000000 2.32600000 -1.44334866
2.62000000 2.32600000 -1.44334866
2.62000000 2.32600000 -1.44334866
2.62000000 2.32600000 -1.44334866
2.62000000 2.32600000 -1.44334866
2.62000000 2.32600000 -1.44334866
2.62000000 2.32600000 -1.44334866
2.62000000 2.32600000 -1.44334866
2.62000000 2.32600000 -1.44334866
2.62000000 2.32600000 -1.44334866
2.62000000 2.32600000 -1.44334866
2.62000000 2.32600000 -1.44334866
2.62000000 2.32600000 -1.44334866
