0.00000000 0.00000000
0.01282051 0.00000000
0.02564103 0.00000000
0.03846154 0.00000000
0.05128205 0.00000000
0.06410256 0.00000000
0.07692308 0.00000000
0.08974359 0.00000000
0.10256410 0.00000000
0.11538462 0.00000000
0.12820513 0.00000000
0.14102564 0.00000000
0.15384615 0.00000000
0.16666667 0.00000000
0.17948718 0.00000000
0.19230769 0.00000000
0.20512821 0.00000000
0.21794872 0.00000000
0.23076923 0.00000000
0.24358974 0.00000000
0.25641026 0.00000000
0.26923077 0.00000000
0.28205128 0.00000000
0.29487179 0.00000000
0.30769231 0.00000000
0.32051282 0.00000000
0.33333333 0.00000000
0.34615385 0.00000000
0.35897436 0.00000000
0.37179487 0.00000000
0.38461538 0.00000000
0.39743590 0.00000000
0.41025641 0.00000000
0.42307692 0.00000000
0.43589744 0.00000000
0.44871795 0.00000000
0.46153846 0.00000000
0.47435897 0.00000000
0.48717949 0.00000000
0.50000000 0.00000000
0.50000000 0.00000000
0.50000000 0.00000000
0.50000000 0.00000000
0.50000000 0.00000000
0.50000000 0.00000000
0.50000000 0.00000000
0.50000000 0.00000000
0.50000000 0.00000000
0.50000000 0.00000000
0.50000000 0.00000000
0.50000000 0.00000000
0.50000000 0.00000000
0.50000000 0.00000000
0.50000000 0.00000000
0.50000000 0.00000000
0.50000000 0.00000000
0.50000000 0.00000000
0.50000000 0.00000000
0.50000000 0.00000000
0.50000000 0.00000000
0.50000000 0.00000000
0.50000000 0.00000000
0.00000000 0.00000000
0.00000000 0.00000000
0.00000000 0.00000000
0.00000000 0.00000000
0.00000000 0.00000000
0.00000000 0.00000000
0.00000000 0.00000000
0.00000000 0.00000000
0.00000000 0.00000000
0.00000000 0.00000000
0.00000000 0.00000000
0.00000000 0.00000000
0.00000000 0.00000000
0.00000000 0.00000000
0.00000000 0.00000000
0.00000000 0.00000000
0.00000000 0.00000000
0.00000000 0.00000000
0.00000000 0.00000000
0.00000000 0.00000000
0.00000000 0.00000000
0.00000000 0.00000000
0.00000000 0.00000000
0.00000000 0.00000000
0.00000000 0.00000000
0.00000000 0.00000000
0.00000000 0.00000000
0.00000000 0.00000000
0.00000000 0.00000000
0.00000000 0.00000000
0.00000000 0.00000000
0.00000000 0.00000000
0.00000000 0.00000000
0.00000000 0.00000000
0.00000000 0.00000000
0.00000000 0.00000000
0.00000000 0.00000000
0.00000000 0.00000000
0.00000000 0.00000000
0.00000000 0.00000000
0.00000000 0.00000000
0.00000000 0.00000000
0.00000000 0.00000000
0.00000000 0.00000000
0.00000000 0.00000000
0.00000000 0.00000000
0.00000000 0.00000000
0.00000000 0.00000000
0.00000000 0.00000000
0.00000000 0.00000000
0.00000000 0.00000000
0.00000000 0.00000000
0.00000000 0.00000000
0.00000000 0.00000000
0.00000000 0.00000000
0.00000000 0.00000000
0.00000000 0.00000000
0.00000000 0.00000000
0.00000000 0.00000000
0.00000000 0.00000000
0.00000000 0.00000000
0.00000000 0.00000000
0.00000000 0.00000000
0.00000000 0.00000000
0.00000000 0.00000000
0.00000000 0.00000000
0.00000000 0.00000000
0.00000000 0.00000000
0.00000000 0.00000000
0.00000000 0.00000000
0.00000000 0.00000000
0.00000000 0.00000000
0.00000000 0.00000000
0.00000000 0.00000000
0.00000000 0.00000000
0.00000000 0.00000000
0.00000000 0.00000000
0.00000000 0.00000000
0.00000000 0.00000000
0.00000000 0.00000000
0.00000000 0.00000000
0.00000000 0.00000000
0.00000000 0.00000000
0.00000000 0.00000000
0.00000000 0.00000000
0.00000000 0.00000000
0.00000000 0.00000000
