14.17000000 0.33000000 1.48402932
14.20552619 0.49115467 1.77771704
14.19236327 0.65969982 2.07367470
14.13730599 0.82575070 2.33158807
14.04714911 0.97942256 2.53774551
13.92868739 1.11083066 2.69972604
13.78871559 1.21009025 2.83152472
13.63402848 1.26731660 2.94500810
13.47107130 1.27789925 3.03921192
13.30446894 1.26469922 3.11109999
13.13806110 1.25785711 3.15975414
12.97293144 1.26432530 3.18538741
12.80813219 1.27398797 3.18856146
12.64312822 1.28111729 3.18081888
12.47792940 1.28565403 3.17331947
12.31257706 1.28786613 3.16603351
12.14711256 1.28802157 3.15893323
11.98157722 1.28638830 3.15199244
11.81601239 1.28323429 3.14518624
11.65045942 1.27882751 3.13849072
11.48495962 1.27343590 3.13188269
11.31955306 1.26735997 3.12533943
11.15423638 1.26198992 3.11883844
10.98895362 1.26003675 3.11235715
10.82365992 1.26326467 3.10587269
10.65834975 1.27062142 3.09936163
10.49302420 1.28057592 3.09571870
10.32768439 1.29159707 3.09794965
10.16233143 1.30215379 3.10617836
9.99696644 1.31071498 3.12049972
9.83159054 1.31574956 3.14096864
9.66620482 1.31572645 3.16758232
9.50081042 1.30911454 3.20025631
9.33540844 1.29438275 3.25777027
9.17000000 1.27000000 3.35716266
8.99424214 1.28534500 3.49171831
8.83952640 1.24724216 3.59128673
8.69760826 1.17377830 3.60492399
8.56024320 1.08304023 3.53662384
8.41929980 0.99305846 3.42762419
8.27047504 0.91995849 3.32839126
8.11413363 0.87753697 3.24234555
7.95161940 0.87079946 3.17152584
7.78634815 0.87900714 3.11683845
7.62168343 0.88048031 3.07849247
7.45815585 0.87840702 3.05641700
7.29517264 0.88539535 3.03893544
7.13231908 0.90326784 3.01437124
6.96935344 0.92362152 2.98265474
6.80640687 0.94224833 2.94376734
6.64445554 0.96555310 2.89779051
6.48452550 1.00037843 2.84496319
6.32720499 1.04687095 2.78986082
6.17290657 1.10262758 2.73672291
6.02196692 1.16643076 2.68541687
5.87465858 1.23806144 2.63578771
5.73114239 1.31710219 2.58766472
5.59136168 1.40268045 2.54086664
5.45522018 1.49390002 2.49520566
5.32255026 1.59001870 2.45049024
5.19316089 1.69036579 2.40652697
5.06685249 1.79460873 2.36312178
4.94343875 1.90269029 2.32008057
4.82428721 2.01557239 2.27720938
4.71340893 2.13593882 2.23431444
4.61365383 2.26555166 2.19120200
4.52161842 2.40137068 2.14767823
4.43257668 2.53932097 2.10354925
4.34680876 2.67893395 2.05862148
4.26796675 2.82217692 2.01270231
4.19702563 2.96965895 1.96560153
4.13019846 3.11954905 1.91713339
4.06517651 3.27044878 1.86711969
4.00753781 3.42368982 1.81539408
3.96426235 3.58112084 1.76180753
3.93476100 3.74237903 1.70623540
3.91318607 3.90556513 1.64858569
3.89358369 4.06874888 1.58880862
3.87000000 4.23000000 1.53079134
3.87380575 4.39214547 1.47867125
3.87789468 4.55528566 1.43265943
3.88612512 4.71841043 1.39280499
3.90235546 4.88050962 1.35904627
3.93039397 5.04058272 1.33125681
3.97067683 5.19827890 1.30928271
4.01819035 5.35429734 1.29297099
4.06830450 5.50931752 1.28218969
4.12031711 5.66350428 1.27684123
4.17453520 5.81690444 1.27687028
4.23011865 5.96990258 1.28226734
4.28541048 6.12312249 1.29306843
4.33820809 6.27723623 1.30773068
4.38536587 6.43299286 1.32468766
4.42439936 6.59094631 1.34397119
4.45703377 6.75052369 1.36560973
4.48629048 6.91080052 1.38962513
4.51252191 7.07148700 1.41602898
4.53383866 7.23282664 1.44481841
4.54910396 7.39491260 1.47597153
4.55900058 7.55746870 1.50944272
4.56463827 7.72019442 1.54515798
4.56824209 7.88294252 1.58301073
4.57234038 8.04563030 1.62285855
4.57708935 8.20831459 1.65003069
4.58043421 8.37118145 1.65027157
4.58116625 8.53419778 1.62359206
4.58020487 8.69681816 1.56948680
4.57884755 8.85872274 1.48752015
4.57889820 9.02142434 1.37856325
4.58274022 9.18683798 1.24646971
4.60076320 9.35073898 1.13927567
4.65086638 9.50313192 1.09337784
4.73792655 9.64011798 1.10381778
4.83350720 9.77361429 1.17551313
4.90748019 9.91667785 1.32434962
4.95442049 10.07306092 1.57018197
4.97936101 10.24211395 1.83685977
4.97819483 10.41476002 2.02799537
4.93706850 10.57299846 2.14623916
4.84254323 10.69912131 2.20634604
4.71060529 10.79947117 2.18431657
4.59280437 10.90945860 2.03839394
4.52723341 11.05443785 1.73098547
4.50220763 11.22208777 1.37177770
4.50012083 11.39281057 1.08721095
4.53484499 11.54881550 0.84964137
4.62794076 11.67602774 0.62335263
4.76443603 11.77488603 0.37343214
4.91851368 11.84980752 0.06615228
5.07689329 11.89484913 -0.24607658
5.23674804 11.89547934 -0.48220797
5.39306959 11.84623842 -0.65330032
5.53571299 11.76083117 -0.78063504
5.65592923 11.65306917 -0.91976837
5.75624238 11.52426976 -1.15939304
5.84153844 11.37242728 -1.61644797
5.89590150 11.20903360 -2.12892625
5.88843932 11.05529955 -2.39537758
5.79996448 10.92857595 -2.49338552
5.65489079 10.83145369 -2.48189799
5.48764697 10.76138514 -2.36206478
5.33401279 10.69893429 -2.08759280
5.23050840 10.61541028 -1.71707163
5.21366156 10.48202742 -1.39303647
5.32000000 10.27000000 -1.15384576
5.29454687 10.09070080 -1.02731794
5.33334226 9.93574757 -1.01649600
5.41184072 9.79474100 -1.11326263
5.50549680 9.65728179 -1.25906967
5.58997978 9.51311395 -1.38031108
5.65009866 9.35808131 -1.47216142
5.68302438 9.19627004 -1.53364833
5.69142616 9.03157150 -1.56543535
5.69002342 8.86584583 -1.56816248
5.69300475 8.70043162 -1.55859895
5.69868119 8.53541535 -1.55353142
5.69943444 8.37040191 -1.55303721
5.69433637 8.20525788 -1.55718641
5.68841995 8.04008438 -1.56604181
5.68427073 7.87494448 -1.57965574
5.67999452 7.70982318 -1.59806366
5.67351362 7.54473202 -1.62127429
5.66373524 7.37981836 -1.64925664
5.64991068 7.21524584 -1.68192416
5.63231797 7.05099552 -1.71911756
5.61180319 6.88695052 -1.76058790
5.58743733 6.72344188 -1.80598297
5.55588133 6.56140793 -1.84805280
5.51624596 6.40115287 -1.88012185
5.47508849 6.24105670 -1.90261129
5.43828811 6.07971794 -1.91587285
5.39987892 5.91905360 -1.92013934
5.35005734 5.76204090 -1.91549996
5.28809829 5.60885564 -1.90189373
5.22096518 5.45730130 -1.87911852
5.15586380 5.30510653 -1.84685798
5.10000000 5.15000000 -1.80473246
5.05615329 4.99208961 -1.75238344
5.02676941 4.83178077 -1.68960055
5.00933409 4.66976183 -1.61649306
5.00133303 4.50672109 -1.53986768
5.00028901 4.34334481 -1.46609858
5.00574811 4.18020591 -1.39492786
5.02028185 4.01770782 -1.32601701
5.04638947 3.85644895 -1.25897040
5.08534315 3.69782831 -1.19335324
5.13793138 3.54334560 -1.12870446
5.20294011 3.39353791 -1.06454541
5.27797528 3.24837240 -1.00038572
5.36172728 3.10820341 -0.93572745
5.45447860 2.97395653 -0.87006909
5.55625602 2.84635188 -0.80291066
5.66576162 2.72523793 -0.73376156
5.78153488 2.61032786 -0.66399422
5.90341810 2.50189880 -0.59544907
6.03202750 2.40062000 -0.52830578
6.16811298 2.30946673 -0.46268389
6.31258542 2.23441868 -0.39864631
6.46518967 2.17796616 -0.33620521
6.62201297 2.13112588 -0.27532923
6.77893643 2.08421628 -0.21595116
6.93609134 2.04045130 -0.15797560
7.09569842 2.00935856 -0.10128599
7.25821229 1.99414755 -0.04575089
7.42182646 1.98994990 0.00877065
7.58506472 1.99207288 0.05321192
7.74798537 1.99806889 0.07891591
7.91091739 2.00602526 0.08641340
8.07385056 2.01477475 0.07576283
8.23660684 2.02350249 0.04647378
8.39939920 2.02992979 -0.00241839
8.56293813 2.02991849 -0.07207663
8.72726386 2.02156244 -0.10574183
8.88975418 2.01187069 -0.04578389
9.04799919 2.00950859 0.09915355
9.20875786 2.01818324 0.27681867
9.38399067 2.03868015 0.49158828
9.56335313 2.07814135 0.83040738
9.70353640 2.15313394 1.24975054
9.76189113 2.27939343 1.52539578
9.75040429 2.44639317 1.64546845
9.72578720 2.62212193 1.65077702
9.72266117 2.78687470 1.61458048
9.72950303 2.94645260 1.59038158
9.73215501 3.10820569 1.57614375
9.73070307 3.27208935 1.56747472
9.72960343 3.43579011 1.56078302
9.72996070 3.59873451 1.55629845
9.73042696 3.76162233 1.55419722
9.73069495 3.92461307 1.55458898
9.73080028 4.08768827 1.55750785
9.73077863 4.25082938 1.56148919
9.73066571 4.41401788 1.56508827
9.73049721 4.57723524 1.56830924
9.73030881 4.74046292 1.57115596
9.73013621 4.90368241 1.57363192
9.73001510 5.06687517 1.57574033
9.72997392 5.23002643 1.57748404
9.72998703 5.39314951 1.57886557
9.73000502 5.55627003 1.57988714
9.73000531 5.71939974 1.58055059
9.72999967 5.88253258 1.58085747
9.72999837 6.04566321 1.58080898
9.72999972 6.20879235 1.58040600
9.73000011 6.37192176 1.57964908
9.72999973 6.53505175 1.57853847
9.73000064 6.69818190 1.57707408
9.73000202 6.86131189 1.57525552
9.72999950 7.02444151 1.57308209
9.72999234 7.18757082 1.57055280
9.72999161 7.35070066 1.56766635
9.73001043 7.51383198 1.56442117
9.73005208 7.67696501 1.56081541
9.73010675 7.84009901 1.55684694
9.73016371 8.00323317 1.55251339
9.73021227 8.16636670 1.54781213
9.73024169 8.32949879 1.54431846
9.73024127 8.49262863 1.54361547
9.73020028 8.65575541 1.54571039
9.73010802 8.81887834 1.55060818
9.72995459 8.98199667 1.55831102
9.72982267 9.14511663 1.56881716
9.72997108 9.30825767 1.58211913
9.73047976 9.47142582 1.59820124
9.73044190 9.63455285 1.61703659
9.72885175 9.79756309 1.63858362
9.72781493 9.96061495 1.66278224
9.73177082 10.12404248 1.68954993
9.73812662 10.28765058 1.71877799
9.73121505 10.45026042 1.78587978
9.69619094 10.60977168 1.93997163
9.62890317 10.76017412 2.21141111
9.52869385 10.89401861 2.59814852
9.39980192 10.99935511 2.90691179
9.25052182 11.06062380 3.05900512
9.08901176 11.07604841 3.11708949
8.92293377 11.07050242 3.13579082
8.75864137 11.06758466 3.15102294
8.59615167 11.06918925 3.16187091
8.43357050 11.07058044 3.16760182
8.27035990 11.07038785 3.16776616
8.10704321 11.06987630 3.16226696
7.94390832 11.06980162 3.15403115
7.78082391 11.06999873 3.14582183
7.61767170 11.07021074 3.13757990
7.45453765 11.07014014 3.12924737
7.29153394 11.06956688 3.12076589
7.12847441 11.06929510 3.11207549
6.96499135 11.07074564 3.10311315
6.80139360 11.07263655 3.10737419
6.63903569 11.06951125 3.13889849
6.47802615 11.06003447 3.19867695
6.31411392 11.05748978 3.28734988
6.14377379 11.07372451 3.40373387
5.97812179 11.08053934 3.54295020
5.83557211 11.02962851 3.64849305
5.71614434 10.91764624 3.67814226
5.59639132 10.79863098 3.63489655
5.45794984 10.71439286 3.50566426
5.30166140 10.66037254 3.26552094
5.13300692 10.62643352 2.91582449
4.96768355 10.62702900 2.64793653
4.82581099 10.68792571 2.55843981
4.70567821 10.79927602 2.60275107
4.58254318 10.91362231 2.71522310
4.43904555 10.99492493 2.82599759
4.28072273 11.04281822 2.92959194
4.11690781 11.06292609 3.01946910
3.95365185 11.06388970 3.09204757
3.79085304 11.06000684 3.14772361
3.62788527 11.06261559 3.18738349
3.46474307 11.06849861 3.21195013
3.30157194 11.07126058 3.22212244
3.13843916 11.07058080 3.21825019
2.97536019 11.07003723 3.20029448
2.81228488 11.07072863 3.16785027
2.64906313 11.06982666 3.12023680
2.48568938 11.06653777 3.05668742
2.32265936 11.06783185 2.97668582
2.16053899 11.08156088 2.88047495
1.99960159 11.10918103 2.77923597
1.84005252 11.14886005 2.68286301
1.68482988 11.20244139 2.59043264
1.54007097 11.27610639 2.50086571
1.40943479 11.37265168 2.41299798
1.28799600 11.48315536 2.32562299
1.17012508 11.59762176 2.23751823
1.05869251 11.71672430 2.14746613
0.96066423 11.84629186 2.05428165
0.87923064 11.98792304 1.95685885
0.81291848 12.13798558 1.85424812
0.76098753 12.29325887 1.74577271
0.72557044 12.45258624 1.63118272
0.70899990 12.61504243 1.51698072
0.71112655 12.77863766 1.40914613
0.73058490 12.94089012 1.30674962
0.76597234 13.10022405 1.20858620
0.81585319 13.25613012 1.11331235
0.87967947 13.40725114 1.01953255
0.95951151 13.54956565 0.92585140
1.05713098 13.67934525 0.83090941
1.16826254 13.79911644 0.73341952
1.28584369 13.91425835 0.63221981
1.40822142 14.02348592 0.52635500
1.54104352 14.11652521 0.41519353
1.68787316 14.18626538 0.29857400
1.84406535 14.23758567 0.18418955
2.00374229 14.27694848 0.07723783
2.16483529 14.30309234 -0.02585200
2.32742226 14.31044858 -0.12880038
2.49043729 14.29740539 -0.23560445
2.65134887 14.26737554 -0.35074053
2.80834460 14.22378392 -0.46584650
2.96223695 14.16906651 -0.56405365
3.11383486 14.10494402 -0.64008927
3.25818421 14.02756078 -0.69200760
3.38698019 13.92982610 -0.72028121
3.49927734 13.81207966 -0.72672688
3.60420815 13.68483343 -0.70126507
3.71151647 13.55957167 -0.63032867
3.83055734 13.44864555 -0.50368073
3.96949880 13.36385618 -0.30357835
4.12512706 13.30933203 -0.09941792
4.28757867 13.28455859 0.01408744
4.45069476 13.28314416 0.03555095
4.61388981 13.29014506 0.01518420
4.77705043 13.29308490 -0.00051202
4.94016215 13.29122223 -0.01182460
5.10323549 13.28659881 -0.01896006
5.26630132 13.28180439 -0.02204760
5.42940192 13.27969960 -0.02114127
5.59254063 13.28036770 -0.01829211
5.75566494 13.27991973 -0.01555402
5.91873946 13.27574144 -0.01292964
6.08180586 13.27091257 -0.01042146
6.24491658 13.26932137 -0.00803181
6.40805669 13.27003828 -0.00576287
6.57117278 13.26936983 -0.00361668
6.73424660 13.26558230 -0.00159508
6.89730927 13.25970941 0.00030023
7.06038476 13.25343073 0.00206773
7.22345929 13.24997193 0.00370609
7.38651542 13.25231447 0.00521415
7.54958068 13.25772729 0.00659091
7.71270646 13.26035460 0.00781337
7.87587206 13.25921497 0.00885928
8.03895887 13.25997583 0.00972899
8.20188700 13.26693335 0.01042278
8.36476273 13.27686616 0.01094089
8.52772909 13.28490280 0.01128356
8.69080187 13.28932501 0.01145093
8.85391718 13.29057842 0.01144315
9.01704820 13.29016618 0.01126031
9.18019072 13.29015846 0.01090246
9.34333133 13.29082811 0.01036962
9.50644322 13.28990267 0.00966175
9.66951360 13.28593977 0.00877880
9.83258317 13.28112869 0.00772066
9.99569794 13.27828498 0.00648720
10.15883839 13.27842381 0.00507823
10.32194832 13.28149865 0.00349354
10.48501560 13.28631471 0.00173290
10.64808901 13.29012122 -0.00020398
10.81120565 13.29099199 -0.00231740
10.97434708 13.29023225 -0.00460771
11.13748514 13.28969398 -0.00707527
11.30061352 13.28979245 -0.00972047
11.46373811 13.29014032 -0.01254373
11.62686493 13.29034153 -0.01554548
11.79000000 13.29000000 -0.01554548
11.79000000 13.29000000 -0.01554548
11.79000000 13.29000000 -0.01554548
11.79000000 13.29000000 -0.01554548
11.79000000 13.29000000 -0.01554548
11.79000000 13.29000000 -0.01554548
11.79000000 13.29000000 -0.01554548
11.79000000 13.29000000 -0.01554548
11.79000000 13.29000000 -0.01554548
11.79000000 13.29000000 -0.01554548
11.79000000 13.29000000 -0.01554548
11.79000000 13.29000000 -0.01554548
11.79000000 13.29000000 -0.01554548
11.79000000 13.29000000 -0.01554548
11.79000000 13.29000000 -0.01554548
11.79000000 13.29000000 -0.01554548
11.79000000 13.29000000 -0.01554548
11.79000000 13.29000000 -0.01554548
11.79000000 13.29000000 -0.01554548
11.79000000 13.29000000 -0.01554548
11.79000000 13.29000000 -0.01554548
11.79000000 13.29000000 -0.01554548
11.79000000 13.29000000 -0.01554548
11.79000000 13.29000000 -0.01554548
11.79000000 13.29000000 -0.01554548
11.79000000 13.29000000 -0.01554548
11.79000000 13.29000000 -0.01554548
11.79000000 13.29000000 -0.01554548
11.79000000 13.29000000 -0.01554548
11.79000000 13.29000000 -0.01554548
11.79000000 13.29000000 -0.01554548
11.79000000 13.29000000 -0.01554548
11.79000000 13.29000000 -0.01554548
11.79000000 13.29000000 -0.01554548
11.79000000 13.29000000 -0.01554548
11.79000000 13.29000000 -0.01554548
11.79000000 13.29000000 -0.01554548
11.79000000 13.29000000 -0.01554548
11.79000000 13.29000000 -0.01554548
11.79000000 13.29000000 -0.01554548
11.79000000 13.29000000 -0.01554548
11.79000000 13.29000000 -0.01554548
11.79000000 13.29000000 -0.01554548
11.79000000 13.29000000 -0.01554548
11.79000000 13.29000000 -0.01554548
