0.83000000 0.33000000 1.72233201
0.80057043 0.43612715 1.54907077
0.79378709 0.54700336 1.36248901
0.80763673 0.65969982 1.17326477
0.84010609 0.77128771 0.99269599
0.88918190 0.87883823 0.82881742
0.95285089 0.97942256 0.68482859
1.02909982 1.07011188 0.56002805
1.11591541 1.14797738 0.45157495
1.21128441 1.21009025 0.35582747
1.31319354 1.25352168 0.26968215
1.41963639 1.27544587 0.19339395
1.52892870 1.27789925 0.12766083
1.63984095 1.26978047 0.07261659
1.75117796 1.26050616 0.02804654
1.86193890 1.25785711 -0.00642392
1.97211035 1.26130394 -0.03118871
2.08199167 1.26768481 -0.04656667
2.19186781 1.27398797 -0.05274276
2.30184676 1.27904215 -0.04973388
2.41191845 1.28290437 -0.04223204
2.52207060 1.28565403 -0.03502451
2.63229099 1.28737052 -0.02813275
2.74256735 1.28813323 -0.02157711
2.85288744 1.28802157 -0.01537660
2.96323901 1.28711493 -0.00954879
3.07360982 1.28549270 -0.00410964
3.18398761 1.28323429 0.00092657
3.29436013 1.28041909 0.00554741
3.40471513 1.27712650 0.00974231
3.51504038 1.27343590 0.01350265
3.62532362 1.26942704 0.01682180
3.73555992 1.26536248 0.01969512
3.84576362 1.26198992 0.02211996
3.95595226 1.26013664 0.02409565
4.06614238 1.26055946 0.02562343
4.17634008 1.26326467 0.02670643
4.28654510 1.26780492 0.02734955
4.39675712 1.27372656 0.02755941
4.50697580 1.28057592 0.02727675
4.61720083 1.28789935 0.02644044
4.72743186 1.29524319 0.02504893
4.83766857 1.30215379 0.02309189
4.94791063 1.30817748 0.02054997
5.05815770 1.31286063 0.01739425
5.16840946 1.31574956 0.01358519
5.27866558 1.31639063 0.00907120
5.38892573 1.31433017 0.00378666
5.49918958 1.30911454 -0.00235085
5.60945679 1.30029007 -0.02365511
5.71972704 1.28740311 -0.07511749
5.83000000 1.27000000 -0.15668467
5.94991706 1.28706182 -0.26554159
6.05926065 1.27768952 -0.39475299
6.16047360 1.24724216 -0.49636469
6.25599873 1.20107879 -0.53787275
6.34827885 1.14455846 -0.52678688
6.43975680 1.08304023 -0.46248131
6.53287428 1.02188259 -0.37126519
6.62943327 0.96612572 -0.28538057
6.72952496 0.91995849 -0.20695294
6.83295762 0.88742898 -0.13748835
6.93949691 0.87205608 -0.07787909
7.04838060 0.87079946 -0.02851805
7.15848963 0.87618514 0.01054243
7.26870209 0.88068955 0.03943668
7.37831657 0.88048031 0.05836201
7.48742433 0.87868326 0.06749183
7.59620445 0.87919506 0.07359092
7.70482736 0.88539535 0.08335446
7.81339546 0.89660091 0.09681116
7.92197900 0.91020839 0.11400312
8.03064656 0.92362152 0.13498059
8.13933411 0.93590961 0.15979494
8.24774156 0.94910683 0.18848970
8.35554446 0.96555310 0.22108937
8.46243377 0.98735257 0.25758632
8.56822523 1.01470132 0.29565315
8.67279501 1.04687095 0.33298410
8.77601999 1.08313189 0.36957729
8.87779347 1.12301389 0.40543862
8.97803308 1.16643076 0.44058095
9.07665840 1.21332729 0.47502326
9.17360029 1.26362479 0.50878987
9.26885761 1.31710219 0.54190972
9.36245472 1.37348515 0.57441564
9.45441630 1.43249984 0.60634377
9.54477982 1.49390002 0.63773294
9.63360041 1.55747757 0.66862425
9.72093451 1.62302717 0.69906060
9.80683911 1.69036579 0.72908637
9.89137432 1.75943288 0.75874711
9.97460127 1.83020965 0.78808930
10.05656125 1.90269029 0.81716015
10.13670408 1.97725424 0.84600748
10.21380224 2.05472214 0.87467956
10.28659107 2.13593882 0.90322506
10.35420536 2.22144233 0.93169295
10.41762923 2.31035056 0.96013250
10.47838158 2.40137068 0.98859321
10.53793579 2.49324267 1.01712480
10.59655434 2.58557880 1.04577715
10.65319124 2.67893395 1.07460029
10.70673532 2.77390993 1.10364436
10.75640053 2.87094196 1.13295951
10.80297437 2.96965895 1.16259582
10.84771979 3.06944619 1.19260318
10.89182875 3.16971352 1.22303111
10.93482349 3.27044878 1.25392856
10.97453678 3.37222461 1.28534362
11.00872639 3.47563965 1.31732318
11.03573765 3.58112084 1.34991252
11.05657994 3.68831677 1.38315482
11.07301734 3.79665551 1.41709060
11.08681393 3.90556513 1.45175700
11.09973383 4.01447371 1.48718704
11.11354115 4.12280931 1.52290129
11.13000000 4.23000000 1.55833535
11.12730376 4.33793657 1.59339471
11.12505327 4.44646489 1.62799046
11.12210532 4.55528566 1.66204051
11.11731670 4.66409958 1.69547043
11.10954418 4.77260734 1.72821416
11.09764454 4.88050962 1.76021433
11.08047457 4.98750714 1.79142247
11.05732191 5.09338358 1.82179885
11.02932317 5.19827890 1.84902427
10.99811080 5.30242855 1.87092818
10.96529158 5.40606465 1.88768912
10.93169550 5.50931752 1.89945908
10.89725568 5.61219998 1.90635343
10.86185540 5.71471834 1.90844470
10.82546480 5.81690444 1.90575945
10.78845980 5.91890964 1.89827751
10.75133466 6.02092010 1.88593340
10.71458952 6.12312249 1.87062711
10.67892463 6.22571983 1.85431239
10.64528585 6.32893518 1.83697343
10.61463413 6.43299286 1.81859607
10.58774415 6.53806730 1.79916840
10.56416830 6.64400579 1.77868142
10.54296623 6.75052369 1.75712968
10.52320703 6.85733859 1.73451201
10.50454038 6.96430612 1.71083232
10.48747809 7.07148700 1.68610036
10.47260189 7.17895853 1.66260646
10.46041919 7.28678295 1.64267400
10.45089604 7.39491260 1.62634743
10.44375897 7.50325120 1.61365048
10.43873132 7.61170254 1.60459244
10.43536173 7.72019442 1.59917313
10.43289642 7.82869619 1.59738650
10.43055152 7.93718137 1.59922281
10.42765962 8.04563030 1.60466939
10.42444304 8.15407559 1.60696685
10.42153471 8.26257399 1.59937882
10.41956579 8.37118145 1.58188861
10.41882958 8.47987254 1.55445313
10.41902607 8.58847902 1.51705450
10.41979513 8.69681816 1.49308853
10.42075790 8.80477496 1.50592450
10.42139060 8.91275893 1.55601421
10.42110180 9.02142434 1.64377670
10.41928130 9.13141274 1.76750624
10.41369527 9.24212022 1.88891703
10.39923680 9.35073898 1.97528964
10.37050488 9.45423566 2.03069832
10.32313195 9.55006750 2.05856304
10.26207345 9.64011798 2.06057296
10.19722807 9.72861746 2.03631637
10.13852133 9.81981085 1.98311189
10.09251981 9.91667785 1.89604211
10.05855316 10.01947229 1.76883488
10.03501049 10.12809375 1.59716168
10.02063899 10.24211395 1.41246870
10.01768378 10.35790198 1.25137915
10.03036658 10.47001720 1.11742235
10.06293150 10.57299846 1.00910290
10.11961320 10.66139232 0.92279800
10.19969372 10.73379341 0.87636205
10.28939471 10.79947117 0.88670869
10.37281019 10.86943411 0.95605546
10.43489109 10.95404215 1.09619675
10.47276659 11.05443785 1.32178036
10.49262200 11.16490940 1.57617805
10.50084561 11.27958279 1.79482832
10.49987917 11.39281057 1.97998643
10.48259197 11.49949479 2.14084535
10.44058231 11.59467951 2.28784702
10.37205924 11.67602774 2.43091604
10.28424549 11.74477341 2.57955617
10.18501101 11.80240687 2.74330595
10.08148632 11.84980752 2.93149174
9.97618860 11.88404302 3.12960790
9.86985905 11.90071367 3.31238290
9.76325196 11.89547934 3.47576012
9.65804993 11.86746351 3.62006581
9.55733069 11.82099485 3.74808803
9.46428701 11.76083117 3.86696582
9.38161495 11.69117980 3.98908681
9.30873846 11.61262151 4.12609611
9.24375762 11.52426976 4.29133062
9.18492516 11.42533538 4.50001528
9.13539833 11.31821194 4.73643066
9.10409850 11.20903360 4.97327073
9.10027673 11.10414849 5.20928920
9.13264718 11.00972297 5.44446714
9.20003552 10.92857595 5.67819836
9.29257891 10.86058508 5.83823160
9.40011875 10.80552689 5.87152497
9.51235303 10.76138514 5.78388949
9.61854196 10.72067118 5.54760809
9.70786249 10.67485593 5.23040393
9.76949160 10.61541028 4.94789695
9.79260624 10.53380514 4.71479572
9.76638339 10.42151142 4.53222127
9.68000000 10.27000000 4.37437763
9.70531960 10.14724855 4.23927444
9.69844794 10.03685816 4.15506426
9.66665774 9.93574757 4.12480551
9.61722173 9.84083549 4.15048945
9.55741264 9.74904066 4.23577271
9.49450320 9.65728179 4.34662440
9.43576560 9.56247796 4.44423526
9.38707925 9.46247781 4.52672678
9.34990134 9.35808131 4.59359504
9.32481350 9.25067279 4.64517619
9.31205736 9.14157930 4.68215931
9.30857384 9.03157150 4.70524275
9.30944789 8.92110719 4.71492816
9.30976666 8.81063890 4.71141334
9.30699525 8.70043162 4.70238401
9.30301908 8.59040174 4.69559046
9.30020486 8.48042773 4.69106688
9.30056556 8.37040191 4.68884486
9.30361653 8.26031453 4.68895408
9.30779777 8.15019802 4.69142251
9.31158005 8.04008438 4.69627634
9.31444689 7.92998794 4.70353951
9.31702576 7.81990309 4.71323271
9.32000548 7.70982318 4.72537209
9.32400154 7.59975163 4.73996734
9.32933761 7.48973213 4.75701946
9.33626476 7.37981836 4.77651799
9.34502000 7.27006151 4.79843802
9.35557822 7.16046614 4.82273679
9.36768203 7.05099552 4.84935042
9.38106607 6.94161151 4.87819066
9.39573641 6.83234434 4.90914220
9.41256267 6.72344188 4.94206065
9.43258584 6.61519517 4.97350349
9.45667550 6.50785097 5.00022266
9.48375404 6.40115287 5.02235281
9.51150908 6.29452538 5.04002873
9.53763370 6.18739500 5.05337301
9.56171189 6.07971794 5.06248736
9.58650207 5.97233977 5.06744688
9.61506638 5.86619113 5.06829658
9.64994266 5.76204090 5.06504968
9.69031795 5.65962401 5.05768754
9.73406036 5.55826848 5.04616092
9.77903482 5.45730130 5.03039301
9.82310629 5.35604948 5.01028431
9.86413970 5.25384005 4.98572006
9.90000000 5.15000000 4.95658072
9.93092308 5.04517773 4.92275631
9.95506410 4.93919056 4.88416511
9.97316485 4.83224156 4.84077687
9.98596711 4.72453381 4.79263992
9.99421267 4.61627038 4.74273431
9.99864331 4.50765435 4.69393894
10.00000082 4.39888880 4.64621170
9.99875661 4.29016164 4.59949281
9.99433322 4.18160208 4.55370766
9.98589887 4.07332502 4.50876936
9.97263355 3.96545307 4.46458110
9.95397961 3.85828003 4.42103804
9.92963756 3.75226813 4.37802901
9.89931882 3.64788673 4.33543782
9.86291300 3.54551952 4.29314433
9.82098007 3.44522796 4.25102534
9.77423765 3.34699770 4.20895528
9.72338439 3.25082125 4.16680685
9.66871027 3.15683771 4.12445159
9.61011124 3.06532760 4.08176043
9.54746723 2.97657717 4.03860441
9.48076815 2.89080033 3.99485548
9.41039507 2.80795359 3.95038755
9.33681599 2.72793628 3.90558226
9.26048419 2.65065407 3.86091859
9.18153516 2.57615022 3.81641562
9.09979758 2.50460078 3.77208845
9.01508762 2.43618728 3.72794843
8.92720408 2.37141441 3.68400358
8.83588719 2.31187701 3.64025889
8.74086483 2.25939953 3.59671679
8.64191867 2.21563768 3.55337760
8.53969487 2.17953544 3.51023993
8.43553691 2.14784919 3.46730120
8.33080797 2.11727364 3.42455807
8.22643487 2.08582732 3.38200684
8.12200112 2.05560468 3.33964393
8.01683249 2.02948209 3.29746622
7.91029108 2.01020615 3.25547140
7.80238262 1.99822413 3.21365835
7.69366521 1.99201001 3.17202734
7.58471486 1.98997377 3.13058031
7.47597615 1.99071768 3.09441981
7.36743906 1.99350912 3.06832875
7.25899534 1.99775919 3.05191905
7.15054124 2.00288891 3.04496594
7.04205664 2.00850307 3.04744496
6.93359517 2.01436851 3.05955220
6.82521296 2.02025759 3.08171131
6.71691395 2.02574759 3.11456373
6.60851911 2.02973199 3.15893021
6.49980940 2.03095461 3.21572148
6.39058385 2.02821992 3.26089269
6.28117021 2.02210274 3.26818723
6.17249585 2.01518571 3.23778552
6.06552047 2.01015989 3.17312954
5.96054563 2.00936036 3.08109637
5.85479288 2.01345668 2.98127217
5.74458363 2.02263161 2.87621220
5.62649028 2.03713965 2.74871084
5.50472643 2.05942005 2.57417044
5.39235465 2.09444212 2.31339764
5.30293178 2.14731650 2.00043054
5.24991210 2.22310454 1.75245842
5.23662925 2.32200284 1.59780963
5.24788477 2.43530016 1.52442694
5.26649990 2.55333337 1.51564943
5.27699041 2.66737597 1.53273495
5.27762389 2.77630273 1.54538933
5.27334715 2.88268033 1.55435974
5.26912995 2.98908884 1.56008865
5.26784274 3.09701847 1.56278037
5.26851718 3.20596650 1.56394825
5.26977541 3.31521761 1.56507048
5.27038301 3.42413093 1.56613750
5.27026324 3.53266665 1.56713997
5.26989707 3.64107444 1.56806900
5.26960043 3.74951832 1.56891633
5.26939287 3.85800846 1.56967460
5.26926386 3.96653937 1.57033752
5.26920287 4.07510560 1.57090004
5.26919938 4.18370167 1.57138897
5.26924284 4.29232213 1.57183404
5.26932273 4.40096149 1.57223556
5.26942853 4.50961430 1.57259381
5.26954969 4.61827510 1.57290906
5.26967569 4.72693840 1.57318153
5.26979600 4.83559875 1.57341147
5.26990009 4.94425069 1.57359907
5.26997743 5.05288873 1.57374452
5.27001826 5.16150782 1.57384799
5.27002597 5.27010972 1.57390963
5.27001504 5.37870194 1.57392958
5.27000029 5.48729216 1.57390795
5.26999361 5.59588657 1.57384484
5.26999425 5.70448479 1.57374033
5.26999810 5.81308468 1.57359449
5.27000110 5.92168417 1.57340737
5.27000169 6.03028241 1.57317898
5.27000093 6.13887992 1.57290936
5.27000001 6.24747726 1.57259848
5.26999986 6.35607487 1.57224634
5.27000015 6.46467277 1.57185290
5.27000024 6.57327082 1.57141810
5.26999954 6.68186889 1.57094188
5.26999837 6.79046690 1.57042414
5.26999805 6.89906478 1.56986479
5.26999993 7.00766248 1.56926370
5.27000454 7.11626000 1.56862073
5.27000888 7.22485756 1.56793574
5.27000902 7.33345545 1.56720854
5.27000101 7.44205396 1.56643896
5.26998186 7.55065331 1.56562678
5.26995326 7.65925336 1.56477179
5.26991838 7.76785388 1.56387374
5.26988038 7.87645463 1.56293238
5.26984241 7.98505538 1.56194743
5.26980765 8.09365589 1.56091860
5.26977924 8.20225591 1.55984557
5.26976036 8.31085522 1.55936267
5.26975417 8.41945357 1.56010644
5.26976382 8.52805073 1.56207916
5.26979247 8.63664646 1.56528210
5.26984330 8.74524052 1.56971543
5.26991945 8.85383268 1.57537806
5.27002397 8.96242270 1.58226745
5.27013541 9.07101221 1.59037938
5.27017870 9.17960684 1.59970759
5.27007165 9.28821279 1.61024349
5.26975802 9.39683428 1.61779232
5.26944272 9.50545589 1.61818096
5.26948167 9.61405085 1.61142638
5.27023009 9.72259243 1.59753989
5.27155177 9.83109087 1.57653751
5.27223904 9.93963705 1.54846098
5.27094300 10.04833246 1.51340901
5.26669421 10.15725004 1.47157686
5.26231902 10.26617712 1.42330061
5.26282902 10.37473664 1.36909906
5.27325467 10.48254685 1.30029744
5.29725136 10.58872326 1.20362978
5.33549026 10.69129031 1.07084700
5.38825149 10.78812943 0.89263971
5.45568682 10.87700413 0.66499609
5.53638033 10.95423686 0.44155045
5.62786738 11.01518604 0.27272331
5.72766425 11.05520337 0.15098410
5.83335086 11.07305576 0.06573500
5.94266056 11.07575253 0.00884399
6.05334940 11.07152162 -0.02773812
6.16331407 11.06810921 -0.04769658
6.27207741 11.06769130 -0.05018302
6.38020722 11.06886450 -0.03455661
6.48828792 11.07016789 -0.00039002
6.59670690 11.07062961 0.03390994
6.70537175 11.07046863 0.04954962
6.81411840 11.07008176 0.04639030
6.92279857 11.06983117 0.02454301
7.03139580 11.06978938 -0.00303077
7.13995934 11.06988461 -0.02366377
7.24853866 11.07004397 -0.03749840
7.35715397 11.07018874 -0.04465340
7.46577065 11.07022931 -0.04520662
7.57434807 11.07007488 -0.03918698
7.68285697 11.06967374 -0.02657437
7.79136287 11.06929949 -0.00730741
7.89997828 11.06938707 0.01870069
8.00881440 11.07036591 0.05153681
8.11780748 11.07196708 0.07870068
8.22656725 11.07261813 0.08760978
8.33466769 11.07060396 0.07804768
8.44188688 11.06489375 0.04952785
8.54926106 11.05867580 0.00137897
8.65830561 11.05674493 -0.06694387
8.77048279 11.06375133 -0.15527775
8.88450613 11.07682687 -0.26195081
8.99508967 11.08216398 -0.38306113
9.09663220 11.06509281 -0.48626450
9.18489737 11.01428117 -0.54778737
9.26405129 10.93894357 -0.57307977
9.34145491 10.85610702 -0.56413220
9.42438218 10.78258872 -0.51886201
9.51651609 10.72653545 -0.43639694
9.61689257 10.68487379 -0.31460042
9.72423878 10.65378475 -0.14739340
9.83676320 10.63069777 0.06359728
9.94947956 10.62073182 0.30054327
10.05618620 10.63193115 0.48739168
10.15089019 10.67200103 0.58662148
10.23379247 10.73853230 0.62035243
10.31213871 10.81761200 0.59774358
10.39355665 10.89470324 0.51514659
10.48430348 10.95740442 0.40158987
10.58376577 11.00401811 0.29938677
10.68918168 11.03619403 0.21435131
10.79778862 11.05558307 0.14998000
10.90693933 11.06394214 0.10006867
11.01562132 11.06453102 0.05711041
11.12403563 11.06172518 0.02089167
11.23241163 11.05991702 -0.00885891
11.34089987 11.06165030 -0.03242381
11.44947832 11.06542121 -0.05006427
11.55810209 11.06918996 -0.06199928
11.66672865 11.07110052 -0.06839290
11.77533936 11.07115189 -0.06934745
11.88392941 11.07041884 -0.06490090
11.99249425 11.06998634 -0.05502733
12.10104409 11.07035852 -0.03964045
12.20962148 11.07076963 -0.01860042
12.31827322 11.07028601 0.00827473
12.42702706 11.06826925 0.04119156
12.53576992 11.06626207 0.08035535
12.64432560 11.06678435 0.12593384
12.75251828 11.07234641 0.17800929
12.86022176 11.08437387 0.23651987
12.96739372 11.10245861 0.30119536
13.07399995 11.12601550 0.36768813
13.17981927 11.15471296 0.43211898
13.28344866 11.18982193 0.49475917
13.38302460 11.23323771 0.55591249
13.47669852 11.28683522 0.61590467
13.56393570 11.35069587 0.67507548
13.64647336 11.42179959 0.73377320
13.72627457 11.49681807 0.79235045
13.80492060 11.57290220 0.85116109
13.88139800 11.65045976 0.91055725
13.95361352 11.73125386 0.97088596
14.01948310 11.81703778 1.03248468
14.07784714 11.90852806 1.09567506
14.12908021 12.00472057 1.16075426
14.17370151 12.10444905 1.22798333
14.21209911 12.20664142 1.29757243
14.24382482 12.31082638 1.36966289
14.26810184 12.41676873 1.44430719
14.28415887 12.52423114 1.52144857
14.29164985 12.63279387 1.59810732
14.29091707 12.74174199 1.67157733
14.28236556 12.85033365 1.74218811
14.26640213 12.95788262 1.81033634
14.24344587 13.06409084 1.87646100
14.21392112 13.16882561 1.94102535
14.17824632 13.27194881 2.00450484
14.13642265 13.37289608 2.06737925
14.08776570 13.47040280 2.13012772
14.03152734 13.56313921 2.19322536
13.96721526 13.65003977 2.25713981
13.89616128 13.73192264 2.32232697
13.82048936 13.81042400 2.38922419
13.74231923 13.88717419 2.45824006
13.66259246 13.96235293 2.52973959
13.57979724 14.03311921 2.60402393
13.49211536 14.09625478 2.68130468
13.39799516 14.14893073 2.76167378
13.29814066 14.19161317 2.84507197
13.19439063 14.22642576 2.92492506
13.08858984 14.25549949 2.99515769
12.98204758 14.27987950 3.05650825
12.87488378 14.29819923 3.10981718
12.76705828 14.30876750 3.15590720
12.65858821 14.31008948 3.20308296
12.54998913 14.30237898 3.25990380
12.44203324 14.28672946 3.32762827
12.33549241 14.26424070 3.40755213
12.23078388 14.23587890 3.50076235
12.12760023 14.20233722 3.59592862
12.02554553 14.16427547 3.67935250
11.92435703 14.12222465 3.74918980
11.82541844 14.07512257 3.80475649
11.73122461 14.02083194 3.84617566
11.64428514 13.95720142 3.87402072
11.56561687 13.88358642 3.88904863
11.49279584 13.80281533 3.89203995
11.42291500 13.71820419 3.88372732
11.35307593 13.63308831 3.85902145
11.28047948 13.55102440 3.81127450
11.20239005 13.47571075 3.73686372
11.11607649 13.41084564 3.62968634
11.02025121 13.35915424 3.48216428
10.91729670 13.32088766 3.32669983
10.81017013 13.29590964 3.20771325
10.70170747 13.28389800 3.12993236
10.59312713 13.28204843 3.09289840
10.48449514 13.28578835 3.09478800
10.37585278 13.29050914 3.11408018
10.26723083 13.29284519 3.13039415
10.15863159 13.29281353 3.14386733
10.05005251 13.29100120 3.15461548
9.94149065 13.28800674 3.16273195
9.83293736 13.28458160 3.16828734
9.72437997 13.28158565 3.17132934
9.61580573 13.27988029 3.17188277
9.50720895 13.27982419 3.16994950
9.39860317 13.28040987 3.16682873
9.29000513 13.28040000 3.16383148
9.18143016 13.27866326 3.16095998
9.07287458 13.27547167 3.15821638
8.96432124 13.27209118 3.15560269
8.85575274 13.26980790 3.15312081
8.74715972 13.26933252 3.15077253
8.63855463 13.26981433 3.14855950
8.52995361 13.27014034 3.14648326
8.42137168 13.26925975 3.14454522
8.31280916 13.26694389 3.14274667
8.20425604 13.26354558 3.14108874
8.09570206 13.25943017 3.13957247
7.98714098 13.25512775 3.13819874
7.87857748 13.25161480 3.13696831
7.77001806 13.24994264 3.13588180
7.66146829 13.25104419 3.13493970
7.55292137 13.25428281 3.13414238
7.44436174 13.25790961 3.13349005
7.33577369 13.26015345 3.13294035
7.22715414 13.26010195 3.13245075
7.11853437 13.25917455 3.13202112
7.00995143 13.25918270 3.13165132
6.90144019 13.26185063 3.13134125
6.79299406 13.26722712 3.13109080
6.68456900 13.27385064 3.13089988
6.57611966 13.28020559 3.13076841
6.46761285 13.28507799 3.13069633
6.35905912 13.28833751 3.13068357
6.25047882 13.29009724 3.13073010
6.14188820 13.29057972 3.13083587
6.03329079 13.29034463 3.13100086
5.92468769 13.29001637 3.13122507
5.81608023 13.29017344 3.13150848
5.70747354 13.29067509 3.13185112
5.59887574 13.29080993 3.13225299
5.49029503 13.28985110 3.13271413
5.38173452 13.28741806 3.13323459
5.27318170 13.28419189 3.13381442
5.16462105 13.28105638 3.13445367
5.05603817 13.27886491 3.13515243
4.94743599 13.27799503 3.13591079
4.83883113 13.27844733 3.13672884
4.73024060 13.28021194 3.13760668
4.62167437 13.28309924 3.13854443
4.51312084 13.28636937 3.13954223
4.40456433 13.28917754 3.14060021
4.29598997 13.29072798 3.14171853
4.18739605 13.29098955 3.14289733
4.07879127 13.29053611 3.14413680
3.97018459 13.28995800 3.14543711
3.86158268 13.28969309 3.14679845
3.75298509 13.28971323 3.14822103
3.64439007 13.28990159 3.14970506
3.53579582 13.29014130 3.15125076
3.42720058 13.29031550 3.15285835
3.31860256 13.29030736 3.15452809
3.21000000 13.29000000 3.15452809
3.21000000 13.29000000 3.15452809
3.21000000 13.29000000 3.15452809
3.21000000 13.29000000 3.15452809
3.21000000 13.29000000 3.15452809
3.21000000 13.29000000 3.15452809
3.21000000 13.29000000 3.15452809
3.21000000 13.29000000 3.15452809
3.21000000 13.29000000 3.15452809
3.21000000 13.29000000 3.15452809
3.21000000 13.29000000 3.15452809
3.21000000 13.29000000 3.15452809
3.21000000 13.29000000 3.15452809
3.21000000 13.29000000 3.15452809
3.21000000 13.29000000 3.15452809
3.21000000 13.29000000 3.15452809
3.21000000 13.29000000 3.15452809
3.21000000 13.29000000 3.15452809
3.21000000 13.29000000 3.15452809
3.21000000 13.29000000 3.15452809
3.21000000 13.29000000 3.15452809
3.21000000 13.29000000 3.15452809
3.21000000 13.29000000 3.15452809
3.21000000 13.29000000 3.15452809
3.21000000 13.29000000 3.15452809
3.21000000 13.29000000 3.15452809
3.21000000 13.29000000 3.15452809
3.21000000 13.29000000 3.15452809
3.21000000 13.29000000 3.15452809
3.21000000 13.29000000 3.15452809
3.21000000 13.29000000 3.15452809
3.21000000 13.29000000 3.15452809
3.21000000 13.29000000 3.15452809
3.21000000 13.29000000 3.15452809
3.21000000 13.29000000 3.15452809
3.21000000 13.29000000 3.15452809
3.21000000 13.29000000 3.15452809
3.21000000 13.29000000 3.15452809
3.21000000 13.29000000 3.15452809
3.21000000 13.29000000 3.15452809
3.21000000 13.29000000 3.15452809
3.21000000 13.29000000 3.15452809
3.21000000 13.29000000 3.15452809
3.21000000 13.29000000 3.15452809
3.21000000 13.29000000 3.15452809
