0.83000000 0.33000000 1.51447125
0.79511221 0.57144885 1.08115427
0.85952122 0.81871701 0.71010097
1.00127738 1.03987302 0.44794954
1.19843106 1.20298543 0.26420947
1.42904550 1.27631728 0.12317812
1.67373617 1.26664677 0.02249081
1.91947427 1.25909495 -0.03416218
2.16319441 1.27246361 -0.04711072
2.40713096 1.28276016 -0.03825853
2.65146581 1.28756944 -0.02868835
2.89606542 1.28775709 -0.01834465
3.14079625 1.28418871 -0.00716273
3.38552475 1.27772994 0.00493238
3.63011742 1.26924715 0.01802726
3.87450922 1.26132646 0.03222174
4.11884469 1.26159560 0.04763094
4.36321361 1.27180523 0.05630491
4.60761580 1.28725519 0.04994435
4.85204767 1.30299948 0.02823481
5.09650563 1.31409210 -0.00897185
5.34098606 1.31558705 -0.06149529
5.58548539 1.30253835 -0.15868924
5.83000000 1.27000000 -0.32259544
6.08788980 1.27116761 -0.42414560
6.30715693 1.17083314 -0.36487286
6.51659724 1.03216879 -0.23322252
6.74007323 0.91589190 -0.12591539
6.98058178 0.87031690 -0.04777425
7.23075418 0.87968849 -0.00046294
7.47991222 0.87877765 0.03824732
7.72729190 0.88738845 0.09103522
7.97442491 0.91686269 0.15799414
8.22161731 0.94571246 0.23871999
8.46610075 0.98820737 0.32345590
8.70497997 1.05771985 0.40337925
8.93674581 1.14803997 0.47901045
9.16032969 1.25649197 0.55097244
9.37523574 1.38147478 0.61994284
9.58171707 1.51995563 0.68662354
9.78032847 1.66928174 0.75172416
9.97175249 1.82774081 0.81595513
10.15564066 1.99565550 0.88002715
10.32218087 2.17965993 0.94465391
10.46595683 2.38242906 1.01055571
10.60053667 2.59197749 1.07846128
10.72428912 2.80714063 1.14910521
10.83088230 3.03150897 1.22321726
10.93048969 3.25998985 1.30149949
11.01390026 3.49367888 1.38458623
11.06438784 3.73677523 1.47298261
11.09615602 3.98446290 1.55940024
11.13000000 4.23000000 1.63538730
11.12442633 4.47365436 1.70015976
11.11387488 4.71841043 1.75355810
11.08532367 4.96085895 1.79580768
11.02932317 5.19827890 1.82731044
10.95696528 5.43191293 1.84849297
10.87968289 5.66350428 1.85970869
10.79774162 5.89341512 1.86118256
10.71458952 6.12312249 1.85298655
10.63730535 6.35486187 1.83503889
10.57560064 6.59094631 1.80712513
10.52805620 6.83062098 1.76894500
10.48747809 7.07148700 1.72019285
10.45779969 7.31379050 1.66068067
10.44099942 7.55746870 1.59050683
10.43347083 7.80157127 1.51025592
10.42765962 8.04563030 1.45854252
10.42093021 8.28971356 1.47226489
10.41883375 8.53419778 1.55247238
10.42052509 8.77780861 1.70103963
10.42110180 9.02142434 1.90997992
10.41112342 9.26958922 2.05838842
10.34913362 9.50313192 2.06432141
10.21325062 9.70640548 1.92011300
10.09251981 9.91667785 1.56303433
10.03056480 10.15614781 1.19126941
10.02180517 10.41476002 1.03641604
10.10295592 10.64095502 1.04903751
10.28939471 10.79947117 1.21867141
10.44639938 10.97787519 1.48406802
10.49779237 11.22208777 1.80007818
10.48891163 11.47371152 2.20528364
10.37205924 11.67602774 2.67140294
10.15933884 11.81525251 3.04140204
9.92310671 11.89484913 3.35208010
9.68405489 11.87638328 3.74293082
9.46428701 11.76083117 4.13156178
9.29182740 11.59148650 4.35596916
9.15846156 11.37242728 4.72215023
9.09815018 11.12962012 5.50746679
9.20003552 10.92857595 5.81224538
9.42815219 10.79370366 5.56608007
9.66598721 10.69893429 4.82878619
9.79103019 10.55675032 4.37383551
9.68000000 10.27000000 4.24086876
9.69158968 10.00715726 4.30181251
9.58384881 9.78819723 4.44711386
9.44362604 9.57632430 4.55972966
9.34556359 9.34288935 4.62861672
9.30971427 9.09451814 4.65020072
9.31000602 8.84217629 4.65223795
9.30301908 8.59040174 4.66218258
9.30123072 8.33895324 4.67990876
9.31009255 8.08727378 4.70546618
9.31664887 7.83562904 4.73904284
9.32467594 7.58403012 4.78091904
9.33978282 7.33275813 4.83140470
9.36408156 7.08226234 4.89075219
9.39573641 6.83234434 4.95903963
9.43903962 6.58442872 5.02029950
9.49968080 6.34025147 5.05878120
9.55829997 6.09510379 5.07480425
9.61963363 5.85118167 5.06843909
9.70877689 5.61609521 5.03925990
9.81073108 5.38504686 4.98642051
9.90000000 5.15000000 4.90910717
9.96028374 4.91167475 4.80746468
9.99074506 4.66871248 4.69786245
9.99992456 4.42345133 4.59473301
9.99412821 4.17810424 4.49659034
9.96778692 3.93424626 4.40176243
9.91376969 3.69479482 4.30848260
9.82949375 3.46447791 4.21492799
9.71997313 3.24468872 4.11923112
9.59035123 3.03638311 4.01949103
9.44032365 2.84234550 3.91381293
9.27296915 2.66293526 3.80544771
9.09173269 2.49784016 3.69978755
8.89520838 2.34959465 3.59794209
8.68067867 2.23150453 3.50063439
8.44903755 2.15180545 3.40821335
8.21297722 2.08179804 3.32071085
7.97578073 2.02108531 3.23791855
7.73229880 1.99365461 3.15946466
7.48648871 1.99054679 3.10021551
7.24150585 1.99854156 3.07321981
6.99656675 2.01094529 3.07734000
6.75184903 2.02408062 3.11469378
6.50683670 2.03098353 3.19120675
6.26004897 2.02074283 3.19669632
6.01797374 2.00920426 3.03807308
5.77725494 2.01943401 2.80731296
5.50858051 2.05852989 2.29285197
5.28730763 2.16225136 1.59138187
5.24007239 2.37562295 1.47218470
5.27542002 2.63853543 1.54772268
5.27334715 2.88268033 1.58300131
5.26788431 3.12506531 1.59193066
5.27020858 3.37149301 1.57977060
5.26997746 3.61659407 1.56313628
5.26938754 3.86150885 1.56008394
5.26919640 4.10663066 1.56374748
5.26928281 4.35189656 1.56693109
5.26952553 4.59724361 1.56962837
5.26980332 4.84260887 1.57183420
5.26999493 5.08792940 1.57354479
5.27002094 5.33316395 1.57475765
5.26999408 5.57837103 1.57547160
5.26999849 5.82359436 1.57568678
5.27000151 6.06881707 1.57540461
5.26999983 6.31403704 1.57462781
5.27000026 6.55925816 1.57336034
5.26999825 6.80447954 1.57160742
5.27000149 7.04970025 1.56937545
5.27000970 7.29492066 1.56667204
5.26998418 7.54014366 1.56350591
5.26991238 7.78537012 1.55988691
5.26982726 8.03059757 1.55582590
5.26976522 8.27582328 1.55538918
5.26976265 8.52104450 1.56261732
5.26985596 8.76625851 1.57762821
5.27007749 9.01146288 1.60072668
5.27012304 9.25668050 1.63239200
5.26944928 9.50195224 1.63795037
5.27051426 9.74709315 1.57966950
5.27194289 9.99220670 1.45245193
5.26318268 10.23808688 1.25741664
5.27325467 10.48254685 1.04077842
5.34770455 10.71691445 0.82021644
5.49583388 10.91861174 0.57032386
5.70453138 11.04823016 0.27251746
5.94622170 11.07567999 0.01444333
6.19499014 11.06773811 -0.11943816
6.43944623 11.06965597 -0.15323021
6.68432837 11.07052974 -0.09842028
6.92980682 11.06982292 -0.01053909
7.17498087 11.06993253 0.05044506
7.42022416 11.07023081 0.08273320
7.66535866 11.06974793 0.08502844
7.91049945 11.06943623 0.05571341
8.15644839 11.07239551 -0.00724994
8.40044720 11.06742670 -0.10536850
8.64408834 11.05658503 -0.23729498
8.89908671 11.07826059 -0.39575262
9.13234699 11.04941263 -0.48969342
9.31372702 10.88528925 -0.44686095
9.50721933 10.73126997 -0.24712012
9.74211953 10.64950288 0.14381431
9.99531653 10.62238780 0.44726678
10.20791502 10.71499931 0.48636913
10.38806268 10.89007264 0.39575690
10.60378998 11.01132122 0.26298104
10.84714302 11.06059043 0.12552728
11.09257459 11.06263107 0.02403431
11.33739860 11.06155163 -0.04172765
11.58263170 11.06983122 -0.07378187
11.82788580 11.07082795 -0.07357660
12.07303047 11.07022127 -0.04034202
12.31827322 11.07028601 0.02828296
12.56380929 11.06605335 0.13451498
12.80817143 11.07776162 0.27835144
13.04997879 11.12024813 0.43234618
13.28673407 11.19108259 0.57451193
13.50262482 11.30443384 0.70940807
13.69044871 11.46266671 0.84190174
13.86686343 11.63525091 0.97690001
14.02347382 11.82277578 1.11921975
14.14417158 12.03656088 1.27330792
14.23138257 12.26690844 1.44252551
14.28215314 12.50680717 1.61333149
14.29042475 12.75227829 1.77176069
14.25903486 12.99572978 1.92045120
14.19276134 13.23223274 2.06314886
14.09445421 13.45806122 2.20398239
13.95838103 13.66085277 2.34704415
13.79041164 13.84025403 2.49606093
13.60964155 14.00871568 2.65394747
13.40738324 14.14430329 2.82211860
13.17741657 14.23144779 2.98730377
12.93718591 14.28839721 3.14484996
12.69362950 14.31070140 3.30784977
12.44896365 14.28795725 3.49072444
12.21070614 14.22977073 3.66766188
11.97972082 14.14578095 3.78858867
11.75793472 14.03746095 3.84706851
11.56804767 13.88609061 3.84715153
11.40724387 13.69890750 3.78586512
11.24354908 13.51351084 3.64614745
11.04578154 13.37120328 3.40057689
10.81017013 13.29590964 3.17215070
10.56509636 13.28266356 3.11404458
10.31978685 13.29204675 3.13481116
10.07456873 13.29153574 3.14856689
9.82943564 13.28447362 3.15581801
9.58427954 13.27972524 3.15681279
9.33904738 13.28055728 3.15465591
9.09388462 13.27614410 3.15241083
8.84874742 13.26972668 3.15008070
8.60352083 13.26999013 3.14766897
8.35833364 13.26806788 3.14517946
8.11321124 13.26012711 3.14261627
7.86807145 13.25135572 3.13998380
7.62295210 13.25203768 3.13728668
7.37781214 13.25956131 3.13479699
7.13254854 13.25927995 3.13278262
6.88744437 13.26242119 3.13124229
6.64259398 13.27642560 3.13017493
6.39758228 13.28735843 3.12957972
6.15239728 13.29057437 3.12945603
5.90717060 13.28999683 3.12980349
5.66193097 13.29081817 3.13062195
5.41675246 13.28833214 3.13191148
5.17162550 13.28123873 3.13367240
4.92641537 13.27797969 3.13590521
4.68120811 13.28141449 3.13861063
4.43608196 13.28845945 3.14178959
4.19089930 13.29099544 3.14544315
3.94566111 13.28986722 3.14957256
3.70043890 13.28979059 3.15417916
3.45522535 13.29028331 3.15926443
3.21000000 13.29000000 3.15926443
3.21000000 13.29000000 3.15926443
3.21000000 13.29000000 3.15926443
3.21000000 13.29000000 3.15926443
3.21000000 13.29000000 3.15926443
3.21000000 13.29000000 3.15926443
3.21000000 13.29000000 3.15926443
3.21000000 13.29000000 3.15926443
3.21000000 13.29000000 3.15926443
3.21000000 13.29000000 3.15926443
3.21000000 13.29000000 3.15926443
3.21000000 13.29000000 3.15926443
3.21000000 13.29000000 3.15926443
3.21000000 13.29000000 3.15926443
3.21000000 13.29000000 3.15926443
3.21000000 13.29000000 3.15926443
3.21000000 13.29000000 3.15926443
3.21000000 13.29000000 3.15926443
3.21000000 13.29000000 3.15926443
3.21000000 13.29000000 3.15926443
3.21000000 13.29000000 3.15926443
3.21000000 13.29000000 3.15926443
3.21000000 13.29000000 3.15926443
3.21000000 13.29000000 3.15926443
3.21000000 13.29000000 3.15926443
3.21000000 13.29000000 3.15926443
3.21000000 13.29000000 3.15926443
3.21000000 13.29000000 3.15926443
3.21000000 13.29000000 3.15926443
3.21000000 13.29000000 3.15926443
3.21000000 13.29000000 3.15926443
3.21000000 13.29000000 3.15926443
3.21000000 13.29000000 3.15926443
3.21000000 13.29000000 3.15926443
3.21000000 13.29000000 3.15926443
3.21000000 13.29000000 3.15926443
3.21000000 13.29000000 3.15926443
3.21000000 13.29000000 3.15926443
3.21000000 13.29000000 3.15926443
3.21000000 13.29000000 3.15926443
3.21000000 13.29000000 3.15926443
3.21000000 13.29000000 3.15926443
3.21000000 13.29000000 3.15926443
3.21000000 13.29000000 3.15926443
3.21000000 13.29000000 3.15926443
