11.71000000 1.89600000 0.08828124
11.76001051 1.89898870 0.07615756
11.81003008 1.90147519 0.06376333
11.86005631 1.90345688 0.05107883
11.91008679 1.90493119 0.03808416
11.96011912 1.90589553 0.02475918
12.01015088 1.90634730 0.01108342
12.06017967 1.90628392 -0.00296392
12.11020308 1.90570280 -0.01740401
12.16021870 1.90460134 -0.03225842
12.21022412 1.90297696 -0.04754912
12.26021694 1.90082707 -0.06329846
12.31019475 1.89814908 -0.07952917
12.36015513 1.89494039 -0.09626431
12.41009569 1.89119842 -0.11352723
12.46001402 1.88692058 -0.13134151
12.50990417 1.88209231 -0.14973082
12.55973409 1.87661045 -0.16871884
12.60946002 1.87033217 -0.18832910
12.65903815 1.86311443 -0.20858480
12.70842467 1.85481420 -0.22950860
12.75757576 1.84528844 -0.25112238
12.80644760 1.83439413 -0.27344692
12.85499624 1.82198903 -0.29650162
12.90316739 1.80798851 -0.32030407
12.95088971 1.79240307 -0.34486969
12.99809026 1.77525212 -0.37021127
13.04469610 1.75655507 -0.39633845
13.09063429 1.73633132 -0.42325722
13.13583190 1.71460028 -0.45096938
13.18021598 1.69138135 -0.47947201
13.22372814 1.66670662 -0.50875686
13.26642577 1.64070914 -0.53880990
13.30842163 1.61357024 -0.56961079
13.34982882 1.58547152 -0.60113249
13.39076044 1.55659460 -0.63334093
13.43132959 1.52712111 -0.66311134
13.47164936 1.49723267 -0.68744430
13.51183228 1.46711016 -0.70647290
13.55194329 1.43687568 -0.72029482
13.59196552 1.40655020 -0.72895783
13.63187407 1.37614471 -0.73244862
13.67164400 1.34567022 -0.73068391
13.71125039 1.31513770 -0.72350316
13.75066831 1.28455817 -0.71066268
13.78987284 1.25394262 -0.69775567
13.82883511 1.22328243 -0.69086927
13.86749081 1.19239305 -0.69022969
13.90575695 1.16099696 -0.69577987
13.94355035 1.12881580 -0.70718976
13.98078783 1.09557123 -0.72388952
14.01738620 1.06098490 -0.74512158
14.05326231 1.02477845 -0.77000540
14.08833418 0.98667675 -0.79760722
14.12268385 0.94683500 -0.81322397
14.15672086 0.90626802 -0.80465466
14.19089369 0.86609273 -0.77187063
14.22565079 0.82742609 -0.71117716
14.26144065 0.79138503 -0.61477063
14.29871172 0.75908652 -0.49225040
14.33791248 0.73164749 -0.36327161
14.37949140 0.71018488 -0.23256784
14.42382898 0.69564743 -0.10532952
14.47072802 0.68755399 0.00184015
14.51969964 0.68470146 0.07474484
14.57025270 0.68588116 0.11414652
14.62189606 0.68988442 0.12160884
14.67413859 0.69550259 0.09822768
14.72648914 0.70152698 0.06463363
14.77845706 0.70675007 0.04102020
14.82971407 0.71037200 0.02721373
14.88033355 0.71260081 0.02300346
14.93044987 0.71379762 0.02331216
14.98019737 0.71432356 0.02320950
15.02971041 0.71453975 0.02270293
15.07912337 0.71480733 0.02179844
15.12857059 0.71548740 0.02050061
15.17818100 0.71691752 0.01881269
15.22799090 0.71903273 0.01673662
15.27795889 0.72143064 0.01427309
15.32804117 0.72369843 0.01142162
15.37819396 0.72542327 0.00818049
15.42837346 0.72619235 0.00454686
15.47853623 0.72560011 0.00051671
15.52865551 0.72358213 -0.00391513
15.57872795 0.72055410 -0.00875496
15.62875197 0.71696780 -0.01401028
15.67872601 0.71327502 -0.01968971
15.72864850 0.70992756 -0.02580310
15.77851785 0.70737719 -0.03236149
15.82833250 0.70607571 -0.03725829
15.87809432 0.70640941 -0.03836264
15.92783362 0.70822339 -0.03563983
15.97759475 0.71109581 -0.02904092
16.02742215 0.71460295 -0.01850347
16.07736028 0.71832109 -0.00395389
16.12745358 0.72182650 0.01468808
16.17774650 0.72469547 0.03750261
16.22828174 0.72651359 0.06456037
16.27901542 0.72732729 0.09591024
16.32977910 0.72784634 0.13156403
16.38039465 0.72883197 0.17147874
16.43068393 0.73104544 0.21553736
16.48046883 0.73524800 0.26353013
16.52957121 0.74220089 0.31513895
16.57781295 0.75266536 0.36992851
16.62501762 0.76732770 0.42734737
16.67102390 0.78620879 0.48674167
16.71567835 0.80898127 0.54587834
16.75882762 0.83531471 0.60392814
16.80031835 0.86487868 0.66220864
16.83999720 0.89734277 0.72199623
16.87771080 0.93237656 0.78458696
16.91330578 0.96964965 0.85134804
16.94660977 1.00887007 0.92375639
16.97739317 1.04986153 1.00341379
17.00541567 1.09246941 1.09201755
17.03043693 1.13653910 1.18228007
17.05221665 1.18191598 1.26469237
17.07051450 1.22844544 1.33810555
17.08509016 1.27597286 1.40191635
17.09573125 1.32434445 1.45591140
17.10267102 1.37341975 1.50009177
17.10650045 1.42306892 1.53451130
17.10782065 1.47316246 1.55913851
17.10760360 1.50674106 1.57373617
17.10671658 1.54042123 1.58288209
17.10533770 1.57416458 1.59139554
17.10364505 1.60793275 1.59917513
17.10181674 1.64168735 1.60611680
17.10003086 1.67539002 1.61211527
17.09843423 1.70900996 1.61706576
17.09704144 1.74254841 1.62086591
17.09583223 1.77601505 1.62341789
17.09478630 1.80941958 1.62463073
17.09388339 1.84277169 1.62442273
17.09310320 1.87608105 1.62272395
17.09242545 1.90935737 1.61947867
17.09182988 1.94261033 1.61464775
17.09129619 1.97584962 1.60821081
17.09080410 2.00908493 1.60016803
17.09033333 2.04232594 1.59054154
17.08986379 2.07558231 1.57937622
17.08939089 2.10885997 1.56673981
17.08893721 2.14215841 1.55435154
17.08852807 2.17547643 1.54388370
17.08818880 2.20881287 1.53534273
17.08794472 2.24216654 1.52872572
17.08782116 2.27553626 1.52402154
17.08784343 2.30892085 1.52121171
17.08803686 2.34231912 1.52027126
17.08842678 2.37572990 1.52116930
17.08903850 2.40915201 1.52386944
17.08989735 2.44258427 1.52833014
17.09101608 2.47602486 1.53450482
17.09233896 2.50946858 1.54234193
17.09378705 2.54290905 1.55178493
17.09528143 2.57633991 1.56277221
17.09674315 2.60975479 1.57523704
17.09809327 2.64314731 1.58910747
17.09925284 2.67651110 1.60430638
17.10014294 2.70983980 1.62075154
17.10068462 2.74312703 1.63440692
17.10079893 2.77636642 1.64146130
17.10040695 2.80955161 1.64216648
17.09943413 2.84267691 1.63676891
17.09790566 2.87575199 1.62550861
17.09594552 2.90880176 1.60862466
17.09368187 2.94185180 1.58636534
17.09124289 2.97492765 1.55900132
17.08875676 3.00805487 1.52684024
17.08753607 3.02464574 1.50061880
17.08415577 3.07456570 1.49029500
17.08153459 3.12477378 1.49508577
17.08010513 3.17535626 1.51430053
17.08028431 3.22639513 1.54730339
17.08187395 3.27780511 1.59339914
17.08387358 3.32928269 1.65167059
17.08522877 3.38050971 1.72080377
17.08488512 3.43116800 1.79895590
17.08178819 3.48093939 1.87658698
17.07488357 3.52950572 1.94714310
17.06311683 3.57654882 2.01259362
17.04557802 3.62177203 2.07463745
17.02244392 3.66504055 2.13477721
16.99438598 3.70629328 2.19439364
16.96207818 3.74546945 2.25481544
16.92619449 3.78250832 2.31738403
16.88740888 3.81734914 2.38351339
16.84639531 3.84993117 2.45375640
16.80382747 3.88019365 2.52755813
16.76023053 3.90807324 2.60464253
16.71574058 3.93349983 2.68456759
16.67043077 3.95640219 2.76672349
16.62437423 3.97670912 2.85035023
16.57764412 3.99434939 2.93457640
16.53031356 4.00925179 3.01847558
16.48245571 4.02134511 3.10113199
16.43414150 4.03056804 3.16915675
16.38539857 4.03705439 3.21188386
16.33621493 4.04111645 3.23167821
16.28657712 4.04307310 3.22946437
16.23647170 4.04324323 3.20453240
16.18588522 4.04194571 3.15440896
16.13480423 4.03949941 3.07484437
16.08321528 4.03622321 2.96035270
16.03134899 4.03291285 2.80635886
15.98061228 4.03266225 2.63747084
15.93276602 4.03925687 2.48364961
15.88930796 4.05577167 2.34864941
15.85047736 4.08188324 2.23274966
15.81613767 4.11625346 2.13416262
15.78615229 4.15754404 2.05028183
15.76038462 4.20441667 1.97842388
15.73869805 4.25553304 1.91615284
15.72095598 4.30955487 1.86136234
15.70702180 4.36514384 1.81121930
15.69675891 4.42096164 1.76439864
15.69003070 4.47566999 1.72121285
15.68658524 4.52824730 1.68187917
15.68570068 4.57896241 1.64653149
15.68653550 4.62841279 1.61523558
15.68824819 4.67719590 1.58800522
15.68999724 4.72590920 1.56481767
15.69110781 4.77503660 1.54562735
15.69157552 4.82460519 1.53037723
15.69156454 4.87452722 1.51900789
15.69123904 4.92471496 1.51146428
15.69076320 4.97508065 1.50770044
15.69030117 5.02553657 1.50768238
15.69001713 5.07599496 1.51138932
15.69007141 5.12636928 1.51881351
15.69047914 5.17661839 1.52995853
15.69106913 5.22675935 1.54483616
15.69165797 5.27681308 1.56077448
15.69206224 5.32680049 1.57509590
15.69209853 5.37674248 1.58780792
15.69158342 5.42665995 1.59891809
15.69033351 5.47657381 1.60843303
15.68820797 5.52650284 1.61635758
15.68536982 5.57645059 1.62269403
15.68211401 5.62641400 1.62744158
15.67873605 5.67638999 1.63059574
15.67553144 5.72637549 1.63214796
15.67279567 5.77636740 1.63208526
15.67082425 5.82636265 1.63038998
15.66991178 5.87635817 1.62703965
15.67017708 5.92635290 1.62200689
15.67135465 5.97635020 1.61525946
15.67312817 6.02635399 1.60676046
15.67518132 6.07636823 1.59646863
15.67719779 6.12639683 1.58433887
15.67886125 6.17644374 1.57062295
15.67985539 6.22651289 1.55560059
15.67987302 6.27660798 1.53927045
15.67893948 6.32672388 1.52163772
15.67749937 6.37684435 1.50271495
15.67602410 6.42695242 1.48252302
15.67498507 6.47703115 1.46109195
15.67485369 6.52706356 1.43846167
15.67610134 6.57703272 1.41468260
15.67919944 6.62692166 1.38981611
15.68456918 6.67670441 1.36393460
15.69228127 6.72629214 1.33712139
15.70225699 6.77556919 1.30947022
15.71441710 6.82441981 1.28108437
15.72868232 6.87272826 1.25207546
15.74497341 6.92037877 1.22256190
15.76321110 6.96725561 1.19266703
15.78331601 7.01324319 1.16251707
15.80515969 7.05829452 1.13467601
15.82849080 7.10253444 1.11145821
15.85303904 7.14611426 1.09263196
15.87853411 7.18918531 1.07799377
15.90470570 7.23189892 1.06737445
15.93128352 7.27440641 1.06064252
15.95799726 7.31685910 1.05770576
15.98457918 7.35940643 1.05851173
16.01080826 7.40216295 1.06304746
16.03650462 7.44521258 1.07133857
16.06148974 7.48863822 1.08344781
16.08558512 7.53252273 1.09947287
16.10861225 7.57694900 1.11954291
16.13039261 7.62199992 1.14381347
16.15074770 7.66775836 1.17245882
16.16952331 7.71427622 1.20566086
16.18665184 7.76149479 1.24359361
16.20208506 7.80933073 1.28640217
16.21577470 7.85770068 1.33042484
16.22767250 7.90652129 1.37174214
16.23773023 7.95570920 1.41012343
16.24589960 8.00518106 1.44539918
16.25213546 8.05485406 1.47745455
16.25652818 8.10466903 1.50622095
16.25935418 8.15459925 1.53166686
16.26090336 8.20462036 1.55378867
16.26146565 8.25470801 1.57260223
16.26133093 8.30483781 1.58813542
16.26078913 8.35498543 1.60042202
16.26013014 8.40512648 1.60949670
16.25961802 8.45523905 1.61539135
16.25931507 8.50532019 1.61813238
16.25918873 8.55537589 1.61773916
16.25920595 8.60541218 1.61422329
16.25933364 8.65543510 1.60758888
16.25953872 8.70545068 1.59783354
16.25978811 8.75546495 1.58735124
16.26004876 8.80548394 1.57853676
16.26029098 8.85551159 1.57138570
16.26049292 8.90554699 1.56589493
16.26063380 8.95558858 1.56206315
16.26069284 9.00563479 1.55989135
16.26064928 9.05568406 1.55938314
16.26048234 9.10573481 1.56054499
16.26017124 9.15578549 1.56338625
16.25969521 9.20583452 1.56791916
16.25903348 9.25588033 1.57415863
16.25816527 9.30592137 1.58212193
16.25706982 9.35595606 1.59182821
16.25572633 9.40598283 1.60329783
16.25411405 9.45600013 1.61655154
16.25221220 9.50600637 1.63160942
16.25000000 9.55600000 1.64848961
16.22734484 9.62198567 1.66720679
16.21483730 9.68202320 1.66166047
16.21156926 9.73669901 1.60464427
16.21663258 9.78659950 1.49391052
16.22911912 9.83231109 1.33084673
16.24812075 9.87442018 1.12868269
16.27272934 9.91351319 0.95500836
16.30203675 9.95017653 0.84524981
16.33513484 9.98499662 0.78105417
16.37111548 10.01855986 0.75221572
16.40907054 10.05145266 0.74454466
16.44809188 10.08426144 0.74736640
16.48727136 10.11757261 0.76162455
16.52570086 10.15197257 0.78850834
16.56247223 10.18804775 0.82944592
16.59673270 10.22632240 0.88600942
16.62805602 10.26684189 0.95966096
16.65621413 10.30942912 1.05125707
16.68098004 10.35390571 1.16029053
16.70212678 10.40009332 1.27500225
16.71942738 10.44781359 1.38427653
16.73265487 10.49688817 1.48748837
16.74158263 10.54713805 1.58455202
16.74604325 10.59827657 1.67578845
16.74599434 10.64978981 1.76178868
16.74140937 10.70113497 1.84329986
16.73226181 10.75176929 1.92114267
16.71852511 10.80114998 1.99615783
16.70017275 10.84873428 2.06917479
16.67717820 10.89397940 2.14099548
16.64955073 10.93637619 2.21238668
16.61764047 10.97573527 2.28407613
16.58198614 11.01204430 2.35674852
16.54312847 11.04529277 2.43103823
16.50160818 11.07547019 2.50751644
16.45796600 11.10256606 2.58667058
16.41274267 11.12656990 2.66887521
16.36647885 11.14747122 2.75074401
16.31958628 11.16529314 2.82908259
16.27206499 11.18016605 2.90452068
16.22383303 11.19224169 2.97775535
16.17480846 11.20167182 3.04952444
16.12490931 11.20860818 3.12059129
16.07405366 11.21320252 3.19173733
16.02215954 11.21560659 3.26375876
15.96917798 11.21594336 3.33746367
15.91559610 11.21386801 3.41366581
15.86233668 11.20865548 3.49317033
15.81033516 11.19956975 3.57674629
15.76052696 11.18587474 3.66508017
15.71384749 11.16683443 3.75870556
15.67123218 11.14171275 3.85790812
15.63361646 11.10977365 3.96261376
15.60162168 11.07065896 4.07228161
15.57414517 11.02608477 4.18583860
15.54949576 10.97847523 4.25967239
15.52598177 10.93025512 4.25404275
15.50191153 10.88384921 4.16164519
15.47559334 10.84168226 3.95966086
15.44533555 10.80617904 3.63578164
15.40945702 10.77974886 3.33886747
15.36728141 10.76333090 3.17298153
15.31995143 10.75520274 3.09810968
15.26880143 10.75336156 3.09086200
15.21516576 10.75580453 3.11350492
15.16037880 10.76052883 3.13297943
15.10577488 10.76553163 3.14901983
15.05249743 10.76908583 3.16138526
15.00063493 10.77098788 3.16985917
14.94991350 10.77155748 3.17424870
14.90005892 10.77111485 3.17438482
14.85079699 10.76998017 3.17012373
14.80185351 10.76847363 3.16135014
14.75295426 10.76691545 3.15069569
14.70382698 10.76562354 3.14094512
14.65431997 10.76477504 3.13222111
14.60447091 10.76432596 3.12462108
14.55433408 10.76421292 3.11821386
14.50396374 10.76437254 3.11303813
14.45341417 10.76474146 3.10910265
14.40273964 10.76525630 3.10638812
14.35199441 10.76585369 3.10485032
14.30123275 10.76647026 3.10401354
14.25050894 10.76704264 3.10340782
14.19987725 10.76750745 3.10300060
14.14939195 10.76780132 3.10278128
14.09910730 10.76786089 3.10276168
14.04907758 10.76762277 3.10298433
13.99935706 10.76702360 3.10354655
13.95000000 10.76600000 3.10466696
13.89998657 10.76727539 3.10690154
13.84997415 10.76856798 3.14050320
13.79996258 10.76987515 3.14085971
12.95281516 10.79201244 3.12713633
12.88633974 10.79380735 3.13668294
12.81987047 10.79570707 3.13587604
12.75340827 10.79772710 3.13248948
12.68694846 10.79978797 3.12748547
12.62048423 10.80177347 3.12100138
12.55400874 10.80356728 3.11332404
12.48751517 10.80505309 3.10450148
12.42099670 10.80611482 3.09431515
12.35445435 10.80676986 3.08272563
12.28791015 10.80739347 3.06967127
12.22138962 10.80842027 3.05506835
12.15491829 10.81028490 3.03881044
12.08852168 10.81342198 3.02076721
12.02222558 10.81826020 3.00078259
11.95606543 10.82502113 2.97867256
11.89008854 10.83367052 2.95558385
11.82434298 10.84415832 2.93283848
11.75887682 10.85643443 2.91049121
11.69373812 10.87044879 2.88859429
11.62897595 10.88615459 2.86719697
11.56465284 10.90354769 2.84634520
11.50084071 10.92265400 2.82608136
11.43761172 10.94350006 2.80644403
11.37503800 10.96611240 2.78746794
11.31319169 10.99051756 2.76918387
11.25212109 11.01670139 2.75161871
11.19168962 11.04433437 2.73479554
11.13167431 11.07293957 2.71873378
11.07185169 11.10203924 2.70344933
11.01199828 11.13115562 2.68895481
10.95189085 11.15981138 2.67525978
10.89143380 11.18778136 2.66237100
10.83087476 11.21551817 2.65029266
10.77051838 11.24358711 2.63946430
10.71066932 11.27255348 2.63030835
10.65163225 11.30298260 2.62280284
10.59370889 11.33543437 2.61692814
10.53693931 11.36998872 2.61266740
10.48089979 11.40587485 2.61000695
10.42511906 11.44223469 2.60893655
10.36912584 11.47821017 2.60944953
10.31244884 11.51294321 2.61154283
10.25464842 11.54563405 2.61521693
10.19574196 11.57632520 2.62047569
10.13609038 11.60569233 2.62732608
10.07606299 11.63442656 2.63577781
10.01602909 11.66321900 2.64584286
9.95635800 11.69276077 2.65753483
9.89733866 11.72358506 2.67086825
9.83881571 11.75535200 2.68585759
9.78048110 11.78742167 2.70251628
9.72202663 11.81915388 2.72000439
9.66314413 11.84990842 2.73747288
9.60352551 11.87904532 2.75491995
9.54296983 11.90615370 2.77234394
9.48158741 11.93148805 2.78974326
9.41954469 11.95542296 2.80711645
9.35700815 11.97833298 2.82446215
9.29414426 12.00059272 2.84177907
9.23111828 12.02257269 2.85906606
9.16800221 12.04432928 2.87632205
9.10470965 12.06538555 2.89354605
9.04113887 12.08521283 2.91073720
8.97718813 12.10328243 2.92789469
8.91275569 12.11906567 2.94501783
8.84774444 12.13205499 2.96210598
8.78216652 12.14224030 2.97915862
8.71614476 12.15011554 2.99617527
8.64980689 12.15619708 3.01315555
8.58328067 12.16100129 3.02961422
8.51669386 12.16504457 3.04506426
8.45016345 12.16880753 3.05950453
8.38371269 12.17245883 3.07293605
8.31731648 12.17600616 3.08536152
8.25094928 12.17945585 3.09678490
8.18458556 12.18281424 3.10721108
8.11819981 12.18608767 3.11664546
8.05177309 12.18923954 3.12509373
7.98531079 12.19207486 3.13256153
7.91882391 12.19436216 3.13905423
7.85232343 12.19586994 3.14457675
7.78582035 12.19636674 3.14913334
7.71932558 12.19562523 3.15272749
7.65284407 12.19371278 3.15536176
7.58637096 12.19118180 3.15703768
7.51990050 12.18862989 3.15775575
7.45342691 12.18665468 3.15751532
7.38694442 12.18585378 3.15680260
7.32044790 12.18677320 3.15610484
7.25394177 12.18917056 3.15542207
7.18743789 12.19218818 3.15475430
7.12094835 12.19495208 3.15410157
7.05448521 12.19658825 3.15346391
6.98806055 12.19622270 3.15284134
6.92168255 12.19322390 3.15223388
6.85533689 12.18836070 3.15164158
6.78900122 12.18290352 3.15106445
6.72265314 12.17812344 3.15050252
6.65627052 12.17527678 3.14995582
6.58984350 12.17486973 3.14942438
6.52338006 12.17631796 3.14890823
6.45688960 12.17895129 3.14840740
6.39038149 12.18209953 3.14792191
6.32386512 12.18509248 3.14745180
6.25734950 12.18729500 3.14699710
6.19083859 12.18851937 3.14567263
6.12433290 12.18888676 3.14402317
6.05783286 12.18852449 6.28254610
5.99133892 12.18755987 6.28263172
6.78291509 12.18241750 3.14382517
6.73300272 12.17877297 3.14429089
6.68307265 12.17611881 3.14474022
6.63311720 12.17488233 3.14491178
6.58313768 12.17494287 3.14453516
6.53313808 12.17601512 3.14395706
6.48312241 12.17781375 3.14348644
6.43309466 12.18005342 3.14309202
6.38305882 12.18244878 3.14275250
6.33301889 12.18471450 3.14245247
6.28297886 12.18656748 3.14217558
6.23294124 12.18785190 3.14191503
6.18290643 12.18860570 3.14167258
6.13287460 12.18888310 3.14144981
6.08284594 12.18873829 3.14124777
6.03282064 12.18822548 3.14106658
5.98279888 12.18739887 3.14090632
5.93278085 12.18631267 3.14076704
5.88276665 12.18502207 3.14064879
5.83275555 12.18359106 3.14055162
5.78274642 12.18208821 3.14047557
5.73273812 12.18058213 3.14042067
5.68272950 12.17914144 3.14038697
5.63271941 12.17783476 3.14037449
5.58270672 12.17673069 3.14038326
5.53269028 12.17589779 3.14041328
5.48266943 12.17537384 3.14046459
5.43264476 12.17511662 3.14053718
5.38261706 12.17507107 3.14063107
5.33258711 12.17518216 3.14074625
5.28255571 12.17539482 3.14088271
5.23252364 12.17565403 3.14104046
5.18249169 12.17590472 3.14121946
5.13246062 12.17609379 3.14141972
5.08243069 12.17620370 3.14164120
5.03240170 12.17624811 3.14188387
4.98237344 12.17624173 3.14214770
4.93234569 12.17619925 3.14243266
4.88231825 12.17613540 3.14273869
4.83229090 12.17606488 3.14306576
4.78226344 12.17600240 3.14341381
4.73223569 12.17595998 3.14378279
4.68220765 12.17593731 3.14417263
4.63217939 12.17593058 3.14458327
4.58215096 12.17593597 3.14501464
4.53212240 12.17594963 3.14546666
4.48209379 12.17596776 3.14593925
4.43206517 12.17598653 3.14643233
4.38203659 12.17600211 3.14694582
4.33200810 12.17601195 3.14743693
4.28197969 12.17601666 3.14786309
4.23195133 12.17601733 3.14822447
4.18192301 12.17601506 3.14852120
4.13189471 12.17601095 3.14875343
4.08186642 12.17600609 3.14892124
4.03183811 12.17600158 3.14902474
3.98180978 12.17599847 3.14906398
3.93178141 12.17599703 3.14903900
3.88175302 12.17599685 3.14894984
3.83172463 12.17599750 3.14879649
3.78169624 12.17599857 3.14857894
3.73166788 12.17599963 3.14829715
3.68163955 12.17600026 3.14795106
3.63161127 12.17600003 3.14754059
3.58158305 12.17599866 3.14706565
3.53155485 12.17599659 3.14652611
3.48152664 12.17599439 3.14592183
3.43149839 12.17599268 3.14525266
3.38147006 12.17599206 3.14451841
3.33144161 12.17599312 3.14371889
3.28141302 12.17599646 3.14285386
3.23138424 12.17600267 3.14192309
3.18135532 12.17601130 3.14092632
3.13132635 12.17602047 3.13986325
3.08129749 12.17602822 3.13873358
3.03126885 12.17603257 3.13753699
2.98124057 12.17603154 3.13627313
2.93121277 12.17602315 3.13494163
2.88118557 12.17600544 3.13354210
2.83115907 12.17597712 3.13207412
2.78113298 12.17594254 3.13053727
2.73110684 12.17590874 3.12893108
2.68108018 12.17588276 3.12725509
2.63105255 12.17587167 3.12550878
2.58102348 12.17588250 3.12369165
2.53099252 12.17592231 3.12211516
2.48095920 12.17599815 3.12109331
2.43092341 12.17611169 3.12062848
2.38088654 12.17624181 3.12072179
2.33085037 12.17636134 3.12137311
2.28081666 12.17644314 3.12258108
2.23078720 12.17646003 3.12434309
2.18076376 12.17638486 3.12665530
2.13074812 12.17619047 3.12951263
2.08074198 12.17585092 3.13290877
2.03074362 12.17539244 3.13683620
1.98074672 12.17491169 3.14128620
1.93074462 12.17451034 3.14624887
1.88073067 12.17429004 3.15171312
1.83069823 12.17435246 3.15766675
1.78064065 12.17479926 3.16409643
1.73055126 12.17573210 3.17098777
1.68042600 12.17721318 3.17832535
1.63028055 12.17900304 3.18699059
1.58013967 12.18072294 3.19789220
1.53002819 12.18199339 3.21107205
1.47997095 12.18243492 3.22659398
1.42999277 12.18166802 3.24454254
1.38011847 12.17931323 3.26502173
1.33037296 12.17499160 3.28815343
1.28079807 12.16844816 3.31407511
1.23147405 12.15970950 3.34293679
1.18248645 12.14884105 3.37489648
1.13392084 12.13590826 3.41011392
1.08586277 12.12097657 3.44874204
1.03839780 12.10411142 3.49091557
0.99161150 12.08537824 3.53673674
0.94559023 12.06484034 3.58625793
0.90043648 12.04251868 3.63946193
0.85626750 12.01839531 3.69624136
0.81320112 11.99245087 3.75637954
0.77135516 11.96466597 3.81691580
0.73084744 11.93502122 3.87503722
0.69179577 11.90349724 3.93070887
0.65431798 11.87007466 3.98395534
0.61853050 11.83474940 4.03484913
0.58454185 11.79760489 4.08349966
0.55245777 11.75875563 4.13004336
0.52238395 11.71831614 4.17463542
0.49442613 11.67640095 4.21744317
0.46869003 11.63312458 4.25864100
0.44528134 11.58860158 4.29840668
0.42430499 11.54294653 4.33691884
0.40579348 11.49628139 4.37435549
0.38965102 11.44874110 4.41089325
0.37576866 11.40046194 4.44670720
0.36403746 11.35158020 4.48197128
0.35434846 11.30223214 4.51685897
0.34659273 11.25255404 4.55154433
0.34066132 11.20268219 4.58575562
0.33643869 11.15273868 4.61910255
0.33376978 11.10276041 4.65158874
0.33248486 11.05275269 4.68322532
0.33241417 11.00272077 4.71403007
0.33338795 10.95266990 4.74402661
0.33523645 10.90260530 4.77324358
0.33778989 10.85253224 4.80171399
0.34087951 10.80245620 4.82947455
0.34443547 10.75240644 4.85656514
0.34856955 10.70245591 4.88302841
0.35341301 10.65268224 4.90890934
0.35909714 10.60316305 4.93425507
0.36575320 10.55397599 4.95911465
0.37351246 10.50519867 4.98353901
0.38250619 10.45690873 5.00758088
0.39286567 10.40918379 5.03129492
0.40472215 10.36210149 5.05473786
0.41820692 10.31573946 5.08050791
0.43345124 10.27017532 5.11123893
0.45058639 10.22548671 5.14701475
0.46974363 10.18175125 5.18786169
0.49105423 10.13904658 5.23372011
0.51464946 10.09745031 5.28441382
0.54066060 10.05704009 5.33962143
0.56921892 10.01789355 5.39885533
0.60045568 9.98008830 5.46145504
0.63450215 9.94370199 5.52287697
0.71112460 9.87582841 5.57967337
0.73961040 9.85449815 5.63267508
0.76956132 9.83392625 5.68266995
0.80101636 9.81413578 5.73040737
0.83401455 9.79514982 5.77661158
0.86859489 9.77699143 5.82200121
0.90479640 9.75968369 5.86731443
0.94265810 9.74324967 5.91334040
0.98221899 9.72771243 5.95893524
1.02351810 9.71309507 6.00212458
1.06659443 9.69942063 6.04254550
1.11148701 9.68671221 6.07987943
1.15823484 9.67499286 6.11384928
1.20687694 9.66428566 6.14421291
1.25745232 9.65461368 6.17075367
1.31000000 9.64600000 6.19326898
1.34206027 9.64262037 6.21155759
1.37441887 9.63898297 6.22540608
1.40704796 9.63515910 6.23457493
1.43991969 9.63122001 6.23878438
1.47300622 9.62723700 6.23770030
1.50627971 9.62328133 6.23092070
1.53971232 9.61942429 6.21796363
1.57327620 9.61573714 6.19825874
1.60694351 9.61229118 6.17114585
1.64068641 9.60915766 6.13588709
1.67447706 9.60640788 6.10467533
1.70828761 9.60411310 6.09159790
1.74209022 9.60234460 6.09798872
1.77585705 9.60117367 6.12413955
1.80956026 9.60067157 6.16915769
1.84317201 9.60090958 6.23079993
1.87666444 9.60195898 6.30543999
1.91000973 9.60389105 6.38836528
1.94318002 9.60677706 6.47445803
1.91065557 9.60393778 6.54796065
1.96038431 9.60868251 6.60040500
2.00962298 9.61582272 6.63652884
2.05827730 9.62559972 6.65961597
2.10628834 9.63813730 6.67186156
2.15375444 9.65303586 6.67466279
2.20081772 9.66975023 6.66882010
2.24762029 9.68773520 6.65466690
2.29430427 9.70644559 6.63214921
2.34101177 9.72533620 6.60537848
2.38788490 9.74386185 6.57865899
2.43506491 9.76147998 6.55196570
2.48263471 9.77782395 6.52527339
2.53058312 9.79281094 6.49855672
2.57889042 9.80638390 6.47179034
2.62753691 9.81848575 6.44494894
2.67650287 9.82905944 6.41800732
2.72576858 9.83804791 6.39094054
2.77531433 9.84539408 6.36372392
2.82511478 9.85104957 6.33633323
2.87511476 9.85501210 6.30874471
2.92524922 9.85729465 6.28093526
2.97545309 9.85791020 6.25288253
3.02566130 9.85687176 6.22456511
3.07580881 9.85419230 6.19596260
3.12583055 9.84988481 6.16705589
3.17566165 9.84396250 6.13782726
3.22525111 9.83645236 6.10858275
3.27457049 9.82740396 6.07964059
3.32359342 9.81686888 6.05100096
3.37229354 9.80489875 6.02266203
3.42064447 9.79154519 5.99462013
3.46861985 9.77685979 5.96686987
3.51619332 9.76089417 5.93940427
3.56333812 9.74369804 5.91221495
3.61002384 9.72530214 5.88529223
3.65621787 9.70572621 5.85862527
3.70188761 9.68498987 5.83220221
3.74700046 9.66311275 5.80601028
3.79152380 9.64011447 5.78003594
3.83542502 9.61601465 5.75426495
3.87867163 9.59083297 5.72868251
3.92125105 9.56460059 5.70327335
3.96319505 9.53737422 5.67802178
4.00454135 9.50921396 5.65291183
4.04532767 9.48017994 5.62769764
4.08559172 9.45033228 5.60210445
4.12537122 9.41973110 5.57607313
4.16470390 9.38843653 5.54954505
4.20361808 9.35650177 5.52246211
4.24200602 9.32387969 5.49476681
4.27965749 9.29044761 5.46640253
4.31635976 9.25608101 5.43731370
4.35190007 9.22065536 5.40744630
4.38606568 9.18404612 5.37674831
4.41864386 9.14612876 5.34517038
4.44942185 9.10677875 5.31266663
4.47823126 9.06591546 5.27919555
4.50509167 9.02364437 5.24472109
4.53007247 8.98012028 5.20921389
4.55324304 8.93549800 5.17265261
4.57467279 8.88993233 5.13502537
4.59443111 8.84357808 5.09633122
4.61258739 8.79659005 5.05824111
4.62921153 8.74911953 5.02247904
4.64438191 8.70125752 4.98910659
4.65818415 8.65304408 4.95815467
4.67070406 8.60451770 4.92962907
4.68202745 8.55571688 4.90351600
4.69224014 8.50668011 4.87978719
4.70142796 8.45744586 4.85840456
4.70967672 8.40805264 4.83932427
4.71707185 8.35853547 4.82250010
4.72369704 8.30891365 4.80788629
4.72963551 8.25920207 4.79543984
4.73497044 8.20941559 4.78512235
4.73978504 8.15956907 4.77690145
4.74416251 8.10967740 4.77075194
4.74818604 8.05975544 4.76665661
4.75193718 8.00981770 4.76460693
4.75546322 7.95987135 4.76460348
4.75877930 7.90991667 4.76566714
4.76189933 7.85995366 4.76682956
4.76483723 7.80998234 4.76811845
4.77079951 7.69859395 4.76956868
4.77244203 7.66529871 4.77122560
4.77402779 7.63199979 4.77315000
4.77556090 7.59869720 4.77542599
4.77704547 7.56539095 4.77817414
4.77848560 7.53208102 4.78157411
4.77988541 7.49876744 4.78486632
4.78124827 7.46545021 4.78683135
4.78257388 7.43212948 4.78704785
4.78386070 7.39880543 4.78520365
4.78510725 7.36547823 4.78119453
4.78631201 7.33214806 4.77518415
4.78747346 7.29881510 4.76758920
4.78859010 7.26547952 4.75898879
4.78966042 7.23214150 4.74999639
4.79068291 7.19880121 4.74195692
4.79165606 7.16545884 4.73539748
4.79257836 7.13211456 4.72983904
4.79344829 7.09876854 4.72495496
4.79426436 7.06542097 4.72050245
4.79502505 7.03207201 4.71628079
4.79572885 6.99872185 4.71210015
4.79637425 6.96537066 4.70775031
4.79695974 6.93201862 4.70295721
4.79748381 6.89866590 4.69765442
4.79794496 6.86531269 4.69226251
4.79834166 6.83195915 4.68723227
4.79867242 6.79860547 4.68304259
4.79893573 6.76525182 4.68006890
4.79913006 6.73189837 4.67847800
4.79925392 6.69854531 4.67820605
4.79930579 6.66519282 4.67902017
4.79922308 6.70890738 4.68061522
4.79930738 6.65882462 4.68223245
4.79922532 6.60874360 4.68343990
4.79897177 6.55866491 4.68436273
4.79854162 6.50858917 4.68507766
4.79792977 6.45851695 4.68563385
4.79713109 6.40844886 4.68606358
4.79614048 6.35838550 4.68638824
4.79495283 6.30832747 4.68662159
4.79356302 6.25827536 4.68677166
4.79196594 6.20822978 4.68697898
4.79015648 6.15819131 4.68738393
4.78812954 6.10816056 4.68798968
4.78587998 6.05813812 4.68879805
4.78340272 6.00812460 4.68980945
4.78069263 5.95812059 4.69102287
4.77775372 5.90812640 4.69243584
4.77466751 5.85813985 4.69404440
4.77155455 5.80815754 4.69584319
4.76853573 5.75817603 4.69769971
4.76573190 5.70819190 4.69948603
4.76326394 5.65820172 4.70120265
4.76125271 5.60820207 4.70285001
4.75981892 5.55818953 4.70442856
4.75901614 5.50816201 4.70593872
4.75872836 5.45812084 4.70738089
4.75881320 5.40806787 4.70875545
4.75912831 5.35800494 4.71006275
4.75953131 5.30793391 4.71130313
4.75987982 5.25785663 4.71247692
4.76003149 5.20777493 4.71358439
4.75985349 5.15769072 4.71462584
4.75937744 5.10760661 4.71560151
4.75877369 5.05752581 4.71651165
4.75821692 5.00745155 4.71735647
4.75788181 4.95738707 4.71813616
4.75794304 4.90733561 4.71885090
4.75857528 4.85730039 4.71950084
4.75995322 4.80728466 4.72008613
4.76217318 4.75728976 4.72060687
4.76499290 4.70730889 4.72106316
4.76807871 4.65733305 4.72145507
4.77109989 4.60735331 4.72178267
4.77386135 4.55736450 4.72204598
4.77635717 4.50736666 4.72224502
4.77859547 4.45736024 4.72237979
4.78058435 4.40734566 4.72245026
4.78233192 4.35732338 4.72245639
4.78384630 4.30729382 4.72239810
4.78513559 4.25725742 4.72227531
4.78620792 4.20721462 4.72208791
4.78707139 4.15716585 4.72183579
4.78773411 4.10711156 4.72151878
4.78820420 4.05705218 4.72113672
4.78848976 4.00698815 4.72068942
4.78859891 3.95691990 4.72017620
4.78853977 3.90684787 4.71959649
4.78832043 3.85677250 4.71895028
4.78794902 3.80669423 4.71823760
4.78743364 3.75661349 4.71745849
4.78678242 3.70653072 4.71661302
4.78600345 3.65644635 4.71570130
4.78510485 3.60636083 4.71472347
4.78409473 3.55627459 4.71367968
4.78298121 3.50618807 4.71257011
4.78177239 3.45610171 4.71139500
4.78047639 3.40601593 4.71015457
4.77910132 3.35593119 4.70884910
4.77765530 3.30584791 4.70747891
4.77614642 3.25576653 4.70604430
4.77458281 3.20568750 4.70454565
4.77297258 3.15561124 4.70298333
4.77132383 3.10553820 4.70135776
4.76964475 3.05546881 4.69966939
4.76795503 3.00540371 4.69791868
4.76629937 2.95534394 4.69610612
4.76472574 2.90529061 4.69423224
4.76328210 2.85524482 4.69229758
4.76201642 2.80520767 4.69030274
4.76097667 2.75518028 4.68824829
4.76021080 2.70516374 4.68613488
4.75976160 2.65515870 4.68396316
4.75959914 2.60515918 4.68173380
4.75963996 2.55515438 4.67944750
4.75979934 2.50513337 4.67710500
4.75999257 2.45508522 4.67470705
4.76013493 2.40499900 4.67225441
4.76014171 2.35486380 4.66974788
4.75992838 2.30466878 4.66718828
4.75943741 2.25441978 4.66457646
4.75866740 2.20415727 4.66191326
4.75762397 2.15392600 4.66028026
4.75631269 2.10377073 4.66075105
4.75473917 2.05373622 4.66331866
4.75290900 2.00386724 4.66798149
4.75082778 1.95420855 4.67474289
4.74850959 1.90478957 4.68361059
4.74608058 1.85543713 4.69459583
4.74374618 1.80583477 4.70771219
4.74171349 1.75566298 4.72297412
4.74018962 1.70460226 4.74039522
4.73937905 1.65239502 4.75998610
4.73946893 1.59919475 4.78175190
4.74063930 1.54532246 4.80568953
4.74307021 1.49109970 4.83178456
4.74694171 1.43684797 4.86000797
4.75243382 1.38288881 4.89031276
4.75972661 1.32954373 4.92263068
4.76900009 1.27713426 4.95686931
4.78043432 1.22598193 4.99568068
4.79420934 1.17640824 5.04241432
4.81050518 1.12873474 5.09818261
4.82950189 1.08328293 5.16430343
4.85137951 1.04037435 5.24220836
4.87631808 1.00033052 5.33324483
4.90449764 0.96347295 5.43831787
4.93609773 0.93012260 5.55735275
4.97116814 0.90044951 5.68868058
5.00945636 0.87427214 5.81504471
5.05066687 0.85135897 5.92089281
5.09450417 0.83147849 6.00721496
5.14067276 0.81439917 6.07607302
5.18887714 0.79988950 6.12970517
5.23882181 0.78771796 6.17007058
5.29021127 0.77765303 6.19866789
5.34275001 0.76946319 6.21648150
5.39614253 0.76291692 6.22396656
5.45009333 0.75778271 6.22632529
5.50430690 0.75382904 6.22872476
5.55848776 0.75082439 6.23115786
5.61234038 0.74853723 6.23361688
5.66556928 0.74673606 6.23609355
5.71789102 0.74519439 6.23857912
5.76925854 0.74378439 6.24106444
5.81984023 0.74246818 6.24354008
5.86981239 0.74121113 6.24599639
5.91935128 0.73997865 6.24842369
5.96863319 0.73873612 6.25081232
6.01783439 0.73744894 6.25315282
6.06713116 0.73608250 6.25543601
6.11666873 0.73461494 6.25765314
6.16644448 0.73308515 6.25979601
6.21641180 0.73155008 6.26185702
6.26652409 0.73006668 6.26382931
6.31673473 0.72869192 6.26570682
6.36699711 0.72748273 6.26746618
6.41726463 0.72649608 6.26909300
6.46749109 0.72578812 6.27059451
6.51765257 0.72537197 6.27197704
6.56775834 0.72519668 6.27324605
6.61782034 0.72520608 6.27440626
6.66785055 0.72534400 6.27546165
6.71786091 0.72555426 6.27641555
6.76786340 0.72578070 6.27727065
6.81786996 0.72596714 6.27802903
6.86789147 0.72606369 6.27869218
6.91792961 0.72607385 6.27926100
6.96798140 0.72602801 6.27973581
7.01804383 0.72595678 6.28011632
7.06811389 0.72589078 6.28040160
7.11818856 0.72586062 6.28059009
7.16826484 0.72589690 6.28067949
7.21833973 0.72603017 6.28066677
7.26841100 0.72626501 6.28059856
7.31847842 0.72654245 6.28052342
7.36854201 0.72679393 6.28044033
7.45333942 0.72696807 6.28034812
7.48667289 0.72688947 6.28024530
7.52000472 0.72669719 6.28013005
7.55333493 0.72637101 6.28000011
7.58666354 0.72589072 6.27985259
7.61999064 0.72525002 6.27968382
7.65331651 0.72447351 6.27950784
7.68664146 0.72358999 6.27934503
7.71996580 0.72262826 6.27920057
7.75328984 0.72161710 6.27907965
7.78661389 0.72058531 6.27898706
7.81993825 0.71956170 6.27892677
7.85326323 0.71857505 6.27890153
7.88658914 0.71765417 6.27891260
7.91991630 0.71682784 6.27895956
7.95324499 0.71612486 6.27902324
7.98657550 0.71557043 6.27908569
8.01990780 0.71516288 6.27914708
8.05324171 0.71488840 6.27920757
8.08657706 0.71473313 6.27926732
8.11991370 0.71468322 6.27932647
8.15325144 0.71472480 6.27938514
8.18659013 0.71484401 6.27944347
8.21992959 0.71502700 6.27950158
8.25326966 0.71525991 6.27955960
8.28661016 0.71552887 6.27961763
8.31995093 0.71582002 6.27967579
8.35329181 0.71611951 6.27973419
8.38663262 0.71641347 6.27979294
8.41997319 0.71668805 6.27985216
8.45331336 0.71692938 6.27991196
8.48665295 0.71712360 6.27997244
8.51999181 0.71725686 6.28003373
8.55332976 0.71731530 6.28008770
8.58666663 0.71728505 6.28012663
8.62000226 0.71715225 6.28015081
8.65333648 0.71690305 6.28015999
8.68666911 0.71652359 6.28015335
8.72000000 0.71600000 6.28012932
8.75347983 0.71431727 6.28008539
8.78695796 0.71306625 6.28001773
8.82043446 0.71221275 6.27992052
8.85390939 0.71172256 6.27990889
8.88738282 0.71156147 6.28010829
8.92085481 0.71169528 6.28047058
8.95432544 0.71208977 6.28090605
8.92085481 0.71169528 6.28133499
8.97106026 0.71237409 6.28165756
9.02126284 0.71352401 6.28186584
9.07146278 0.71502959 6.28200728
9.12166029 0.71677538 6.28210476
9.17185561 0.71864595 6.28218570
9.22204895 0.72052583 6.28226863
9.27224052 0.72229960 6.28235356
9.32243056 0.72385180 6.28244049
9.37261929 0.72506698 6.28252942
9.42280691 0.72582971 6.28262035
9.47299366 0.72602453 6.28271329
9.52317981 0.72556520 6.28280824
9.57336588 0.72454387 6.28290520
9.62355252 0.72312006 6.28300418
9.67374037 0.72145338 6.28310519
9.72393008 0.71970347 6.28320822
9.77412230 0.71802997 6.28331328
9.82431765 0.71659249 6.28342038
9.87451676 0.71554603 6.28352952
9.92471962 0.71493249 6.28364070
9.97492556 0.71467727 6.28375394
10.02513391 0.71470041 6.28386923
10.07534396 0.71492193 6.28398052
10.12555504 0.71526188 6.28408177
10.17576644 0.71564029 6.28417296
10.22597749 0.71597720 6.28425409
10.27618761 0.71620580 6.28432517
10.32639679 0.71632623 6.28438619
10.37660522 0.71635988 6.28443716
10.42681310 0.71632818 6.28447807
10.47702059 0.71625251 6.28450891
10.52722789 0.71615430 6.28452970
10.57743518 0.71605495 6.28454042
10.62764264 0.71597566 6.28454108
10.67785037 0.71592731 6.28453168
10.72805832 0.71590544 6.28451221
10.77826646 0.71590441 6.28448268
10.82847472 0.71591854 6.28444308
10.87868307 0.71594216 6.28439342
10.92889145 0.71596962 6.28433369
10.97909982 0.71599523 6.28426389
11.02930813 0.71601390 6.28418403
11.07951638 0.71602484 6.28409410
11.12972457 0.71602928 6.28399410
11.17993271 0.71602849 6.28388403
11.23014082 0.71602371 6.28376389
11.28034889 0.71601622 6.28363369
11.33055695 0.71600725 6.28349341
11.38076500 0.71599808 6.28334307
11.43097306 0.71598977 6.28318266
11.48118112 0.71598301 6.28301218
11.53138921 0.71597845 6.28283164
11.58159733 0.71597672 6.28264102
11.63180549 0.71597847 6.28244034
11.68201370 0.71598434 6.28222959
11.73222198 0.71599497 6.28200877
11.78243032 0.71601080 6.28177789
11.83263871 0.71602965 6.28153694
11.88284709 0.71604761 6.28128593
11.93305541 0.71606069 6.28102485
11.98326362 0.71606493 6.28075371
12.03347165 0.71605637 6.28047251
12.08367946 0.71603103 6.28018124
12.13388701 0.71598502 6.27987992
12.18409430 0.71592064 6.27956853
12.23430154 0.71585143 6.27924708
12.28450890 0.71579209 6.27891558
12.33471659 0.71575735 6.27857402
12.38492480 0.71576191 6.27822241
12.43513371 0.71582048 6.27786074
12.48534353 0.71594777 6.27748902
12.53555439 0.71615438 6.27710725
12.58576590 0.71640959 6.27671543
12.63597732 0.71665887 6.27631356
12.68618795 0.71684738 6.27590165
12.73639705 0.71692028 6.27547969
12.78660391 0.71682273 6.27504770
12.83680781 0.71649990 6.27460566
12.88700802 0.71589701 6.27415358
12.93720422 0.71498894 6.27369147
12.98739711 0.71382910 6.27321933
13.03758756 0.71248379 6.27273715
13.08777644 0.71101928 6.27224495
13.13796462 0.70950187 6.27174272
13.18815298 0.70799782 6.27123047
13.23834238 0.70657344 6.27070819
13.28853371 0.70529499 6.27017590
13.33872783 0.70422877 6.26963360
13.38892561 0.70344105 6.26908128
13.43912793 0.70299813 6.26851896
13.48933565 0.70296628 6.26794663
13.53954966 0.70341178 6.26736430
13.58977082 0.70440093 6.26677197
13.64000000 0.70600000 6.26677197
13.64000000 0.70600000 6.26677197
13.64000000 0.70600000 6.26677197
13.64000000 0.70600000 6.26677197
13.64000000 0.70600000 6.26677197
13.64000000 0.70600000 6.26677197
13.64000000 0.70600000 6.26677197
13.64000000 0.70600000 6.26677197
13.64000000 0.70600000 6.26677197
13.64000000 0.70600000 6.26677197
13.64000000 0.70600000 6.26677197
13.64000000 0.70600000 6.26677197
13.64000000 0.70600000 6.26677197
13.64000000 0.70600000 6.26677197
13.64000000 0.70600000 6.26677197
13.64000000 0.70600000 6.26677197
13.64000000 0.70600000 6.26677197
13.64000000 0.70600000 6.26677197
13.64000000 0.70600000 6.26677197
13.64000000 0.70600000 6.26677197
13.64000000 0.70600000 6.26677197
13.64000000 0.70600000 6.26677197
13.64000000 0.70600000 6.26677197
13.64000000 0.70600000 6.26677197
13.64000000 0.70600000 6.26677197
13.64000000 0.70600000 6.26677197
13.64000000 0.70600000 6.26677197
13.64000000 0.70600000 6.26677197
13.64000000 0.70600000 6.26677197
13.64000000 0.70600000 6.26677197
13.64000000 0.70600000 6.26677197
13.64000000 0.70600000 6.26677197
13.64000000 0.70600000 6.26677197
13.64000000 0.70600000 6.26677197
13.64000000 0.70600000 6.26677197
13.64000000 0.70600000 6.26677197
13.64000000 0.70600000 6.26677197
13.64000000 0.70600000 6.26677197
13.64000000 0.70600000 6.26677197
13.64000000 0.70600000 6.26677197
13.64000000 0.70600000 6.26677197
13.64000000 0.70600000 6.26677197
13.64000000 0.70600000 6.26677197
13.64000000 0.70600000 6.26677197
13.64000000 0.70600000 6.26677197
13.64000000 0.70600000 6.26677197
13.64000000 0.70600000 6.26677197
13.64000000 0.70600000 6.26677197
13.64000000 0.70600000 6.26677197
13.64000000 0.70600000 6.26677197
13.64000000 0.70600000 6.26677197
13.64000000 0.70600000 6.26677197
13.64000000 0.70600000 6.26677197
13.64000000 0.70600000 6.26677197
13.64000000 0.70600000 6.26677197
13.64000000 0.70600000 6.26677197
13.64000000 0.70600000 6.26677197
13.64000000 0.70600000 6.26677197
13.64000000 0.70600000 6.26677197
13.64000000 0.70600000 6.26677197
13.64000000 0.70600000 6.26677197
13.64000000 0.70600000 6.26677197
13.64000000 0.70600000 6.26677197
13.64000000 0.70600000 6.26677197
13.64000000 0.70600000 6.26677197
13.64000000 0.70600000 6.26677197
13.64000000 0.70600000 6.26677197
13.64000000 0.70600000 6.26677197
13.64000000 0.70600000 6.26677197
13.64000000 0.70600000 6.26677197
13.64000000 0.70600000 6.26677197
13.64000000 0.70600000 6.26677197
13.64000000 0.70600000 6.26677197
13.64000000 0.70600000 6.26677197
13.64000000 0.70600000 6.26677197
13.64000000 0.70600000 6.26677197
13.64000000 0.70600000 6.26677197
13.64000000 0.70600000 6.26677197
13.64000000 0.70600000 6.26677197
13.64000000 0.70600000 6.26677197
13.64000000 0.70600000 6.26677197
13.64000000 0.70600000 6.26677197
13.64000000 0.70600000 6.26677197
13.64000000 0.70600000 6.26677197
13.64000000 0.70600000 6.26677197
