5.24000000 4.62600000 1.57079633
5.24000000 4.65133333 1.57079633
5.24000000 4.67666667 1.57079633
5.24000000 4.70200000 1.57079633
5.24000000 4.72733333 1.57079633
5.24000000 4.75266667 1.57079633
5.24000000 4.77800000 1.57079633
5.24000000 4.80333333 1.57079633
5.24000000 4.82866667 1.57079633
5.24000000 4.85400000 1.57079633
5.24000000 4.87933333 1.57079633
5.24000000 4.90466667 1.57079633
5.24000000 4.93000000 1.57079633
5.24000000 4.95533333 1.57079633
5.24000000 4.98066667 1.57079633
5.24000000 5.00600000 1.57079633
5.24000000 5.03133333 1.57079633
5.24000000 5.05666667 1.57079633
5.24000000 5.08200000 1.57079633
5.24000000 5.10733333 1.57079633
5.24000000 5.13266667 1.57079633
5.24000000 5.15800000 1.57079633
5.24000000 5.18333333 1.57079633
5.24000000 5.20866667 1.57079633
5.24000000 5.23400000 1.57079633
5.24000000 5.25933333 1.57079633
5.24000000 5.28466667 1.57079633
5.24000000 5.31000000 1.57079633
5.24000000 5.33533333 1.57079633
5.24000000 5.36066667 1.57079633
5.24000000 5.38600000 1.57079633
5.24000000 5.41133333 1.57079633
5.24000000 5.43666667 1.57079633
5.24000000 5.46200000 1.57079633
5.24000000 5.48733333 1.57079633
5.24000000 5.51266667 1.57079633
5.24000000 5.53800000 1.57079633
5.24000000 5.56333333 1.57079633
5.24000000 5.58866667 1.57079633
5.24000000 5.61400000 1.57079633
5.24000000 5.63933333 1.57079633
5.24000000 5.66466667 1.57079633
5.24000000 5.69000000 1.57079633
5.24000000 5.71533333 1.57079633
5.24000000 5.74066667 1.57079633
5.24000000 5.76600000 1.57079633
5.24000000 5.76600000 1.57079633
5.24000000 5.76600000 1.57079633
5.24000000 5.76600000 1.57079633
5.24000000 5.76600000 1.57079633
5.24000000 5.76600000 1.57079633
5.24000000 5.76600000 1.57079633
5.24000000 5.76600000 1.57079633
5.24000000 5.76600000 1.57079633
5.24000000 5.76600000 1.57079633
5.24000000 5.76600000 1.57079633
5.24000000 5.76600000 1.57079633
5.24000000 5.76600000 1.57079633
5.24000000 5.76600000 1.57079633
5.24000000 5.76600000 1.57079633
5.24000000 5.76600000 1.57079633
5.24000000 5.76600000 1.57079633
5.24000000 5.76600000 1.57079633
5.24000000 5.76600000 1.57079633
5.24000000 5.76600000 1.57079633
5.24000000 5.76600000 1.57079633
5.24000000 5.76600000 1.57079633
5.24000000 5.76600000 1.57079633
5.24000000 5.76600000 1.57079633
5.24000000 5.76600000 1.57079633
5.24000000 5.76600000 1.57079633
5.24000000 5.76600000 1.57079633
5.24000000 5.76600000 1.57079633
5.24000000 5.76600000 1.57079633
5.24000000 5.76600000 1.57079633
5.24000000 5.76600000 1.57079633
5.24000000 5.76600000 1.57079633
5.24000000 5.76600000 1.57079633
5.24000000 5.76600000 1.57079633
5.24000000 5.76600000 1.57079633
5.24000000 5.76600000 1.57079633
5.24000000 5.76600000 1.57079633
5.24000000 5.76600000 1.57079633
5.24000000 5.76600000 1.57079633
5.24000000 5.76600000 1.57079633
5.24000000 5.76600000 1.57079633
5.24000000 5.76600000 1.57079633
5.24000000 5.76600000 1.57079633
5.24000000 5.76600000 1.57079633
5.24000000 5.76600000 1.57079633
5.24000000 5.76600000 1.57079633
5.24000000 5.76600000 1.57079633
5.24000000 5.76600000 1.57079633
5.24000000 5.76600000 1.57079633
5.24000000 5.76600000 1.57079633
5.24000000 5.76600000 1.57079633
5.24000000 5.76600000 1.57079633
5.24000000 5.76600000 1.57079633
5.24000000 5.76600000 1.57079633
5.24000000 5.76600000 1.57079633
5.24000000 5.76600000 1.57079633
5.24000000 5.76600000 1.57079633
5.24000000 5.76600000 1.57079633
5.24000000 5.76600000 1.57079633
5.24000000 5.76600000 1.57079633
5.24000000 5.76600000 1.57079633
5.24000000 5.76600000 1.57079633
5.24000000 5.76600000 1.57079633
5.24000000 5.76600000 1.57079633
5.24000000 5.76600000 1.57079633
5.24000000 5.76600000 1.57079633
5.24000000 5.76600000 1.57079633
5.24000000 5.76600000 1.57079633
5.24000000 5.76600000 1.57079633
5.24000000 5.76600000 1.57079633
5.24000000 5.76600000 1.57079633
5.24000000 5.76600000 1.57079633
5.24000000 5.76600000 1.57079633
5.24000000 5.76600000 1.57079633
5.24000000 5.76600000 1.57079633
5.24000000 5.76600000 1.57079633
5.24000000 5.76600000 1.57079633
5.24000000 5.76600000 1.57079633
5.24000000 5.76600000 1.57079633
5.24000000 5.76600000 1.57079633
5.24000000 5.76600000 1.57079633
5.24000000 5.76600000 1.57079633
5.24000000 5.76600000 1.57079633
5.24000000 5.76600000 1.57079633
5.24000000 5.76600000 1.57079633
