0.33000000
0.49115467
0.65969982
0.82575070
0.97942256
1.11083066
1.21009025
1.26731660
1.27789925
1.26469922
1.25785711
1.26432530
1.27398797
1.28111729
1.28565403
1.28786613
1.28802157
1.28638830
1.28323429
1.27882751
1.27343590
1.26735997
1.26198992
1.26003675
1.26326467
1.27062142
1.28057592
1.29159707
1.30215379
1.31071498
1.31574956
1.31572645
1.30911454
1.29438275
1.27000000
1.28534500
1.24724216
1.17377830
1.08304023
0.99305846
0.91995849
0.87753697
0.87079946
0.87900714
0.88048031
0.87840702
0.88539535
0.90326784
0.92362152
0.94224833
0.96555310
1.00037843
1.04687095
1.10262758
1.16643076
1.23806144
1.31710219
1.40268045
1.49390002
1.59001870
1.69036579
1.79460873
1.90269029
2.01557239
2.13593882
2.26555166
2.40137068
2.53932097
2.67893395
2.82217692
2.96965895
3.11954905
3.27044878
3.42368982
3.58112084
3.74237903
3.90556513
4.06874888
4.23000000
4.39214547
4.55528566
4.71841043
4.88050962
5.04058272
5.19827890
5.35429734
5.50931752
5.66350428
5.81690444
5.96990258
6.12312249
6.27723623
6.43299286
6.59094631
6.75052369
6.91080052
7.07148700
7.23282664
7.39491260
7.55746870
7.72019442
7.88294252
8.04563030
8.20831459
8.37118145
8.53419778
8.69681816
8.85872274
9.02142434
9.18683798
9.35073898
9.50313192
9.64011798
9.77361429
9.91667785
10.07306092
10.24211395
10.41476002
10.57299846
10.69912131
10.79947117
10.90945860
11.05443785
11.22208777
11.39281057
11.54881550
11.67602774
11.77488603
11.84980752
11.89484913
11.89547934
11.84623842
11.76083117
11.65306917
11.52426976
11.37242728
11.20903360
11.05529955
10.92857595
10.83145369
10.76138514
10.69893429
10.61541028
10.48202742
10.27000000
10.09070080
9.93574757
9.79474100
9.65728179
9.51311395
9.35808131
9.19627004
9.03157150
8.86584583
8.70043162
8.53541535
8.37040191
8.20525788
8.04008438
7.87494448
7.70982318
7.54473202
7.37981836
7.21524584
7.05099552
6.88695052
6.72344188
6.56140793
6.40115287
6.24105670
6.07971794
5.91905360
5.76204090
5.60885564
5.45730130
5.30510653
5.15000000
4.99208961
4.83178077
4.66976183
4.50672109
4.34334481
4.18020591
4.01770782
3.85644895
3.69782831
3.54334560
3.39353791
3.24837240
3.10820341
2.97395653
2.84635188
2.72523793
2.61032786
2.50189880
2.40062000
2.30946673
2.23441868
2.17796616
2.13112588
2.08421628
2.04045130
2.00935856
1.99414755
1.98994990
1.99207288
1.99806889
2.00602526
2.01477475
2.02350249
2.02992979
2.02991849
2.02156244
2.01187069
2.00950859
2.01818324
2.03868015
2.07814135
2.15313394
2.27939343
2.44639317
2.62212193
2.78687470
2.94645260
3.10820569
3.27208935
3.43579011
3.59873451
3.76162233
3.92461307
4.08768827
4.25082938
4.41401788
4.57723524
4.74046292
4.90368241
5.06687517
5.23002643
5.39314951
5.55627003
5.71939974
5.88253258
6.04566321
6.20879235
6.37192176
6.53505175
6.69818190
6.86131189
7.02444151
7.18757082
7.35070066
7.51383198
7.67696501
7.84009901
8.00323317
8.16636670
8.32949879
8.49262863
8.65575541
8.81887834
8.98199667
9.14511663
9.30825767
9.47142582
9.63455285
9.79756309
9.96061495
10.12404248
10.28765058
10.45026042
10.60977168
10.76017412
10.89401861
10.99935511
11.06062380
11.07604841
11.07050242
11.06758466
11.06918925
11.07058044
11.07038785
11.06987630
11.06980162
11.06999873
11.07021074
11.07014014
11.06956688
11.06929510
11.07074564
11.07263655
11.06951125
11.06003447
11.05748978
11.07372451
11.08053934
11.02962851
10.91764624
10.79863098
10.71439286
10.66037254
10.62643352
10.62702900
10.68792571
10.79927602
10.91362231
10.99492493
11.04281822
11.06292609
11.06388970
11.06000684
11.06261559
11.06849861
11.07126058
11.07058080
11.07003723
11.07072863
11.06982666
11.06653777
11.06783185
11.08156088
11.10918103
11.14886005
11.20244139
11.27610639
11.37265168
11.48315536
11.59762176
11.71672430
11.84629186
11.98792304
12.13798558
12.29325887
12.45258624
12.61504243
12.77863766
12.94089012
13.10022405
13.25613012
13.40725114
13.54956565
13.67934525
13.79911644
13.91425835
14.02348592
14.11652521
14.18626538
14.23758567
14.27694848
14.30309234
14.31044858
14.29740539
14.26737554
14.22378392
14.16906651
14.10494402
14.02756078
13.92982610
13.81207966
13.68483343
13.55957167
13.44864555
13.36385618
13.30933203
13.28455859
13.28314416
13.29014506
13.29308490
13.29122223
13.28659881
13.28180439
13.27969960
13.28036770
13.27991973
13.27574144
13.27091257
13.26932137
13.27003828
13.26936983
13.26558230
13.25970941
13.25343073
13.24997193
13.25231447
13.25772729
13.26035460
13.25921497
13.25997583
13.26693335
13.27686616
13.28490280
13.28932501
13.29057842
13.29016618
13.29015846
13.29082811
13.28990267
13.28593977
13.28112869
13.27828498
13.27842381
13.28149865
13.28631471
13.29012122
13.29099199
13.29023225
13.28969398
13.28979245
13.29014032
13.29034153
13.29000000
13.29000000
13.29000000
13.29000000
13.29000000
13.29000000
13.29000000
13.29000000
13.29000000
13.29000000
13.29000000
13.29000000
13.29000000
13.29000000
13.29000000
13.29000000
13.29000000
13.29000000
13.29000000
13.29000000
13.29000000
13.29000000
13.29000000
13.29000000
13.29000000
13.29000000
13.29000000
13.29000000
13.29000000
13.29000000
13.29000000
13.29000000
13.29000000
13.29000000
13.29000000
13.29000000
13.29000000
13.29000000
13.29000000
13.29000000
13.29000000
13.29000000
13.29000000
13.29000000
13.29000000
