14.17000000
14.20552619
14.19236327
14.13730599
14.04714911
13.92868739
13.78871559
13.63402848
13.47107130
13.30446894
13.13806110
12.97293144
12.80813219
12.64312822
12.47792940
12.31257706
12.14711256
11.98157722
11.81601239
11.65045942
11.48495962
11.31955306
11.15423638
10.98895362
10.82365992
10.65834975
10.49302420
10.32768439
10.16233143
9.99696644
9.83159054
9.66620482
9.50081042
9.33540844
9.17000000
8.99424214
8.83952640
8.69760826
8.56024320
8.41929980
8.27047504
8.11413363
7.95161940
7.78634815
7.62168343
7.45815585
7.29517264
7.13231908
6.96935344
6.80640687
6.64445554
6.48452550
6.32720499
6.17290657
6.02196692
5.87465858
5.73114239
5.59136168
5.45522018
5.32255026
5.19316089
5.06685249
4.94343875
4.82428721
4.71340893
4.61365383
4.52161842
4.43257668
4.34680876
4.26796675
4.19702563
4.13019846
4.06517651
4.00753781
3.96426235
3.93476100
3.91318607
3.89358369
3.87000000
3.87380575
3.87789468
3.88612512
3.90235546
3.93039397
3.97067683
4.01819035
4.06830450
4.12031711
4.17453520
4.23011865
4.28541048
4.33820809
4.38536587
4.42439936
4.45703377
4.48629048
4.51252191
4.53383866
4.54910396
4.55900058
4.56463827
4.56824209
4.57234038
4.57708935
4.58043421
4.58116625
4.58020487
4.57884755
4.57889820
4.58274022
4.60076320
4.65086638
4.73792655
4.83350720
4.90748019
4.95442049
4.97936101
4.97819483
4.93706850
4.84254323
4.71060529
4.59280437
4.52723341
4.50220763
4.50012083
4.53484499
4.62794076
4.76443603
4.91851368
5.07689329
5.23674804
5.39306959
5.53571299
5.65592923
5.75624238
5.84153844
5.89590150
5.88843932
5.79996448
5.65489079
5.48764697
5.33401279
5.23050840
5.21366156
5.32000000
5.29454687
5.33334226
5.41184072
5.50549680
5.58997978
5.65009866
5.68302438
5.69142616
5.69002342
5.69300475
5.69868119
5.69943444
5.69433637
5.68841995
5.68427073
5.67999452
5.67351362
5.66373524
5.64991068
5.63231797
5.61180319
5.58743733
5.55588133
5.51624596
5.47508849
5.43828811
5.39987892
5.35005734
5.28809829
5.22096518
5.15586380
5.10000000
5.05615329
5.02676941
5.00933409
5.00133303
5.00028901
5.00574811
5.02028185
5.04638947
5.08534315
5.13793138
5.20294011
5.27797528
5.36172728
5.45447860
5.55625602
5.66576162
5.78153488
5.90341810
6.03202750
6.16811298
6.31258542
6.46518967
6.62201297
6.77893643
6.93609134
7.09569842
7.25821229
7.42182646
7.58506472
7.74798537
7.91091739
8.07385056
8.23660684
8.39939920
8.56293813
8.72726386
8.88975418
9.04799919
9.20875786
9.38399067
9.56335313
9.70353640
9.76189113
9.75040429
9.72578720
9.72266117
9.72950303
9.73215501
9.73070307
9.72960343
9.72996070
9.73042696
9.73069495
9.73080028
9.73077863
9.73066571
9.73049721
9.73030881
9.73013621
9.73001510
9.72997392
9.72998703
9.73000502
9.73000531
9.72999967
9.72999837
9.72999972
9.73000011
9.72999973
9.73000064
9.73000202
9.72999950
9.72999234
9.72999161
9.73001043
9.73005208
9.73010675
9.73016371
9.73021227
9.73024169
9.73024127
9.73020028
9.73010802
9.72995459
9.72982267
9.72997108
9.73047976
9.73044190
9.72885175
9.72781493
9.73177082
9.73812662
9.73121505
9.69619094
9.62890317
9.52869385
9.39980192
9.25052182
9.08901176
8.92293377
8.75864137
8.59615167
8.43357050
8.27035990
8.10704321
7.94390832
7.78082391
7.61767170
7.45453765
7.29153394
7.12847441
6.96499135
6.80139360
6.63903569
6.47802615
6.31411392
6.14377379
5.97812179
5.83557211
5.71614434
5.59639132
5.45794984
5.30166140
5.13300692
4.96768355
4.82581099
4.70567821
4.58254318
4.43904555
4.28072273
4.11690781
3.95365185
3.79085304
3.62788527
3.46474307
3.30157194
3.13843916
2.97536019
2.81228488
2.64906313
2.48568938
2.32265936
2.16053899
1.99960159
1.84005252
1.68482988
1.54007097
1.40943479
1.28799600
1.17012508
1.05869251
0.96066423
0.87923064
0.81291848
0.76098753
0.72557044
0.70899990
0.71112655
0.73058490
0.76597234
0.81585319
0.87967947
0.95951151
1.05713098
1.16826254
1.28584369
1.40822142
1.54104352
1.68787316
1.84406535
2.00374229
2.16483529
2.32742226
2.49043729
2.65134887
2.80834460
2.96223695
3.11383486
3.25818421
3.38698019
3.49927734
3.60420815
3.71151647
3.83055734
3.96949880
4.12512706
4.28757867
4.45069476
4.61388981
4.77705043
4.94016215
5.10323549
5.26630132
5.42940192
5.59254063
5.75566494
5.91873946
6.08180586
6.24491658
6.40805669
6.57117278
6.73424660
6.89730927
7.06038476
7.22345929
7.38651542
7.54958068
7.71270646
7.87587206
8.03895887
8.20188700
8.36476273
8.52772909
8.69080187
8.85391718
9.01704820
9.18019072
9.34333133
9.50644322
9.66951360
9.83258317
9.99569794
10.15883839
10.32194832
10.48501560
10.64808901
10.81120565
10.97434708
11.13748514
11.30061352
11.46373811
11.62686493
11.79000000
11.79000000
11.79000000
11.79000000
11.79000000
11.79000000
11.79000000
11.79000000
11.79000000
11.79000000
11.79000000
11.79000000
11.79000000
11.79000000
11.79000000
11.79000000
11.79000000
11.79000000
11.79000000
11.79000000
11.79000000
11.79000000
11.79000000
11.79000000
11.79000000
11.79000000
11.79000000
11.79000000
11.79000000
11.79000000
11.79000000
11.79000000
11.79000000
11.79000000
11.79000000
11.79000000
11.79000000
11.79000000
11.79000000
11.79000000
11.79000000
11.79000000
11.79000000
11.79000000
11.79000000
