0.02288483 0.99973811
0.01885273 0.99982227
0.01514710 0.99988528
0.01176463 0.99993079
0.00870222 0.99996213
0.00595689 0.99998226
0.00352584 0.99999378
0.00140646 0.99999901
-0.00040370 0.99999992
-0.00190688 0.99999818
-0.00310512 0.99999518
-0.00400030 0.99999200
-0.00459407 0.99998945
-0.00488789 0.99998805
-0.00488303 0.99998808
-0.00458056 0.99998951
-0.00398136 0.99999207
-0.00308612 0.99999524
-0.00189534 0.99999820
-0.00040934 0.99999992
0.00137172 0.99999906
0.00344789 0.99999406
0.00581933 0.99998307
0.00848639 0.99996399
0.01144954 0.99993445
0.01470940 0.99989181
0.01826670 0.99983315
0.02212230 0.99975527
0.02627712 0.99965470
0.03073218 0.99952765
0.03548859 0.99937008
0.04054745 0.99917761
0.04590995 0.99894558
0.05157723 0.99866901
0.05755046 0.99834260
0.06383074 0.99796074
0.07041913 0.99751749
0.07731657 0.99700659
0.08452391 0.99642145
0.09204183 0.99575514
0.09987083 0.99500041
0.10801118 0.99414968
0.11646291 0.99319504
0.12522574 0.99212828
0.13429906 0.99094085
0.14368191 0.98962392
0.15337286 0.98816839
0.16337005 0.98656486
0.17367112 0.98480371
0.18427313 0.98287508
0.19517255 0.98076892
0.20636522 0.97847504
0.21784628 0.97598309
0.22961012 0.97328269
0.24165039 0.97036338
0.25395989 0.96721475
0.26653059 0.96382646
0.27935360 0.96018830
0.29215754 0.95637021
0.30467739 0.95245561
0.31691344 0.94845446
0.32886652 0.94437641
0.34053792 0.94023078
0.35192938 0.93602655
0.36304306 0.93177236
0.37388144 0.92747650
0.38444737 0.92314691
0.39474397 0.91879116
0.40477460 0.91441649
0.41454287 0.91002978
0.42405256 0.90563758
0.43330763 0.90124608
0.44231215 0.89686117
0.45107033 0.89248841
0.45958645 0.88813304
0.46786485 0.88380003
0.47590992 0.87949403
0.48372609 0.87521944
0.49131777 0.87098040
0.49868938 0.86678077
0.50584531 0.86262421
0.51278993 0.85851412
0.51952755 0.85445370
0.52606242 0.85044596
0.53239874 0.84649370
0.53854062 0.84259955
0.54449210 0.83876597
0.55025711 0.83499528
0.55583950 0.83128963
0.56124302 0.82765106
0.56647131 0.82408146
0.57152789 0.82058264
0.57641619 0.81715627
0.58113950 0.81380396
0.58570100 0.81052720
0.59010374 0.80732743
0.59435066 0.80420600
0.59844456 0.80116422
0.60238811 0.79820334
0.60618385 0.79532455
0.60983420 0.79252902
0.61334143 0.78981788
0.61670768 0.78719225
0.61993495 0.78465321
0.62302510 0.78220185
0.62597985 0.77983923
0.62880078 0.77756644
0.63148933 0.77538457
0.63404676 0.77329471
0.63647422 0.77129797
0.63877269 0.76939551
0.64094299 0.76758849
0.64298577 0.76587812
0.64490155 0.76426566
0.64701831 0.76247446
0.64965940 0.76022540
0.65281472 0.75751762
0.65646957 0.75435251
0.66060483 0.75073381
0.66519716 0.74666776
0.67021932 0.74216310
0.67564055 0.73723120
0.68142707 0.73188602
0.68754255 0.72614409
0.69394871 0.72002444
0.70060588 0.71354845
0.70747366 0.70673972
0.71451144 0.69962376
0.72167905 0.69222782
0.72801554 0.68556063
0.73267551 0.68057814
0.73576751 0.67723420
0.73736933 0.67548980
0.73753070 0.67531360
0.73627538 0.67668203
0.73360238 0.67957895
0.72948668 0.68399502
0.72387926 0.68992668
0.71670667 0.69737475
0.70787013 0.70634260
0.69724424 0.71683364
0.68467550 0.72884804
0.66998071 0.74237851
0.65338452 0.75702620
0.63515595 0.77238392
0.61514719 0.78841228
0.59320053 0.80505474
0.56915016 0.82223360
0.54282512 0.83984575
0.51405363 0.85775805
0.48266913 0.87580278
0.44851834 0.89377363
0.41147142 0.91142266
0.37143443 0.92845919
0.32836346 0.94455145
0.28227992 0.95933208
0.23328558 0.97240827
0.18437606 0.98285577
0.13882461 0.99031698
0.09709170 0.99527544
0.05948005 0.99822949
0.02615666 0.99965786
-0.00281928 0.99999603
-0.02746786 0.99962269
-0.04786242 0.99885394
-0.06410775 0.99794298
-0.07632317 0.99708313
-0.08463014 0.99641243
-0.08914410 0.99601874
-0.08996958 0.99594451
-0.08719835 0.99619097
-0.08275288 0.99657010
-0.07849350 0.99691463
-0.07440987 0.99722774
-0.07049241 0.99751232
-0.06673226 0.99777092
-0.06312119 0.99800587
-0.05965161 0.99821926
-0.05631643 0.99841297
-0.05310909 0.99858872
-0.05002350 0.99874804
-0.04705399 0.99889235
-0.04419528 0.99902291
-0.04144246 0.99914089
-0.03879099 0.99924735
-0.03623660 0.99934324
-0.03377537 0.99942945
-0.03140361 0.99950679
-0.02911792 0.99957598
-0.02691514 0.99963772
-0.02479235 0.99969262
-0.02274683 0.99974126
-0.02077609 0.99978415
-0.01887784 0.99982180
-0.01704996 0.99985464
-0.01529054 0.99988309
-0.01359785 0.99990754
-0.01197032 0.99992835
-0.01040658 0.99994585
-0.00886584 0.99996070
-0.00730961 0.99997328
-0.00574017 0.99998353
-0.00415990 0.99999135
-0.00257127 0.99999669
-0.00097685 0.99999952
0.00062072 0.99999981
0.00221876 0.99999754
0.00381452 0.99999272
0.00540523 0.99998539
0.00698811 0.99997558
0.00856037 0.99996336
0.01011924 0.99994880
0.01166198 0.99993200
0.01318592 0.99991306
0.01468843 0.99989212
0.01616696 0.99986931
0.01761908 0.99984477
0.01904244 0.99981868
0.02043482 0.99979119
0.02179413 0.99976248
0.02311843 0.99973273
0.02440591 0.99970213
0.02565493 0.99967086
0.02686401 0.99963910
0.02803184 0.99960703
0.02915726 0.99957484
0.03023929 0.99954269
0.03102517 0.99951860
0.03127113 0.99951094
0.03098833 0.99951975
0.03018606 0.99954430
0.02887181 0.99958312
0.02705139 0.99963404
0.02472902 0.99969419
0.02190739 0.99976000
0.01858774 0.99982723
0.01476992 0.99989092
0.01045246 0.99994537
0.00563261 0.99998414
0.00030640 0.99999995
-0.00553131 0.99998470
-0.01188680 0.99992935
-0.01876741 0.99982388
-0.02618150 0.99965721
-0.03413839 0.99941712
-0.04264831 0.99909015
-0.05172231 0.99866151
-0.06137218 0.99811495
-0.07161036 0.99743268
-0.08244983 0.99659522
-0.09390396 0.99558126
-0.10598639 0.99436758
-0.11871079 0.99292887
-0.13209074 0.99123763
-0.14613939 0.98926401
-0.16086923 0.98697573
-0.17623767 0.98434764
-0.19220110 0.98135556
-0.20876877 0.97796503
-0.22594823 0.97413931
-0.24374499 0.96983936
-0.26216206 0.96502386
-0.28119951 0.95964933
-0.30085393 0.95367023
-0.32111792 0.94703922
-0.34197950 0.93970741
-0.36342156 0.93162480
-0.38542123 0.92274074
-0.40794937 0.91300455
-0.43096996 0.90236627
-0.45443973 0.89077749
-0.47830770 0.87819232
-0.50251499 0.86456850
-0.52699471 0.84986857
-0.55167207 0.83406111
-0.57646473 0.81712203
-0.60128338 0.79903585
-0.62603261 0.77979688
-0.65061202 0.75941030
-0.67491762 0.73789309
-0.69884348 0.71527463
-0.72228353 0.69159706
-0.74513355 0.66691529
-0.76729313 0.64129654
-0.78811606 0.61552667
-0.80712590 0.59037936
-0.82447622 0.56589661
-0.84031263 0.54210210
-0.85477152 0.51900448
-0.86797942 0.49660017
-0.88005281 0.47487583
-0.89109827 0.45381040
-0.90121283 0.43337677
-0.91048453 0.41354314
-0.91899291 0.39427407
-0.92680971 0.37553130
-0.93399947 0.35727439
-0.94062010 0.33946108
-0.94672349 0.32204757
-0.95235598 0.30498866
-0.95755889 0.28823770
-0.96236887 0.27174650
-0.96681829 0.25546507
-0.97093550 0.23934128
-0.97474510 0.22332038
-0.97826800 0.20734444
-0.98152156 0.19135156
-0.98451952 0.17527497
-0.98727183 0.15904194
-0.98978439 0.14257231
-0.99205855 0.12577688
-0.99409042 0.10855524
-0.99584333 0.09108269
-0.99728360 0.07365744
-0.99841067 0.05635719
-0.99922887 0.03926405
-0.99974766 0.02246374
-0.99998173 0.00604475
-0.99995097 -0.00990268
-0.99968022 -0.02528756
-0.99919891 -0.04001916
-0.99854050 -0.05400808
-0.99774173 -0.06716721
-0.99684183 -0.07941265
-0.99588149 -0.09066450
-0.99490188 -0.10084763
-0.99394351 -0.10989226
-0.99304511 -0.11773449
-0.99224259 -0.12431670
-0.99156794 -0.12958791
-0.99104826 -0.13350408
-0.99070495 -0.13602832
-0.99055290 -0.13713117
-0.99059995 -0.13679084
-0.99084649 -0.13499348
-0.99128517 -0.13173349
-0.99190094 -0.12701384
-0.99267121 -0.12084645
-0.99356624 -0.11325249
-0.99454978 -0.10426279
-0.99550005 -0.09476099
-0.99632936 -0.08560264
-0.99704778 -0.07678362
-0.99766485 -0.06829962
-0.99818958 -0.06014620
-0.99863043 -0.05231882
-0.99899540 -0.04481289
-0.99929198 -0.03762376
-0.99952720 -0.03074684
-0.99970768 -0.02417753
-0.99983958 -0.01791134
-0.99992867 -0.01194382
-0.99998034 -0.00627065
-0.99999961 -0.00088762
-0.99999114 0.00420934
-0.99995928 0.00902414
-0.99990805 0.01356054
-0.99984117 0.01782212
-0.99976208 0.02181228
-0.99967395 0.02553423
-0.99957967 0.02899098
-0.99948192 0.03218535
-0.99938310 0.03511993
-0.99928543 0.03779712
-0.99919089 0.04021908
-0.99910123 0.04238778
-0.99901805 0.04430493
-0.99894273 0.04597206
-0.99887644 0.04739043
-0.99882021 0.04856110
-0.99877487 0.04948488
-0.99874108 0.05016237
-0.99871931 0.05059391
-0.99870988 0.05077963
-0.99871294 0.05071940
-0.99872846 0.05041287
-0.99875624 0.04985944
-0.99879592 0.04905829
-0.99884693 0.04800834
-0.99890857 0.04670828
-0.99897992 0.04515656
-0.99905989 0.04335137
-0.99914718 0.04129070
-0.99924029 0.03897226
-0.99933754 0.03639353
-0.99943698 0.03355177
-0.99953647 0.03044397
-0.99963362 0.02706691
-0.99972578 0.02341713
-0.99981003 0.01949093
-0.99988319 0.01528440
-0.99994175 0.01079339
-0.99998192 0.00601355
-0.99999956 0.00094032
-0.99999018 -0.00443107
-0.99994894 -0.01010555
-0.99987058 -0.01608826
-0.99975840 -0.02198054
-0.99962535 -0.02737066
-0.99947998 -0.03224554
-0.99933022 -0.03659379
-0.99918335 -0.04040576
-0.99904586 -0.04367353
-0.99892336 -0.04639095
-0.99882058 -0.04855359
-0.99874126 -0.05015875
-0.99868814 -0.05120545
-0.99866295 -0.05169439
-0.99866639 -0.05162790
-0.99869814 -0.05100997
-0.99875691 -0.04984613
-0.99884238 -0.04810307
-0.99895258 -0.04575747
-0.99908210 -0.04283650
-0.99922455 -0.03937382
-0.99937291 -0.03540872
-0.99951985 -0.03098498
-0.99965804 -0.02614978
-0.99978047 -0.02095252
-0.99988074 -0.01544368
-0.99995321 -0.00967380
-0.99999318 -0.00369250
-0.99999699 0.00245234
-0.99996202 0.00871528
-0.99988668 0.01505383
-0.99978767 0.02060610
-0.99969656 0.02463299
-0.99962840 0.02725917
-0.99959132 0.02858672
-0.99958811 0.02869872
-0.99961733 0.02766217
-0.99967405 0.02553026
-0.99975033 0.02234430
-0.99983554 0.01813524
-0.99991647 0.01292488
-0.99997737 0.00672693
-0.99999990 -0.00045215
-0.99996291 -0.00861248
-0.99984228 -0.01776011
-0.99961041 -0.02791108
-0.99923555 -0.03909359
-0.99868119 -0.05134081
-0.99790528 -0.06469201
-0.99685936 -0.07919223
-0.99548758 -0.09489191
-0.99372550 -0.11184644
-0.99149885 -0.13011549
-0.98872205 -0.14976219
-0.98529671 -0.17085198
-0.98110994 -0.19345099
-0.97603268 -0.21762399
-0.96991806 -0.24343162
-0.96259994 -0.27092686
-0.95399006 -0.29983824
-0.94405334 -0.32979281
-0.93269548 -0.36066485
-0.91983538 -0.39230456
-0.90540962 -0.42453907
-0.88937691 -0.45717471
-0.87172208 -0.49000062
-0.85245928 -0.52279363
-0.83163400 -0.55532413
-0.80932373 -0.58736284
-0.78563695 -0.61868779
-0.76071054 -0.64909127
-0.73470560 -0.67838609
-0.70780219 -0.70641069
-0.68019314 -0.73303294
-0.65302430 -0.75733695
-0.62729624 -0.77878073
-0.60296249 -0.79776954
-0.57995133 -0.81465112
-0.55817584 -0.82972269
-0.53754069 -0.84323781
-0.51794669 -0.85541290
-0.49929345 -0.86643294
-0.48148093 -0.87645657
-0.46440996 -0.88562034
-0.44798215 -0.89404250
-0.43209921 -0.90182608
-0.41666170 -0.90906162
-0.40156736 -0.91582949
-0.38617833 -0.92242414
-0.36993721 -0.92905676
-0.35286728 -0.93567338
-0.33500344 -0.94221691
-0.31639285 -0.94862826
-0.29709525 -0.95484785
-0.27718283 -0.96081719
-0.25673964 -0.96648060
-0.23586058 -0.97178690
-0.21464985 -0.97669107
-0.19321897 -0.98115566
-0.17168454 -0.98515198
-0.15016559 -0.98866086
-0.12878098 -0.99167306
-0.10764673 -0.99418921
-0.08687354 -0.99621935
-0.06656456 -0.99778212
-0.04681356 -0.99890364
-0.02770358 -0.99961618
-0.00930591 -0.99995670
0.00832031 -0.99996539
0.02512819 -0.99968424
0.04108273 -0.99915575
0.05616024 -0.99842177
0.07034748 -0.99752255
0.08364061 -0.99649599
0.09604412 -0.99537708
0.10756971 -0.99419754
0.11643156 -0.99319872
0.12108068 -0.99264267
0.12176542 -0.99255891
0.11858572 -0.99294382
0.11150388 -0.99376400
0.10034578 -0.99495262
0.08479308 -0.99639858
0.06436680 -0.99792631
0.03840263 -0.99926235
0.00601936 -0.99998188
-0.03391484 -0.99942473
-0.08280535 -0.99656574
-0.14231322 -0.98982167
-0.21423169 -0.97678287
-0.29545973 -0.95535519
-0.38070883 -0.92469497
-0.46788395 -0.88378991
-0.55429043 -0.83232332
-0.63693425 -0.77091813
-0.71297061 -0.70119392
-0.78016588 -0.62557269
-0.83721046 -0.54688083
-0.88378681 -0.46788981
-0.92041251 -0.39094861
-0.94816095 -0.31779051
-0.96837234 -0.24950953
-0.98242673 -0.18664866
-0.99160096 -0.12933495
-0.99685409 -0.07925863
-0.99930067 -0.03739207
-0.99999653 -0.00263601
-0.99966294 0.02596154
-0.99878944 0.04918993
-0.99770687 0.06768316
-0.99663767 0.08193508
-0.99572980 0.09231555
-0.99507903 0.09908445
-0.99474310 0.10240196
-0.99474999 0.10233502
-0.99510141 0.09885943
-0.99577213 0.09185780
-0.99670492 0.08111293
-0.99764077 0.06865051
-0.99838839 0.05675052
-0.99896456 0.04549514
-0.99938855 0.03496460
-0.99968152 0.02523603
-0.99986580 0.01638237
-0.99996412 0.00847131
-0.99999878 0.00156435
-0.99999082 -0.00428404
-0.99995925 -0.00902717
-0.99992028 -0.01262676
-0.99988669 -0.01505338
-0.99986736 -0.01628690
-0.99986687 -0.01631670
-0.99987586 -0.01575661
-0.99988413 -0.01522274
-0.99989173 -0.01471503
-0.99989870 -0.01423344
-0.99990508 -0.01377794
-0.99991090 -0.01334849
-0.99991621 -0.01294504
-0.99992103 -0.01256757
-0.99992538 -0.01221602
-0.99992931 -0.01189037
-0.99993283 -0.01159058
-0.99993597 -0.01131662
-0.99993874 -0.01106845
-0.99994118 -0.01084604
-0.99994329 -0.01064936
-0.99994510 -0.01047838
-0.99994661 -0.01033306
-0.99994784 -0.01021338
-0.99994880 -0.01011932
-0.99994949 -0.01005083
-0.99994992 -0.01000791
-0.99995009 -0.00999051
-0.99995001 -0.00999863
-0.99994968 -0.01003222
-0.99994908 -0.01009128
-0.99994823 -0.01017577
-0.99994710 -0.01028568
-0.99994570 -0.01042099
-0.99994401 -0.01058168
-0.99994203 -0.01076772
-0.99993973 -0.01097911
-0.99993710 -0.01121582
-0.99993413 -0.01147784
-0.99993079 -0.01176515
-0.99992706 -0.01207775
-0.99992292 -0.01241561
-0.99991835 -0.01277872
-0.99991331 -0.01316707
-0.99990778 -0.01358066
-0.99990172 -0.01401946
-0.99989511 -0.01448348
-0.99988790 -0.01497269
-0.99988007 -0.01548710
-0.99987156 -0.01602670
-0.99986235 -0.01659148
-0.99985239 -0.01718142
-0.99984163 -0.01779654
-0.99983003 -0.01843682
-0.99981754 -0.01910226
-0.99980410 -0.01979285
-0.99978968 -0.02050859
-0.99977420 -0.02124949
-0.99975763 -0.02201553
-0.99973989 -0.02280672
-0.99972094 -0.02362305
-0.99970070 -0.02446453
-0.99967911 -0.02533116
-0.99965972 -0.02608551
-0.99964642 -0.02659030
-0.99963959 -0.02684565
-0.99963943 -0.02685161
-0.99964594 -0.02660811
-0.99965895 -0.02611496
-0.99967808 -0.02537192
-0.99970280 -0.02437862
-0.99973236 -0.02313459
-0.99976584 -0.02163928
-0.99980213 -0.01989206
-0.99983992 -0.01789219
-0.99987771 -0.01563885
-0.99991378 -0.01313117
-0.99994625 -0.01036817
-0.99997300 -0.00734882
-0.99999171 -0.00407205
-0.99999986 -0.00053672
-0.99999469 0.00325835
-0.99997325 0.00731437
-0.99993234 0.01163256
-0.99986854 0.01621415
-0.99977821 0.02106037
-0.99965744 0.02617244
-0.99950213 0.03155152
-0.99930789 0.03719874
-0.99907011 0.04311516
-0.99878393 0.04930175
-0.99843849 0.05586219
-0.99801982 0.06290020
-0.99751768 0.07041643
-0.99692111 0.07841112
-0.99621843 0.08688401
-0.99539730 0.09583428
-0.99444469 0.10526040
-0.99334694 0.11516011
-0.99208979 0.12553026
-0.99065842 0.13636675
-0.98903753 0.14766439
-0.98721136 0.15941685
-0.98516383 0.17161650
-0.98287859 0.18425436
-0.98033914 0.19731996
-0.97752893 0.21080130
-0.97443151 0.22468474
-0.97103065 0.23895495
-0.96731053 0.25359485
-0.96325583 0.26858555
-0.95885200 0.28390640
-0.95408534 0.29953492
-0.94894323 0.31544689
-0.94341433 0.33161635
-0.93748870 0.34801572
-0.93115801 0.36461590
-0.92441572 0.38138639
-0.91725718 0.39829546
-0.90999086 0.41462830
-0.90296171 0.42972102
-0.89621613 0.44361769
-0.88979418 0.45636204
-0.88373024 0.46799664
-0.87805360 0.47856229
-0.87278910 0.48809751
-0.86795768 0.49663816
-0.86357692 0.50421712
-0.85966147 0.51086414
-0.85622351 0.51660556
-0.85327309 0.52146432
-0.85081844 0.52545978
-0.84886625 0.52860769
-0.84742185 0.53092016
-0.84648940 0.53240558
-0.84607199 0.53306865
-0.84617174 0.53291030
-0.84678980 0.53192766
-0.84792634 0.53011406
-0.84958051 0.52745897
-0.85175027 0.52394797
-0.85443231 0.51956272
-0.85762178 0.51428094
-0.86131201 0.50807639
-0.86549425 0.50091887
-0.87015718 0.49277428
-0.87528652 0.48360469
-0.88086449 0.47336851
-0.88662850 0.46248233
-0.89232394 0.45139559
-0.89794201 0.44011379
-0.90347391 0.42864309
-0.90891094 0.41699029
-0.91424452 0.40516287
-0.91946623 0.39316898
-0.92456788 0.38101737
-0.92954153 0.36871742
-0.93437958 0.35627911
-0.93907476 0.34371294
-0.94362024 0.33102997
-0.94800960 0.31824172
-0.95223694 0.30536015
-0.95629685 0.29239758
-0.96018449 0.27936668
-0.96389561 0.26628040
-0.96742655 0.25315189
-0.97077426 0.23999443
-0.97393636 0.22682144
-0.97691108 0.21364631
-0.97969730 0.20048244
-0.98229454 0.18734309
-0.98470297 0.17424141
-0.98692335 0.16119027
-0.98895706 0.14820233
-0.99080606 0.13528988
-0.99247285 0.12246485
-0.99393336 0.10998402
-0.99517699 0.09809569
-0.99622595 0.08679783
-0.99710116 0.07608729
-0.99782227 0.06596004
-0.99840762 0.05641127
-0.99887430 0.04743564
-0.99923814 0.03902737
-0.99951377 0.03118041
-0.99971463 0.02388853
-0.99985301 0.01714545
-0.99994010 0.01094494
-0.99998606 0.00528087
-0.99999999 0.00014732
-0.99999005 -0.00446139
-0.99996344 -0.00855062
-0.99992649 -0.01212537
-0.99988462 -0.01519025
-0.99984247 -0.01774947
-0.99980383 -0.01980675
-0.99977173 -0.02136538
-0.99974846 -0.02242814
-0.99973553 -0.02299732
-0.99973374 -0.02307473
-0.99974319 -0.02266167
-0.99976325 -0.02175895
-0.99979257 -0.02036688
-0.99982913 -0.01848530
-0.99986579 -0.01638322
-0.99989733 -0.01432936
-0.99992407 -0.01232284
-0.99994630 -0.01036282
-0.99996431 -0.00844850
-0.99997836 -0.00657911
-0.99998870 -0.00475393
-0.99999558 -0.00297225
-0.99999924 -0.00123342
-0.99999989 0.00046320
-0.99999776 0.00211820
-0.99999304 0.00373213
-0.99998593 0.00530553
-0.99997661 0.00683891
-0.99996528 0.00833272
-0.99995210 0.00978740
-0.99993724 0.01120337
-0.99992086 0.01258099
-0.99990310 0.01392061
-0.99988413 0.01522254
-0.99986408 0.01648708
-0.99984309 0.01771446
-0.99982129 0.01890492
-0.99979881 0.02005864
-0.99977577 0.02117580
-0.99975229 0.02225650
-0.99972850 0.02330086
-0.99970449 0.02430894
-0.99970449 0.02430927
-0.99975089 0.02231928
-0.99983190 0.01833515
-0.99992348 0.01237069
-0.99999006 0.00445785
-0.99998567 -0.00535279
-0.99985563 -0.01699179
-0.99953870 -0.03037080
-0.99896966 -0.04538295
-0.99808213 -0.06190370
-0.99681151 -0.07979232
-0.99509799 -0.09889381
-0.99288926 -0.11904162
-0.99014292 -0.14006070
-0.98736216 -0.15848018
-0.98522399 -0.17127083
-0.98388316 -0.17881253
-0.98341808 -0.18135290
-0.98384649 -0.17901417
-0.98513203 -0.17179897
-0.98718269 -0.15959427
-0.98984162 -0.14217442
-0.99286970 -0.11920467
-0.99591930 -0.09024830
-0.99849832 -0.05478232
-0.99992522 -0.01222927
-0.99927835 0.03798382
-0.99534985 0.09632587
-0.98737041 0.15842877
-0.97567381 0.21922733
-0.96057006 0.27803806
-0.94247357 0.33428068
-0.92186928 0.38750100
-0.89927674 0.43738008
-0.87521694 0.48373062
-0.85018520 0.52648374
-0.82463187 0.56566976
-0.79895078 0.60139641
-0.77347453 0.63382738
-0.74847502 0.66316298
-0.72416769 0.68962392
-0.70071777 0.71343858
-0.67923537 0.73392051
-0.66092582 0.75045124
-0.64599452 0.76334205
-0.63457073 0.77286480
-0.62672571 0.77923994
-0.62248720 0.78262998
-0.62184957 0.78313672
-0.62477967 0.78080110
-0.63121851 0.77560505
-0.64107904 0.76747486
-0.65424039 0.75628666
-0.67053909 0.74187420
-0.68975799 0.72403999
-0.71161397 0.70257068
-0.73409293 0.67904901
-0.75544656 0.65521026
-0.77573142 0.63106320
-0.79500050 0.60660877
-0.81330264 0.58184089
-0.83068205 0.55674710
-0.84717798 0.53130921
-0.86282432 0.50550389
-0.87764936 0.47930325
-0.89167545 0.45267527
-0.90491876 0.42558434
-0.91738899 0.39799176
-0.92908903 0.36985616
-0.94001465 0.34113407
-0.95015417 0.31178046
-0.95948803 0.28174939
-0.96798846 0.25099470
-0.97561905 0.21947089
-0.98233438 0.18713408
-0.98807970 0.15394319
-0.99279065 0.11986126
-0.99639314 0.08485702
-0.99880335 0.04890667
-0.99992805 0.01199590
-0.99966511 -0.02587787
-0.99790456 -0.06470306
-0.99452999 -0.10445143
-0.98942059 -0.14507546
-0.98260532 -0.18570617
-0.97425467 -0.22545028
-0.96446227 -0.26422060
-0.95332486 -0.30194654
-0.94093994 -0.33857353
-0.92740372 -0.37406194
-0.91280941 -0.40838582
-0.89724577 -0.44153146
-0.88079605 -0.47349585
-0.86353723 -0.50428509
-0.84553947 -0.53391292
-0.82686585 -0.56239921
-0.80757227 -0.58976863
-0.78770751 -0.61604941
-0.76731347 -0.64127221
-0.74642537 -0.66546914
-0.72507217 -0.68867289
-0.70327694 -0.71091599
-0.68105730 -0.73223013
-0.65842582 -0.75264563
-0.63539052 -0.77219096
-0.61195528 -0.79089237
-0.58812027 -0.80877348
-0.56388241 -0.82585509
-0.53923579 -0.84215484
-0.51417205 -0.85768707
-0.48868086 -0.87246262
-0.46275028 -0.88648868
-0.43665565 -0.89962873
-0.41069090 -0.91177464
-0.38486664 -0.92297219
-0.35918801 -0.93326522
-0.33365517 -0.94269519
-0.30826389 -0.95130089
-0.28300596 -0.95911815
-0.25786970 -0.96617970
-0.23284030 -0.97251498
-0.20790027 -0.97815003
-0.18302967 -0.98310739
-0.15820648 -0.98740605
-0.13340685 -0.99106136
-0.10860534 -0.99408495
-0.08377514 -0.99648468
-0.05888830 -0.99826458
-0.03391589 -0.99942469
-0.00882826 -0.99996103
0.01640479 -0.99986543
0.04181382 -0.99912542
0.06742943 -0.99772405
0.09328209 -0.99563972
0.11940174 -0.99284602
0.14581752 -0.98931150
0.17255731 -0.98499948
0.19964723 -0.97986784
0.22711110 -0.97386886
0.25496976 -0.96694903
0.28324030 -0.95904897
0.31176120 -0.95016049
0.34030405 -0.94031546
0.36878025 -0.92951661
0.39709963 -0.91777551
0.42517175 -0.90511269
0.45290733 -0.89155760
0.48021963 -0.87714828
0.50702578 -0.86193089
0.53324807 -0.84595892
0.55881504 -0.82929232
0.58366242 -0.81199642
0.60773382 -0.79414080
0.63098131 -0.77579803
0.65336565 -0.75704249
0.67485637 -0.73794910
0.69543165 -0.71859225
0.71507794 -0.69904473
0.73378959 -0.67937680
0.75156816 -0.65965545
0.76842177 -0.63994374
0.78436437 -0.62030035
0.79941499 -0.60077922
0.81359689 -0.58142936
0.82693690 -0.56229472
0.83946465 -0.54341430
0.85121189 -0.52482218
0.86221194 -0.50654770
0.87249907 -0.48861577
0.88248168 -0.47034677
0.89257918 -0.45089068
0.90283056 -0.42999648
0.91325691 -0.40738411
0.92385773 -0.38273608
0.93460460 -0.35568840
0.94543146 -0.32582104
0.95622024 -0.29264801
0.96678040 -0.25560841
0.97682043 -0.21406038
0.98590912 -0.16728182
0.99342502 -0.11448467
0.99849442 -0.05485335
0.99992341 0.01237674
0.99652713 0.08326868
0.98831801 0.15240576
0.97587485 0.21833067
0.96004813 0.27983492
0.94184845 0.33603794
0.92232895 0.38640562
0.90248664 0.43071784
0.88319578 0.46900449
0.86517488 0.50147026
0.84898085 0.52842361
0.83502095 0.55021815
0.82357373 0.56720923
0.81481242 0.57972469
0.80882658 0.58804724
0.80396708 0.59467381
0.79854771 0.60193152
0.79254771 0.60980991
0.78594218 0.61830000
0.77870212 0.62739382
0.77079447 0.63708389
0.76218209 0.64736270
0.75282379 0.65822211
0.74267433 0.66965278
0.73168445 0.68164350
0.71980098 0.69418048
0.70696698 0.70724655
0.69312196 0.72082033
0.67820228 0.73487527
0.66214163 0.74937872
0.64487174 0.76429081
0.62632331 0.77956341
0.60642715 0.79513905
0.58511570 0.81094982
0.56232476 0.82691648
0.53799565 0.84294761
0.51207769 0.85893914
0.48453093 0.87477413
0.45532925 0.89032313
0.42446352 0.90544504
0.39194485 0.91998872
0.35780762 0.93379533
0.32211220 0.94670150
0.28613566 0.95818912
0.25103935 0.96797688
0.21671813 0.97623422
0.18305276 0.98310309
0.14991264 0.98869925
0.11715750 0.99311335
0.08463820 0.99641175
0.05219696 0.99863681
0.01966684 0.99980659
-0.01312903 0.99991381
-0.04637875 0.99892393
-0.08028303 0.99677211
-0.11505676 0.99335892
-0.15093036 0.98854440
-0.18815061 0.98214019
-0.22635556 0.97404474
-0.26473017 0.96432253
-0.30283775 0.95304213
-0.34023723 0.94033964
-0.37650527 0.92641447
-0.41125712 0.91151938
-0.44416352 0.89594574
-0.47496225 0.88000617
-0.50346341 0.86401655
-0.52954868 0.84827955
-0.55316577 0.83307120
-0.57431941 0.81863131
-0.59306057 0.80515785
-0.60947530 0.79280506
-0.62354208 0.78178979
-0.63534550 0.77222801
-0.64511698 0.76408381
-0.65304762 0.75731684
-0.65929318 0.75188597
-0.66397846 0.74775170
-0.66720096 0.74487776
-0.66903385 0.74323193
-0.66952832 0.74278653
-0.66871539 0.74351848
-0.66660722 0.74540916
-0.66319798 0.74844401
-0.65846430 0.75261196
-0.65236542 0.75790458
-0.64484300 0.76431506
-0.63582069 0.77183680
-0.62520349 0.78046178
-0.61287706 0.79017828
-0.59870689 0.80096820
-0.58253774 0.81280365
-0.56419340 0.82564266
-0.54347702 0.83942405
-0.52017261 0.85406116
-0.49404799 0.86943463
-0.46486011 0.88538414
-0.43236320 0.90169954
-0.39632091 0.91811205
-0.35652298 0.93428656
-0.31500085 0.94909139
-0.27416928 0.96168145
-0.23440059 0.97214009
-0.19602606 0.98059869
-0.15932860 0.98722561
-0.12453944 0.99221466
-0.09183834 0.99577393
-0.06135663 0.99811591
-0.03318224 0.99944932
-0.00736591 0.99997287
0.01607208 0.99987084
0.03713536 0.99931024
0.05584522 0.99843944
0.07223513 0.99738763
0.08634604 0.99626521
0.09822242 0.99516449
0.10790915 0.99416076
0.11544903 0.99331341
0.12088099 0.99266701
0.12423879 0.99225235
0.12555021 0.99208727
0.12483663 0.99217731
0.12211302 0.99251620
0.11738818 0.99308611
0.11066541 0.99385772
0.10194338 0.99479020
0.09121746 0.99583100
0.07848122 0.99691559
0.06508777 0.99787954
0.05239715 0.99862633
0.04041176 0.99918311
0.02913238 0.99957556
0.01855842 0.99982778
0.00868819 0.99996226
-0.00048083 0.99999988
-0.00895181 0.99995993
-0.01672834 0.99986007
-0.02381425 0.99971640
-0.03021346 0.99954347
-0.03592979 0.99935432
-0.04096689 0.99916050
-0.04532807 0.99897215
-0.04901624 0.99879798
-0.05203382 0.99864532
-0.05438263 0.99852017
-0.05606389 0.99842718
-0.05707814 0.99836971
-0.05742521 0.99834981
-0.05710421 0.99836822
-0.05611351 0.99842440
-0.05445073 0.99851646
-0.05211278 0.99864121
-0.04909587 0.99879407
-0.04539553 0.99896909
-0.04100671 0.99915887
-0.03592377 0.99935453
-0.03058267 0.99953224
-0.02542499 0.99967673
-0.02045313 0.99979081
-0.01566933 0.99987723
-0.01107571 0.99993866
-0.00667424 0.99997773
-0.00246678 0.99999696
0.00154495 0.99999881
0.00535934 0.99998564
0.00897489 0.99995972
0.01239022 0.99992324
0.01560404 0.99987825
0.01861516 0.99982672
0.02142248 0.99977051
0.02402501 0.99971136
0.02642182 0.99965088
0.02861208 0.99959059
0.03059501 0.99953186
0.03236992 0.99947596
0.03393621 0.99942400
0.03529330 0.99937700
0.03644071 0.99933582
0.03737801 0.99930120
0.03810483 0.99927375
0.03862087 0.99925394
0.03892586 0.99924210
0.03901961 0.99923844
0.03890198 0.99924303
0.03857288 0.99925579
0.03803228 0.99927651
0.03728022 0.99930485
0.03631676 0.99934033
0.03514206 0.99938233
0.03375632 0.99943009
0.03215980 0.99948274
0.03035285 0.99953925
0.02833587 0.99959846
0.02610932 0.99965909
0.02367377 0.99971974
0.02102984 0.99977885
0.01817825 0.99983476
0.01511980 0.99988569
0.01185538 0.99992972
0.00838600 0.99996484
0.00471276 0.99998889
0.00083686 0.99999965
-0.00324038 0.99999475
-0.00751750 0.99997174
-0.01199295 0.99992808
-0.01666502 0.99986113
-0.02153186 0.99976816
-0.02659150 0.99964638
-0.03184181 0.99949292
-0.03728050 0.99930484
-0.04290512 0.99907915
-0.04871307 0.99881281
-0.05470156 0.99850275
-0.06089075 0.99814444
-0.06730466 0.99773247
-0.07394636 0.99726222
-0.08081903 0.99672879
-0.08792603 0.99612701
-0.09527080 0.99545139
-0.10285691 0.99469616
-0.11068803 0.99385520
-0.11876788 0.99292205
-0.12710024 0.99188988
-0.13568893 0.99075149
-0.14453777 0.98949928
-0.15365056 0.98812525
-0.16303104 0.98662094
-0.17268289 0.98497747
-0.18260965 0.98318549
-0.19281473 0.98123518
-0.20330132 0.97911622
-0.21407238 0.97681780
-0.22513057 0.97432860
-0.23647822 0.97163679
-0.24811722 0.96873002
-0.26004904 0.96559541
-0.27227458 0.96221960
-0.28479415 0.95858870
-0.29760738 0.95468835
-0.31071312 0.95050374
-0.32410941 0.94601960
-0.33779334 0.94122030
-0.35176097 0.93608986
-0.36600728 0.93061199
-0.38052601 0.92477022
-0.39530964 0.91854792
-0.41034926 0.91192844
-0.42563446 0.90489519
-0.44115333 0.89743175
-0.45689228 0.88952203
-0.47283606 0.88115042
-0.48896767 0.87230191
-0.50526833 0.86296229
-0.52171743 0.85311835
-0.53829258 0.84275803
-0.55496957 0.83187065
-0.57172248 0.82044708
-0.58852367 0.80847999
-0.60534395 0.79596401
-0.62215266 0.78289595
-0.63891786 0.76927496
-0.65560649 0.75510272
-0.67218462 0.74038358
-0.68861764 0.72512464
-0.70487059 0.70933592
-0.72090840 0.69303036
-0.73669623 0.67622383
-0.75219975 0.65893516
-0.76738550 0.64118600
-0.78199007 0.62329089
-0.79580313 0.60555542
-0.80887032 0.58798708
-0.82123525 0.57058975
-0.83293940 0.55336422
-0.84402205 0.53630848
-0.85452024 0.51941810
-0.86446878 0.50268651
-0.87390026 0.48610527
-0.88284509 0.46966429
-0.89133157 0.45335200
-0.89938592 0.43715555
-0.90703237 0.42106090
-0.91429321 0.40505298
-0.92118888 0.38911573
-0.92773797 0.37323218
-0.93395733 0.35738452
-0.93986211 0.34155410
-0.94546577 0.32572147
-0.95078012 0.30986635
-0.95581536 0.29396767
-0.96058006 0.27800351
-0.96508115 0.26195108
-0.96932394 0.24578668
-0.97331205 0.22948565
-0.97704733 0.21302232
-0.98052988 0.19636996
-0.98375785 0.17950065
-0.98672742 0.16238532
-0.98937414 0.14539189
-0.99165257 0.12893868
-0.99358717 0.11306868
-0.99520398 0.09782145
-0.99653011 0.08323303
-0.99759337 0.06933593
-0.99842183 0.05615918
-0.99904346 0.04372841
-0.99948575 0.03206601
-0.99977544 0.02119132
-0.99993816 0.01112080
-0.99999825 0.00186828
-0.99997852 -0.00655484
-0.99990003 -0.01413935
-0.99978203 -0.02087798
-0.99964175 -0.02676521
-0.99949434 -0.03179708
-0.99935283 -0.03597098
-0.99922803 -0.03928551
-0.99912849 -0.04174032
-0.99906055 -0.04333602
-0.99902826 -0.04407410
-0.99903343 -0.04395684
-0.99907562 -0.04298729
-0.99915218 -0.04116930
-0.99925831 -0.03850749
-0.99938706 -0.03500731
-0.99952941 -0.03067513
-0.99965635 -0.02621426
-0.99975087 -0.02232050
-0.99981968 -0.01898976
-0.99986848 -0.01621812
-0.99990197 -0.01400182
-0.99992389 -0.01233735
-0.99993704 -0.01122144
-0.99994328 -0.01065107
-0.99994357 -0.01062352
-0.99993799 -0.01113635
-0.99992573 -0.01218738
-0.99990512 -0.01377472
-0.99987364 -0.01589670
-0.99982790 -0.01855191
-0.99976368 -0.02173911
-0.99967591 -0.02545723
-0.99955870 -0.02970533
-0.99940530 -0.03448253
-0.99920815 -0.03978795
-0.99895883 -0.04562069
-0.99864814 -0.05197973
-0.99826602 -0.05886386
-0.99780162 -0.06627160
-0.99724330 -0.07420111
-0.99657863 -0.08265013
-0.99579443 -0.09161584
-0.99487680 -0.10109478
-0.99381116 -0.11108274
-0.99259370 -0.12148150
-0.99122299 -0.13220057
-0.98968701 -0.14324669
-0.98797299 -0.15462655
-0.98606733 -0.16634669
-0.98395561 -0.17841344
-0.98162254 -0.19083289
-0.97905192 -0.20361073
-0.97622665 -0.21675223
-0.97312865 -0.23026208
-0.96973891 -0.24414433
-0.96603742 -0.25840221
-0.96200324 -0.27303803
-0.95761446 -0.28805304
-0.95284824 -0.30344724
-0.94768090 -0.31921923
-0.94208791 -0.33536603
-0.93604402 -0.35188291
-0.92952339 -0.36876316
-0.92249966 -0.38599790
-0.91494616 -0.40357591
-0.90683611 -0.42148341
-0.89814281 -0.43970386
-0.88883995 -0.45821780
-0.87890185 -0.47700265
-0.86830387 -0.49603266
-0.85702268 -0.51527869
-0.84503675 -0.53470823
-0.83251297 -0.55400555
-0.81964066 -0.57287798
-0.80643287 -0.59132565
-0.79290183 -0.60934940
-0.77905890 -0.62695073
-0.76491463 -0.64413167
-0.75047869 -0.66089464
-0.73575992 -0.67724245
-0.72076632 -0.69317813
-0.70550507 -0.70870487
-0.68998260 -0.72382596
-0.67420453 -0.73854469
-0.65817578 -0.75286429
-0.64190057 -0.76678788
-0.62538248 -0.78031837
-0.60862445 -0.79345843
-0.59162887 -0.80621044
-0.57439761 -0.81857644
-0.55693205 -0.83055806
-0.53923316 -0.84215652
-0.52130154 -0.85337255
-0.50313746 -0.86420640
-0.48474094 -0.87465777
-0.46611178 -0.88472584
-0.44724966 -0.89440916
-0.42815415 -0.90370572
-0.40882481 -0.91261289
-0.38926124 -0.92112740
-0.36946316 -0.92924538
-0.34979423 -0.93682655
-0.33063934 -0.94375719
-0.31202658 -0.95007337
-0.29397951 -0.95581172
-0.27651750 -0.96100888
-0.25965603 -0.96570117
-0.24340705 -0.96992423
-0.22777938 -0.97371277
-0.21277901 -0.97710035
-0.19840952 -0.98011921
-0.18467236 -0.98280014
-0.17156722 -0.98517242
-0.15909230 -0.98726371
-0.14724460 -0.98910011
-0.13602019 -0.99070606
-0.12541444 -0.99210444
-0.11542223 -0.99331652
-0.10603815 -0.99436206
-0.09725667 -0.99525933
-0.08907233 -0.99602516
-0.08147983 -0.99667499
-0.07447421 -0.99722294
-0.06805091 -0.99768185
-0.06220593 -0.99806334
-0.05693589 -0.99837784
-0.05223811 -0.99863466
-0.04811071 -0.99884201
-0.04455266 -0.99900704
-0.04131663 -0.99914610
-0.03815623 -0.99927179
-0.03507249 -0.99938477
-0.03206644 -0.99948574
-0.02913906 -0.99957537
-0.02629131 -0.99965432
-0.02352411 -0.99972327
-0.02083834 -0.99978286
-0.01823487 -0.99983373
-0.01571453 -0.99987652
-0.01327810 -0.99991184
-0.01092635 -0.99994031
-0.00866001 -0.99996250
-0.00647979 -0.99997901
-0.00438635 -0.99999038
-0.00238032 -0.99999717
-0.00046233 -0.99999989
0.00136706 -0.99999907
0.00310730 -0.99999517
0.00475787 -0.99998868
0.00631829 -0.99998004
0.00778810 -0.99996967
0.00916687 -0.99995798
0.01045420 -0.99994535
0.01164973 -0.99993214
0.01275312 -0.99991868
0.01376404 -0.99990527
0.01468223 -0.99989221
0.01550743 -0.99987975
0.01623941 -0.99986813
0.01687797 -0.99985756
0.01742294 -0.99984821
0.01787418 -0.99984024
0.01823157 -0.99983379
0.01849503 -0.99982895
0.01866449 -0.99982580
0.01873992 -0.99982439
0.01872132 -0.99982474
0.01860871 -0.99982684
0.01840214 -0.99983067
0.01810168 -0.99983615
0.01770743 -0.99984321
0.01721953 -0.99985173
0.01663813 -0.99986158
0.01596343 -0.99987258
0.01519563 -0.99988454
0.01433497 -0.99989725
0.01338172 -0.99991046
0.01233618 -0.99992391
0.01119868 -0.99993729
0.00996956 -0.99995030
0.00864920 -0.99996259
0.00723802 -0.99997381
0.00573646 -0.99998355
0.00414497 -0.99999141
0.00246406 -0.99999696
0.00078775 -0.99999969
-0.00079058 -0.99999969
-0.00227136 -0.99999742
-0.00365499 -0.99999332
-0.00494188 -0.99998779
-0.00613238 -0.99998120
-0.00722686 -0.99997389
-0.00822566 -0.99996617
-0.00912909 -0.99995833
-0.00993744 -0.99995062
-0.01065100 -0.99994328
-0.01127003 -0.99993649
-0.01179476 -0.99993044
-0.01222541 -0.99992527
-0.01256218 -0.99992109
-0.01280524 -0.99991801
-0.01295477 -0.99991608
-0.01301088 -0.99991535
-0.01297371 -0.99991584
-0.01284335 -0.99991752
-0.01261987 -0.99992037
-0.01230334 -0.99992431
-0.01189379 -0.99992927
-0.01139124 -0.99993512
-0.01079569 -0.99994172
-0.01010713 -0.99994892
-0.00932550 -0.99995652
-0.00845076 -0.99996429
-0.00748283 -0.99997200
-0.00642161 -0.99997938
-0.00526700 -0.99998613
-0.00401886 -0.99999192
-0.00267705 -0.99999642
-0.00124141 -0.99999923
0.00028825 -0.99999996
0.00191211 -0.99999817
0.00363038 -0.99999341
0.00544329 -0.99998519
0.00735107 -0.99997298
0.00935397 -0.99995625
0.01145226 -0.99993442
0.01364621 -0.99990689
0.01593610 -0.99987301
0.01832222 -0.99983213
0.02080489 -0.99978355
0.02338442 -0.99972655
0.02606112 -0.99966035
0.02883532 -0.99958418
0.03170735 -0.99949720
0.03467755 -0.99939855
0.03774626 -0.99928736
0.04091382 -0.99916268
0.04418056 -0.99902356
0.04754683 -0.99886901
0.05101297 -0.99869799
0.05457931 -0.99850944
0.05824617 -0.99830225
0.06237442 -0.99805282
0.06732772 -0.99773091
0.07311125 -0.99732379
0.07973084 -0.99681643
0.08719284 -0.99619145
0.09550388 -0.99542906
0.10467067 -0.99450694
0.11469970 -0.99340021
0.12559695 -0.99208135
0.13736752 -0.99052015
0.15001524 -0.98868368
0.16354222 -0.98653634
0.17794837 -0.98403983
0.19323086 -0.98115332
0.20938356 -0.97783359
0.22639642 -0.97403525
0.24425488 -0.96971107
0.26293918 -0.96481241
0.28242379 -0.95928974
0.30267681 -0.95309325
0.32365939 -0.94617366
0.34532534 -0.93848304
0.36762074 -0.92997580
0.39048380 -0.92060980
0.41384484 -0.91034743
0.43762652 -0.89915684
0.46174428 -0.88701309
0.48610706 -0.87389926
0.51003114 -0.86015594
0.53291934 -0.84616605
0.55480836 -0.83197817
0.57573716 -0.81763483
0.59574620 -0.80317275
0.61487670 -0.78862326
0.63317014 -0.77401264
0.65066777 -0.75936253
0.66741020 -0.74469029
0.68343713 -0.73000937
0.69878711 -0.71532969
0.71349736 -0.70065792
0.72760363 -0.68599779
0.74114012 -0.67135037
0.75413943 -0.65671433
0.76663252 -0.64208611
0.77864869 -0.62746013
0.79021558 -0.61282896
0.80135920 -0.59818344
0.81210395 -0.58351278
0.82247262 -0.56880470
0.83248643 -0.55404544
0.84216505 -0.53921984
0.85152662 -0.52431137
0.86058778 -0.50930215
0.86936364 -0.49417291
0.87786780 -0.47890304
0.88611236 -0.46347048
0.89405630 -0.44795462
0.90165113 -0.43246416
0.90889749 -0.41701960
0.91579723 -0.40164092
0.92235331 -0.38634748
0.92856977 -0.37115790
0.93445164 -0.35609007
0.94000488 -0.34116101
0.94523627 -0.32638688
0.95015336 -0.31178292
0.95476436 -0.29736343
0.95907808 -0.28314172
0.96310381 -0.26913018
0.96685128 -0.25534019
0.97033055 -0.24178218
0.97355197 -0.22846567
0.97652608 -0.21539922
0.97926354 -0.20259051
0.98177511 -0.19004637
0.98407156 -0.17777281
0.98616359 -0.16577504
0.98806188 -0.15405754
0.98977693 -0.14262409
0.99131911 -0.13147782
0.99269860 -0.12062125
0.99392535 -0.11005635
0.99500907 -0.09978456
0.99595920 -0.08980686
0.99678492 -0.08012381
0.99749510 -0.07073557
0.99809833 -0.06164197
0.99860286 -0.05284253
0.99901665 -0.04433653
0.99934735 -0.03612299
0.99960228 -0.02820076
0.99978845 -0.02056854
0.99991255 -0.01322487
0.99998098 -0.00616822
0.99999982 0.00060301
0.99997486 0.00709050
0.99991161 0.01329589
0.99981526 0.01922088
0.99969077 0.02486710
0.99954278 0.03023615
0.99937572 0.03532958
0.99919371 0.04014885
0.99900066 0.04469532
0.99880024 0.04897025
0.99859585 0.05297475
0.99839070 0.05670981
0.99818777 0.06017627
0.99798980 0.06337480
0.99779934 0.06630590
0.99761874 0.06896986
0.99745014 0.07136681
0.99729546 0.07349664
0.99715646 0.07535906
0.99715210 0.07541680
0.99739613 0.07211765
0.99785710 0.06543101
0.99846882 0.05531740
0.99912885 0.04173177
0.99969667 0.02462864
0.99999212 0.00396954
0.99979460 -0.02026727
0.99884374 -0.04807479
0.99684259 -0.07940314
0.99346420 -0.11414412
0.98836271 -0.15211556
0.98118943 -0.19304742
0.97161394 -0.23657207
0.96028081 -0.27903544
0.94836945 -0.31716776
0.93631860 -0.35115164
0.92448771 -0.38121184
0.91316463 -0.40759092
0.90257567 -0.43053124
0.89289639 -0.45026219
0.88426172 -0.46699166
0.87677513 -0.48090058
0.87051634 -0.49213951
0.86554770 -0.50082649
0.86191920 -0.50704565
0.85967226 -0.51084597
0.85884237 -0.51223997
0.85853622 -0.51275292
0.85783372 -0.51392734
0.85672651 -0.51577097
0.85520586 -0.51828847
0.85326276 -0.52148121
0.85088798 -0.52534716
0.84807220 -0.52988069
0.84480615 -0.53507249
0.84108081 -0.54090949
0.83688761 -0.54737475
0.83221871 -0.55444750
0.82706718 -0.56210308
0.82142739 -0.57031311
0.81529521 -0.57904552
0.80803267 -0.58913767
0.79891122 -0.60144897
0.78776036 -0.61598184
0.77436538 -0.63273869
0.75846511 -0.65171364
0.73975011 -0.67288169
0.71786241 -0.69618500
0.69239817 -0.72151561
0.66291518 -0.74869450
0.62894790 -0.77744745
0.59003278 -0.80737929
0.54574686 -0.83795010
0.49576116 -0.86845891
0.43990775 -0.89804297
0.38192623 -0.92419281
0.32623528 -0.94528860
0.27367780 -0.96182143
0.22485957 -0.97439118
0.18016531 -0.98363635
0.13979313 -0.99018073
0.10379639 -0.99459857
0.07212504 -0.99739560
0.04466198 -0.99900216
0.02125245 -0.99977414
0.00172635 -0.99999851
-0.01408567 -0.99990079
-0.02634115 -0.99965301
-0.03517879 -0.99938103
-0.04180161 -0.99912593
-0.04736062 -0.99887786
-0.05189365 -0.99865262
-0.05543111 -0.99846251
-0.05799623 -0.99831680
-0.05960534 -0.99822202
-0.06026805 -0.99818223
-0.05998732 -0.99819914
-0.05875949 -0.99827217
-0.05657419 -0.99839840
-0.05341424 -0.99857244
-0.04925539 -0.99878622
-0.04406604 -0.99902862
-0.03780685 -0.99928507
-0.03111139 -0.99951592
-0.02465599 -0.99969599
-0.01845895 -0.99982962
-0.01253794 -0.99992140
-0.00690990 -0.99997613
-0.00159090 -0.99999873
0.00340393 -0.99999421
0.00806054 -0.99996751
0.01236603 -0.99992354
0.01630874 -0.99986700
0.01987831 -0.99980241
0.02306574 -0.99973395
0.02586344 -0.99966549
0.02826530 -0.99960046
0.03026664 -0.99954186
0.03186430 -0.99949220
0.03305660 -0.99945348
0.03384332 -0.99942715
0.03422575 -0.99941413
0.03420655 -0.99941478
0.03378982 -0.99942896
0.03298099 -0.99945598
0.03178677 -0.99949467
0.03021512 -0.99954342
0.02827514 -0.99960018
0.02597702 -0.99966254
0.02333196 -0.99972777
0.02035205 -0.99979288
0.01697656 -0.99985589
0.01312863 -0.99991382
0.00879296 -0.99996134
0.00394895 -0.99999220
-0.00142963 -0.99999898
-0.00737498 -0.99997280
-0.01392587 -0.99990303
-0.02112834 -0.99977677
-0.02903667 -0.99957835
-0.03771448 -0.99928856
-0.04723621 -0.99888375
-0.05768882 -0.99833461
-0.06917394 -0.99760461
-0.08181042 -0.99664791
-0.09374661 -0.99559609
-0.10267162 -0.99471531
-0.10822601 -0.99412632
-0.11033874 -0.99389404
-0.10921285 -0.99401839
-0.10526357 -0.99444436
-0.09903237 -0.99508421
-0.09634804 -0.99534771
-0.10280880 -0.99470114
-0.02902492 0.99957869
-0.00400167 -0.99999199
-0.00363524 -0.99999339
-0.02462527 0.99969675
-0.04568478 -0.99895591
-0.03810205 -0.99927385
-0.03081832 -0.99952500
-0.02389536 -0.99971447
-0.01739451 -0.99984870
-0.01137545 -0.99993530
-0.00589483 -0.99998263
-0.00100497 -0.99999950
0.00324747 -0.99999473
0.00682259 -0.99997673
0.00968826 -0.99995307
0.01182095 -0.99993013
0.01320620 -0.99991279
0.01383893 -0.99990424
0.01372344 -0.99990583
0.01289075 -0.99991691
0.01137154 -0.99993534
0.00917422 -0.99995792
0.00630430 -0.99998013
0.00276454 -0.99999618
-0.00144491 -0.99999896
-0.00632639 -0.99997999
-0.01188462 -0.99992938
-0.01812660 -0.99983570
-0.02506151 -0.99968591
-0.03270065 -0.99946519
-0.04105727 -0.99915679
-0.05014654 -0.99874187
-0.05998538 -0.99819926
-0.07016973 -0.99753507
-0.08028087 -0.99677228
-0.09031513 -0.99591324
-0.10026892 -0.99496037
-0.11013884 -0.99391621
-0.11992160 -0.99278336
-0.12961406 -0.99156452
-0.13921323 -0.99026243
-0.14871628 -0.98887991
-0.15812049 -0.98741982
-0.16742334 -0.98588510
-0.17662242 -0.98427868
-0.18571549 -0.98260356
-0.19470047 -0.98086275
-0.20357539 -0.97905927
-0.21233846 -0.97719618
-0.22098803 -0.97527652
-0.22952258 -0.97330334
-0.23794074 -0.97127967
-0.24624126 -0.96920857
-0.25442304 -0.96709302
-0.26248510 -0.96493605
-0.27042660 -0.96274060
-0.27824680 -0.96050961
-0.28594510 -0.95824600
-0.29352099 -0.95595263
-0.30097409 -0.95363232
-0.30830411 -0.95128785
-0.31551088 -0.94892196
-0.32259430 -0.94653733
-0.32955437 -0.94413660
-0.33639119 -0.94172234
-0.34310493 -0.93929708
-0.34969583 -0.93686329
-0.35616423 -0.93442337
-0.36251050 -0.93197969
-0.36873510 -0.92953452
-0.37483855 -0.92709010
-0.38082141 -0.92464861
-0.38668431 -0.92221215
-0.39242791 -0.91978277
-0.39805292 -0.91736246
-0.40356008 -0.91495315
-0.40895020 -0.91255670
-0.41422407 -0.91017494
-0.41938255 -0.90780960
-0.42442650 -0.90546239
-0.42935682 -0.90313494
-0.43417442 -0.90082882
-0.43888023 -0.89854557
-0.44347517 -0.89628666
-0.44796020 -0.89405350
-0.45233628 -0.89184746
-0.45660437 -0.88966985
-0.46076543 -0.88752195
-0.46482042 -0.88540498
-0.46877031 -0.88332010
-0.47255030 -0.88130370
-0.47609633 -0.87939313
-0.47941040 -0.87759083
-0.48249441 -0.87589905
-0.48535016 -0.87431986
-0.48797934 -0.87285518
-0.49038353 -0.87150674
-0.49256418 -0.87027612
-0.49452262 -0.86916476
-0.49626005 -0.86817392
-0.49777752 -0.86730475
-0.49907595 -0.86655824
-0.50015611 -0.86593525
-0.50101862 -0.86543650
-0.50166395 -0.86506259
-0.50209241 -0.86481398
-0.50230417 -0.86469099
-0.50229925 -0.86469386
-0.50207748 -0.86482264
-0.50163856 -0.86507731
-0.50098203 -0.86545768
-0.50010728 -0.86596346
-0.49901351 -0.86659420
-0.49769982 -0.86734935
-0.49616511 -0.86822819
-0.49440816 -0.86922987
-0.49242758 -0.87035342
-0.49022187 -0.87159768
-0.48783848 -0.87293391
-0.48532552 -0.87433354
-0.48268235 -0.87579549
-0.47990833 -0.87731864
-0.47700283 -0.87890176
-0.47396522 -0.88054357
-0.47079489 -0.88224270
-0.46749124 -0.88399770
-0.46405371 -0.88580706
-0.46048174 -0.88766918
-0.45677479 -0.88958237
-0.45293238 -0.89154487
-0.44895404 -0.89355485
-0.44483936 -0.89561038
-0.44058794 -0.89770946
-0.43619946 -0.89985000
-0.43167364 -0.90202986
-0.42701025 -0.90424679
-0.42220913 -0.90649846
-0.41727018 -0.90878248
-0.41219337 -0.91109639
-0.40697876 -0.91343762
-0.40162648 -0.91580357
-0.39613674 -0.91819153
-0.39050984 -0.92059875
-0.38474620 -0.92302241
-0.37884630 -0.92545960
-0.37281077 -0.92790739
-0.36665283 -0.93035784
-0.36038408 -0.93280401
-0.35400275 -0.93524438
-0.34750706 -0.93767737
-0.34089525 -0.94010129
-0.33416554 -0.94251440
-0.32731617 -0.94491488
-0.32034537 -0.94730082
-0.31325142 -0.94967023
-0.30603257 -0.95202104
-0.29868713 -0.95435109
-0.29121342 -0.95665811
-0.28360979 -0.95893977
-0.27587463 -0.96119363
-0.26800636 -0.96341714
-0.26000346 -0.96560768
-0.25186446 -0.96776252
-0.24358794 -0.96987881
-0.23517255 -0.97195364
-0.22661703 -0.97398394
-0.21792016 -0.97596660
-0.20908084 -0.97789836
-0.20009806 -0.97977588
-0.19097090 -0.98159570
-0.18169856 -0.98335428
-0.17228036 -0.98504796
-0.16271574 -0.98667299
-0.15300430 -0.98822552
-0.14314576 -0.98970162
-0.13338176 -0.99106473
-0.12395663 -0.99228764
-0.11487378 -0.99338010
-0.10613608 -0.99435161
-0.09774589 -0.99521140
-0.08970510 -0.99596837
-0.08201519 -0.99663108
-0.07467726 -0.99720776
-0.06769209 -0.99770626
-0.06106018 -0.99813409
-0.05478177 -0.99849835
-0.04885691 -0.99880579
-0.04328547 -0.99906274
-0.03806718 -0.99927518
-0.03320168 -0.99944867
-0.02868851 -0.99958840
-0.02452718 -0.99969916
-0.02071717 -0.99978538
-0.01725798 -0.99985107
-0.01414909 -0.99989990
-0.01139007 -0.99993513
-0.00898051 -0.99995967
-0.00692009 -0.99997606
-0.00520856 -0.99998644
-0.00384580 -0.99999260
-0.00283175 -0.99999599
-0.00216651 -0.99999765
-0.00185026 -0.99999829
-0.00170953 -0.99999854
-0.00157063 -0.99999877
-0.00143358 -0.99999897
-0.00129838 -0.99999916
-0.00116505 -0.99999932
-0.00103358 -0.99999947
-0.00090399 -0.99999959
-0.00077629 -0.99999970
-0.00065048 -0.99999979
-0.00052657 -0.99999986
-0.00040456 -0.99999992
-0.00028446 -0.99999996
-0.00016629 -0.99999999
-0.00005003 -1.00000000
0.00006429 -1.00000000
0.00017667 -0.99999998
0.00028711 -0.99999996
0.00039559 -0.99999992
0.00050213 -0.99999987
0.00060670 -0.99999982
0.00070931 -0.99999975
0.00080995 -0.99999967
0.00090861 -0.99999959
0.00100529 -0.99999949
0.00109999 -0.99999940
0.00119270 -0.99999929
0.00128341 -0.99999918
0.00137213 -0.99999906
0.00145885 -0.99999894
0.00154356 -0.99999881
0.00162626 -0.99999868
0.00170696 -0.99999854
0.00178563 -0.99999841
0.00186229 -0.99999827
0.00193693 -0.99999812
0.00200955 -0.99999798
0.00208014 -0.99999784
0.00214870 -0.99999769
0.00221524 -0.99999755
0.00227974 -0.99999740
0.00234221 -0.99999726
0.00240264 -0.99999711
0.00246104 -0.99999697
0.00251740 -0.99999683
0.00257172 -0.99999669
0.00262400 -0.99999656
0.00267424 -0.99999642
0.00272245 -0.99999629
0.00276861 -0.99999617
0.00281273 -0.99999604
0.00285481 -0.99999593
0.00289486 -0.99999581
0.00293286 -0.99999570
0.00296882 -0.99999559
0.00300275 -0.99999549
0.00303463 -0.99999540
0.00306579 -0.99999530
0.00309754 -0.99999520
0.00312993 -0.99999510
0.00316299 -0.99999500
0.00319677 -0.99999489
0.00323131 -0.99999478
0.00326665 -0.99999466
0.00330286 -0.99999455
0.00336103 -0.99999435
0.00346520 -0.99999400
0.00362298 -0.99999344
0.00384762 -0.99999260
0.00077364 -0.99999970
0.00020981 0.99999998
0.00020851 0.99999998
0.00083722 -0.99999965
0.00495093 -0.99998774
0.00557968 -0.99998443
0.00535144 -0.99998568
0.00487568 -0.99998811
0.00466061 -0.99998914
0.00464244 -0.99998922
0.00471273 -0.99998890
0.00477551 -0.99998860
0.00483026 -0.99998833
0.00487654 -0.99998811
0.00491397 -0.99998793
0.00494226 -0.99998779
0.00496122 -0.99998769
0.00497513 -0.99998762
0.00498833 -0.99998756
0.00500084 -0.99998750
0.00501266 -0.99998744
0.00502378 -0.99998738
0.00503421 -0.99998733
0.00504396 -0.99998728
0.00505302 -0.99998723
0.00506141 -0.99998719
0.00506911 -0.99998715
0.00507613 -0.99998712
0.00508247 -0.99998708
0.00508814 -0.99998706
0.00509314 -0.99998703
0.00509746 -0.99998701
0.00510111 -0.99998699
0.00510409 -0.99998697
0.00510640 -0.99998696
0.00510804 -0.99998695
0.00510901 -0.99998695
0.00510931 -0.99998695
0.00510894 -0.99998695
0.00510791 -0.99998695
0.00510620 -0.99998696
0.00510383 -0.99998698
0.00510078 -0.99998699
0.00509707 -0.99998701
0.00509268 -0.99998703
0.00508752 -0.99998706
0.00508148 -0.99998709
0.00507455 -0.99998712
0.00506674 -0.99998716
0.00505804 -0.99998721
0.00504846 -0.99998726
0.00503800 -0.99998731
0.00502665 -0.99998737
0.00501442 -0.99998743
0.00500130 -0.99998749
0.00498729 -0.99998756
0.00497240 -0.99998764
0.00495663 -0.99998772
0.00493997 -0.99998780
0.00492242 -0.99998788
0.00490399 -0.99998798
0.00488467 -0.99998807
0.00486446 -0.99998817
0.00484337 -0.99998827
0.00482139 -0.99998838
0.00479853 -0.99998849
0.00477478 -0.99998860
0.00475015 -0.99998872
0.00472463 -0.99998884
0.00469823 -0.99998896
0.00467094 -0.99998909
0.00464277 -0.99998922
0.00461371 -0.99998936
0.00458378 -0.99998949
0.00455295 -0.99998964
0.00452125 -0.99998978
0.00448866 -0.99998993
0.00445519 -0.99999008
0.00442084 -0.99999023
0.00438561 -0.99999038
0.00434950 -0.99999054
0.00431250 -0.99999070
0.00427463 -0.99999086
0.00423588 -0.99999103
0.00419626 -0.99999120
0.00415575 -0.99999136
0.00411437 -0.99999154
0.00407212 -0.99999171
0.00402898 -0.99999188
0.00398498 -0.99999206
0.00394010 -0.99999224
0.00389435 -0.99999242
0.00384773 -0.99999260
0.00380024 -0.99999278
0.00375188 -0.99999296
0.00370265 -0.99999315
0.00365255 -0.99999333
0.00360159 -0.99999351
0.00354976 -0.99999370
0.00349707 -0.99999389
0.00344352 -0.99999407
0.00338911 -0.99999426
0.00333388 -0.99999444
0.00327781 -0.99999463
0.00322090 -0.99999481
0.00316316 -0.99999500
0.00310458 -0.99999518
0.00304517 -0.99999536
0.00298492 -0.99999555
0.00292384 -0.99999573
0.00286192 -0.99999590
0.00279917 -0.99999608
0.00273558 -0.99999626
0.00267115 -0.99999643
0.00260589 -0.99999660
0.00253979 -0.99999677
0.00247285 -0.99999694
0.00240508 -0.99999711
0.00233647 -0.99999727
0.00226702 -0.99999743
0.00219673 -0.99999759
0.00212560 -0.99999774
0.00205363 -0.99999789
0.00198083 -0.99999804
0.00190718 -0.99999818
0.00183269 -0.99999832
0.00175736 -0.99999846
0.00168120 -0.99999859
0.00160419 -0.99999871
0.00152633 -0.99999884
0.00144764 -0.99999895
0.00136810 -0.99999906
0.00128772 -0.99999917
0.00120650 -0.99999927
0.00112443 -0.99999937
0.00104152 -0.99999946
0.00095776 -0.99999954
0.00087315 -0.99999962
0.00078770 -0.99999969
0.00070140 -0.99999975
0.00061426 -0.99999981
0.00052627 -0.99999986
0.00043742 -0.99999990
0.00034773 -0.99999994
0.00025719 -0.99999997
0.00016580 -0.99999999
0.00007356 -1.00000000
-0.00001954 -1.00000000
-0.00011348 -0.99999999
-0.00020828 -0.99999998
-0.00030394 -0.99999995
-0.00040044 -0.99999992
-0.00049781 -0.99999988
-0.00059603 -0.99999982
-0.00069510 -0.99999976
-0.00079503 -0.99999968
-0.00089583 -0.99999960
-0.00099747 -0.99999950
-0.00109998 -0.99999940
-0.00120335 -0.99999928
-0.00130759 -0.99999915
-0.00141268 -0.99999900
-0.00151863 -0.99999885
-0.00162545 -0.99999868
-0.00173314 -0.99999850
-0.00184169 -0.99999830
-0.00195110 -0.99999810
-0.00206139 -0.99999788
-0.00217254 -0.99999764
-0.00228456 -0.99999739
-0.00239745 -0.99999713
-0.00251121 -0.99999685
-0.00262584 -0.99999655
-0.00274135 -0.99999624
-0.00285772 -0.99999592
-0.00297498 -0.99999557
-0.00309311 -0.99999522
-0.00321211 -0.99999484
-0.00333200 -0.99999445
-0.00345276 -0.99999404
-0.00357440 -0.99999361
-0.00369693 -0.99999317
-0.00382033 -0.99999270
-0.00394462 -0.99999222
-0.00406979 -0.99999172
-0.00419585 -0.99999120
-0.00432279 -0.99999066
-0.00445062 -0.99999010
-0.00457934 -0.99998951
-0.00470895 -0.99998891
-0.00483945 -0.99998829
-0.00497085 -0.99998765
-0.00510313 -0.99998698
-0.00523631 -0.99998629
-0.00537039 -0.99998558
-0.00550536 -0.99998485
-0.00564124 -0.99998409
-0.00577801 -0.99998331
-0.00591568 -0.99998250
-0.00605425 -0.99998167
-0.00619373 -0.99998082
-0.00633412 -0.99997994
-0.00647540 -0.99997903
-0.00661760 -0.99997810
-0.00676070 -0.99997715
-0.00690472 -0.99997616
-0.00704965 -0.99997515
-0.00719548 -0.99997411
-0.00734224 -0.99997305
-0.00748991 -0.99997195
-0.00763849 -0.99997083
-0.00778800 -0.99996967
-0.00793842 -0.99996849
-0.00808977 -0.99996728
-0.00822081 -0.99996621
-0.00831031 -0.99996547
-0.00835824 -0.99996507
-0.00836458 -0.99996502
-0.00832933 -0.99996531
-0.00825246 -0.99996595
-0.00813399 -0.99996692
-0.00797389 -0.99996821
-0.00777217 -0.99996980
-0.00752883 -0.99997166
-0.00724389 -0.99997376
-0.00691734 -0.99997607
-0.00654921 -0.99997855
-0.00613950 -0.99998115
-0.00568825 -0.99998382
-0.00519547 -0.99998650
-0.00466119 -0.99998914
-0.00408545 -0.99999165
-0.00346827 -0.99999399
-0.00280970 -0.99999605
-0.00210977 -0.99999777
-0.00136854 -0.99999906
-0.00058606 -0.99999983
0.00023764 -0.99999997
0.00110247 -0.99999939
0.00200839 -0.99999798
0.00295533 -0.99999563
0.00394322 -0.99999223
0.00497198 -0.99998764
0.00604155 -0.99998175
0.00715183 -0.99997443
0.00830273 -0.99996553
0.00949418 -0.99995493
0.01072607 -0.99994247
0.01199831 -0.99992802
0.01331079 -0.99991141
0.01466340 -0.99989249
0.01605603 -0.99987109
0.01748856 -0.99984706
0.01896086 -0.99982023
0.02047282 -0.99979041
0.02202429 -0.99975744
0.02361514 -0.99972112
0.02524522 -0.99968129
0.02691440 -0.99963774
0.02862250 -0.99959029
0.03036939 -0.99953874
0.03215488 -0.99948290
0.03397881 -0.99942255
0.03584102 -0.99935750
0.03774130 -0.99928754
0.03967948 -0.99921246
0.04165537 -0.99913204
0.04366877 -0.99904606
0.04571948 -0.99895432
0.04780727 -0.99885658
0.04993195 -0.99875262
0.05247375 -0.99862230
0.05581353 -0.99844121
0.05995281 -0.99820121
0.06489414 -0.99789215
0.07064102 -0.99750180
0.07719770 -0.99701580
0.08456909 -0.99641762
0.09276052 -0.99568845
0.10177753 -0.99480718
0.11162564 -0.99375033
0.12231005 -0.99249194
0.13383531 -0.99100359
0.14620500 -0.98925431
0.15942128 -0.98721064
0.17348449 -0.98483660
0.18839264 -0.98209379
0.20414093 -0.97894151
0.22072117 -0.97533695
0.23812123 -0.97123544
0.25632443 -0.96659081
0.27530899 -0.96135579
0.29504744 -0.95548260
0.31550609 -0.94892355
0.33664457 -0.94163179
0.35841546 -0.93356219
0.38076400 -0.92467225
0.40362805 -0.91492317
0.42693809 -0.90428086
0.45004412 -0.89300632
0.47235836 -0.88140659
0.49390115 -0.86951806
0.51469492 -0.85737340
0.53476368 -0.84500166
0.55413260 -0.83242841
0.57282764 -0.81967584
0.59087521 -0.80676297
0.60830187 -0.79370576
0.62513412 -0.78051735
0.64139816 -0.76720818
0.65711977 -0.75378619
0.67232409 -0.74025693
0.68703559 -0.72662377
0.70127791 -0.71288800
0.71507381 -0.69904896
0.72844512 -0.68510416
0.74141266 -0.67104938
0.75399623 -0.65687875
0.76621455 -0.64258483
0.77808527 -0.62815867
0.78962488 -0.61358989
0.80084875 -0.59886666
0.81177108 -0.58397578
0.82240484 -0.56890269
0.83276179 -0.55363147
0.84285238 -0.53814484
0.85268576 -0.52242416
0.86221766 -0.50653795
0.87139570 -0.49058082
0.88021665 -0.47457207
0.88867850 -0.45853082
0.89678040 -0.44247589
0.90452261 -0.42642566
0.91190648 -0.41039806
0.91893438 -0.39441045
0.92560964 -0.37847957
0.93193651 -0.36262148
0.93792006 -0.34685149
0.94356614 -0.33118416
0.94888127 -0.31563321
0.95387264 -0.30021157
0.95854794 -0.28493130
0.96291538 -0.26980359
0.96698355 -0.25483879
0.97076142 -0.24004640
0.97425820 -0.22543506
0.97748334 -0.21101261
0.98044646 -0.19678604
0.98315726 -0.18276160
0.98562552 -0.16894476
0.98786102 -0.15534027
0.98987352 -0.14195218
0.99167268 -0.12878389
0.99326810 -0.11583817
0.99466921 -0.10311722
0.99588530 -0.09062265
0.99692547 -0.07835559
0.99779863 -0.06631668
0.99851344 -0.05450610
0.99907836 -0.04292365
0.99950158 -0.03156874
0.99979107 -0.02044042
0.99995452 -0.00953746
0.99999935 0.00114167
0.99993273 0.01159876
0.99976157 0.02183580
0.99949250 0.03185500
0.99913190 0.04165874
0.99868588 0.05124956
0.99816030 0.06063013
0.99756078 0.06980320
0.99689268 0.07877167
0.99616114 0.08753848
0.99537104 0.09610663
0.99452707 0.10447917
0.99363369 0.11265920
0.99269513 0.12064981
0.99171545 0.12845412
0.99069851 0.13607523
0.98964796 0.14351626
0.98856730 0.15078026
0.98745986 0.15787029
0.98632878 0.16478937
0.98517708 0.17154046
0.98395889 0.17839534
0.98261987 0.18562916
0.98114947 0.19325039
0.97953619 0.20126811
0.97776751 0.20969192
0.97582978 0.21853199
0.97370819 0.22779895
0.97138660 0.23750385
0.96884748 0.24765814
0.96607183 0.25827353
0.96303900 0.26936199
0.95972664 0.28093554
0.95611054 0.29300620
0.95216454 0.30558583
0.94786038 0.31868591
0.94316762 0.33231739
0.93805351 0.34649042
0.93248292 0.36121406
0.92641823 0.37649602
0.91981932 0.39234222
0.91264351 0.40875644
0.90484562 0.42573982
0.89637806 0.44329039
0.88719094 0.46140246
0.87723233 0.48006607
0.86644858 0.49926631
0.85478477 0.51898265
0.84218527 0.53918826
0.82890176 0.55939419
0.81524462 0.57911675
0.80124674 0.59833407
0.78694167 0.61702739
0.77236327 0.63518106
0.75754538 0.65278250
0.74252157 0.66982215
0.72732484 0.68629336
0.71198737 0.70219227
0.69654036 0.71751762
0.68101376 0.73227062
0.66543618 0.74645475
0.64983475 0.76007552
0.63423498 0.77314034
0.61866077 0.78565823
0.60313427 0.79763968
0.58767592 0.80909642
0.57230444 0.82004124
0.55703683 0.83048779
0.54188840 0.84045045
0.52687285 0.84994412
0.51200226 0.85898410
0.49728721 0.86758598
0.48273685 0.87576546
0.46835893 0.88353829
0.45415991 0.89092019
0.44014504 0.89792669
0.42631841 0.90457316
0.41249960 0.91095778
0.39853500 0.91715312
0.38446949 0.92313770
0.37034917 0.92889262
0.35622074 0.93440183
0.34213096 0.93965228
0.32812597 0.94463397
0.31425074 0.94934002
0.30054852 0.95376653
0.28706034 0.95791250
0.27382459 0.96177965
0.26087668 0.96537213
0.24824874 0.96869632
0.23596942 0.97176048
0.22406383 0.97457447
0.21292800 0.97706789
0.20286748 0.97920620
0.19378252 0.98104451
0.18558955 0.98262736
0.17821908 0.98399083
0.17161413 0.98516425
0.16572896 0.98617134
0.16052827 0.98703124
0.15598667 0.98775916
0.15208855 0.98836687
0.14882834 0.98886305
0.14621109 0.98925341
0.14425374 0.98954073
0.14298692 0.98972458
0.14198240 0.98986918
0.14077597 0.99004148
0.13935675 0.99024224
0.13771505 0.99047189
0.13584274 0.99073041
0.13373357 0.99101732
0.13138361 0.99133160
0.12879157 0.99167169
0.12595916 0.99203543
0.12289135 0.99242013
0.11959657 0.99282257
0.11608685 0.99323907
0.11237778 0.99366555
0.10848840 0.99409771
0.10444096 0.99453109
0.10026053 0.99496122
0.09597448 0.99538379
0.09161195 0.99579478
0.08720314 0.99619055
0.08277864 0.99656796
0.07836868 0.99692445
0.07400254 0.99725805
0.06970786 0.99756745
0.06551014 0.99785190
0.06143232 0.99811125
0.05749448 0.99834582
0.05371359 0.99855638
0.05010350 0.99874403
0.04559777 0.99895988
0.03919630 0.99923153
0.03099779 0.99951945
0.02108722 0.99977764
0.00953872 0.99995451
-0.00358164 0.99999359
-0.01821351 0.99983412
-0.03429996 0.99941158
-0.05178551 0.99865823
-0.07061416 0.99750370
-0.09072775 0.99587573
-0.11206428 0.99370096
-0.13455661 0.99090591
-0.15813120 0.98741811
-0.18112713 0.98345969
-0.20202204 0.97938098
-0.22094198 0.97528695
-0.23800724 0.97126338
-0.25333057 0.96737977
-0.26701615 0.96369205
-0.27915901 0.96024489
-0.28984482 0.95707365
-0.29914995 0.95420611
-0.30714160 0.95166383
-0.31387810 0.94946329
-0.31940922 0.94761688
-0.32377648 0.94613360
-0.32701345 0.94501969
-0.32938306 0.94419638
-0.33113608 0.94358301
-0.33228092 0.94318047
-0.33282450 0.94298879
-0.33277223 0.94300724
-0.33212809 0.94323429
-0.33089463 0.94366771
-0.32907304 0.94430447
-0.32666313 0.94514084
-0.32366343 0.94617228
-0.32007120 0.94739349
-0.31588249 0.94879832
-0.31109219 0.95037974
-0.30569407 0.95212979
-0.29968090 0.95403950
-0.29304445 0.95609882
-0.28577563 0.95829656
-0.27786458 0.96062026
-0.26930075 0.96305613
-0.26007306 0.96558894
-0.25017002 0.96820192
-0.23957993 0.97087664
-0.22829103 0.97359294
-0.21629172 0.97632878
-0.20357082 0.97906022
-0.19011783 0.98176128
-0.17592321 0.98440389
-0.16097873 0.98695788
-0.14569023 0.98933026
-0.13047418 0.99145171
-0.11533913 0.99332617
-0.10029324 0.99495792
-0.08534424 0.99635152
-0.07049946 0.99751182
-0.05576579 0.99844388
-0.04114967 0.99915299
-0.02665714 0.99964464
-0.01229376 0.99992443
0.00193530 0.99999813
0.01602534 0.99987159
0.02997204 0.99955074
0.04377154 0.99904157
0.05742036 0.99835009
0.07091542 0.99748233
0.08425403 0.99644431
0.09743385 0.99524200
0.11045294 0.99388136
0.12330967 0.99236824
0.13600274 0.99070846
0.14853118 0.98890772
0.16089433 0.98697164
0.17309177 0.98490570
0.18512340 0.98271528
0.19698934 0.98040563
0.20868995 0.97798185
0.22022584 0.97544891
0.23159780 0.97281163
0.24280682 0.97007466
0.25385409 0.96724252
0.26474094 0.96431957
0.27546887 0.96130999
0.28603952 0.95821782
0.29645465 0.95504693
0.30671615 0.95180103
0.31682601 0.94848367
0.32678631 0.94509825
0.33659924 0.94164800
0.34626705 0.93813599
0.35579205 0.93456515
0.36517662 0.93093826
0.37442319 0.92725793
0.38353425 0.92352665
0.39251230 0.91974675
0.40135990 0.91592043
0.41007961 0.91204973
0.41867403 0.90813658
0.42714577 0.90418277
0.43549744 0.90018997
0.44373168 0.89615969
0.45185110 0.89209337
0.45985833 0.88799230
0.46775600 0.88385764
0.47554671 0.87969047
0.48323308 0.87549174
0.49088287 0.87122558
0.49856239 0.86685382
0.50627200 0.86237385
0.51401198 0.85778301
0.52178250 0.85307856
0.52958367 0.84825771
0.53741547 0.84331762
0.54527780 0.83825540
0.55317046 0.83306809
0.56109311 0.82775270
0.56904532 0.82230616
0.57702653 0.81672540
0.58503606 0.81100728
0.59307310 0.80514862
0.60113670 0.79914621
0.60922576 0.79299683
0.61733904 0.78669722
0.62547516 0.78024408
0.63363256 0.77363414
0.64180952 0.76686409
0.65000417 0.75993064
0.65821443 0.75283050
0.66643808 0.74556039
0.67467267 0.73811706
0.68291559 0.73049730
0.69116401 0.72269794
0.69941493 0.71471586
0.70766511 0.70654801
0.71591111 0.69819144
0.72414929 0.68964325
0.73237578 0.68090067
0.74058649 0.67196105
0.74877712 0.66282186
0.75694314 0.65348074
0.76507981 0.64393547
0.77318214 0.63418402
0.78124496 0.62422457
0.78926286 0.61405549
0.79723021 0.60367540
0.80514120 0.59308318
0.81298979 0.58227794
0.82076978 0.57125911
0.82847476 0.56002641
0.83609815 0.54857988
0.84363323 0.53691990
0.85107310 0.52504721
0.85841077 0.51296292
0.86563910 0.50066851
0.87275086 0.48816588
0.87973878 0.47545735
0.88659548 0.46254563
0.89331359 0.44943390
0.89988572 0.43612578
0.90630449 0.42262533
0.91256258 0.40893708
0.91865274 0.39506600
0.92447936 0.38123210
0.92996136 0.36765728
0.93511329 0.35434888
0.93994966 0.34131311
0.94448480 0.32855511
0.94873285 0.31607908
0.95270767 0.30388829
0.95642284 0.29198520
0.95989156 0.28037152
0.96312670 0.26904827
0.96614068 0.25801586
0.96894556 0.24727415
0.97155293 0.23682253
0.97397396 0.22665994
0.97621938 0.21678495
0.97829949 0.20719583
0.98022412 0.19789055
0.98200270 0.18886687
0.98364421 0.18012237
0.98515722 0.17165446
0.98654989 0.16346046
0.98782997 0.15553761
0.98900485 0.14788311
0.99008151 0.14049411
0.99106661 0.13336781
0.99196643 0.12650141
0.99278692 0.11989218
0.99353372 0.11353746
0.99421215 0.10743467
0.99482568 0.10159661
0.99537816 0.09603289
0.99587491 0.09073679
0.99632080 0.08570218
0.99672031 0.08092357
0.99707755 0.07639607
0.99739630 0.07211539
0.99768001 0.06807790
0.99793187 0.06428057
0.99815478 0.06072100
0.99835141 0.05739746
0.99852418 0.05430889
0.99867532 0.05145492
0.99880682 0.04883589
0.99892048 0.04645292
0.99901792 0.04430794
0.99910056 0.04240371
0.99916962 0.04074392
0.99922615 0.03933326
0.99927098 0.03817746
0.99930473 0.03728344
0.99932782 0.03665941
0.99934039 0.03631499
0.99934234 0.03626137
0.99933323 0.03651153
0.99931229 0.03708040
0.99927830 0.03798516
0.99922960 0.03924555
0.99917225 0.04067935
0.99911397 0.04208651
0.99905509 0.04346184
0.99899598 0.04480000
0.99893704 0.04609543
0.99887872 0.04734243
0.99882147 0.04853522
0.99876579 0.04966793
0.99871217 0.05073471
0.99866112 0.05172974
0.99861317 0.05264732
0.99856882 0.05348192
0.99852857 0.05422824
0.99849289 0.05488129
0.99846222 0.05543646
0.99843696 0.05588954
0.99841746 0.05623685
0.99840400 0.05647526
0.99839681 0.05660222
0.99839604 0.05661584
0.99840175 0.05651492
0.99841396 0.05629893
0.99843256 0.05596811
0.99845739 0.05552337
0.99848821 0.05496635
0.99852470 0.05429940
0.99856648 0.05352552
0.99861312 0.05264831
0.99866222 0.05170850
0.99871171 0.05074359
0.99876156 0.04975285
0.99881172 0.04873547
0.99886215 0.04769063
0.99891282 0.04661743
0.99896366 0.04551495
0.99901463 0.04438217
0.99906566 0.04321806
0.99911671 0.04202150
0.99916769 0.04079133
0.99921853 0.03952629
0.99926915 0.03822508
0.99931947 0.03688630
0.99936937 0.03550850
0.99941876 0.03409010
0.99946752 0.03262947
0.99951550 0.03112487
0.99956258 0.02957443
0.99960859 0.02797619
0.99965336 0.02632808
0.99969669 0.02462789
0.99973837 0.02287325
0.99977818 0.02106168
0.99981585 0.01919051
0.99985109 0.01725691
0.99988359 0.01525786
0.99991301 0.01319012
0.99993861 0.01108043
0.99995978 0.00896921
0.99997638 0.00687371
0.99998843 0.00481094
0.99999609 0.00279716
0.99999964 0.00084752
0.99999948 -0.00102436
0.99999606 -0.00280662
0.99998992 -0.00448940
0.99998161 -0.00606494
0.99997167 -0.00752760
0.99996063 -0.00887378
0.99994898 -0.01010185
0.99993714 -0.01121192
0.99992551 -0.01220566
0.99991404 -0.01311147
0.99990252 -0.01396214
0.99989098 -0.01476587
0.99987941 -0.01552970
0.99986780 -0.01625965
0.99985615 -0.01696099
0.99984443 -0.01763838
0.99983262 -0.01829593
0.99982067 -0.01893739
0.99980856 -0.01956614
0.99979626 -0.02018535
0.99978370 -0.02079795
0.99977085 -0.02140675
0.99975765 -0.02201445
0.99974438 -0.02260907
0.99973137 -0.02317723
0.99971866 -0.02371941
0.99970626 -0.02423608
0.99969422 -0.02472767
0.99968257 -0.02519460
0.99967131 -0.02563723
0.99966049 -0.02605593
0.99965011 -0.02645103
0.99964020 -0.02682284
0.99963078 -0.02717165
0.99962187 -0.02749773
0.99961347 -0.02780131
0.99960561 -0.02808263
0.99959829 -0.02834188
0.99959153 -0.02857925
0.99958534 -0.02879490
0.99957973 -0.02898897
0.99957471 -0.02916159
0.99957029 -0.02931287
0.99956646 -0.02944289
0.99956325 -0.02955172
0.99956066 -0.02963941
0.99955868 -0.02970600
0.99955733 -0.02975149
0.99955660 -0.02977588
0.99955650 -0.02977916
0.99955704 -0.02976128
0.99955827 -0.02971970
0.99956029 -0.02965189
0.99956307 -0.02955778
0.99956663 -0.02943731
0.99957094 -0.02929043
0.99957601 -0.02911709
0.99958181 -0.02891723
0.99958833 -0.02869080
0.99959556 -0.02843777
0.99960348 -0.02815810
0.99961207 -0.02785174
0.99962129 -0.02751866
0.99963113 -0.02715884
0.99964156 -0.02677225
0.99965254 -0.02635887
0.99966405 -0.02591867
0.99967605 -0.02545165
0.99968851 -0.02495779
0.99970137 -0.02443708
0.99971460 -0.02388952
0.99972817 -0.02331511
0.99974201 -0.02271385
0.99975608 -0.02208575
0.99977033 -0.02143082
0.99978471 -0.02074907
0.99979917 -0.02004053
0.99981364 -0.01930520
0.99982806 -0.01854313
0.99984238 -0.01775434
0.99985653 -0.01693886
0.99987044 -0.01609673
0.99988405 -0.01522800
0.99989728 -0.01433270
0.99991007 -0.01341089
0.99992234 -0.01246263
0.99993401 -0.01148797
0.99994501 -0.01048697
0.99995526 -0.00945969
0.99996467 -0.00840622
0.99997316 -0.00732662
0.99998065 -0.00622097
0.99998705 -0.00508935
0.99999227 -0.00393185
0.99999622 -0.00274857
0.99999881 -0.00153959
0.99999995 -0.00030501
0.99999954 0.00095506
0.99999749 0.00224051
0.99999369 0.00355123
0.99998806 0.00488711
0.99998048 0.00624803
0.99997086 0.00763386
0.99995910 0.00904447
0.99994509 0.01047973
0.99992872 0.01193951
0.99990990 0.01342366
0.99988915 0.01488921
0.99986725 0.01629337
0.99984447 0.01763624
0.99982104 0.01891794
0.99979720 0.02013858
0.99977317 0.02129825
0.99974915 0.02239706
0.99972536 0.02343512
0.99970197 0.02441251
0.99967916 0.02532934
0.99965710 0.02618569
0.99963593 0.02698165
0.99961580 0.02771731
0.99959684 0.02839275
0.99957918 0.02900804
0.99956291 0.02956326
0.99954814 0.03005847
0.99953496 0.03049375
0.99952343 0.03086916
0.99951364 0.03118475
0.99950562 0.03144059
0.99949943 0.03163671
0.99949511 0.03177316
0.99949266 0.03184999
0.99949211 0.03186723
0.99949346 0.03182492
0.99949670 0.03172309
0.99950180 0.03156175
0.99950875 0.03134094
0.99951750 0.03106067
0.99952800 0.03072095
0.99954019 0.03032179
0.99955400 0.02986319
0.99956934 0.02934517
0.99958612 0.02876770
0.99960425 0.02813080
0.99962360 0.02743444
0.99964406 0.02667862
0.99966549 0.02586331
0.99968774 0.02498850
0.99971066 0.02405417
0.99973408 0.02306028
0.99975782 0.02200681
0.99978170 0.02089372
0.99980552 0.01972099
0.99982907 0.01848857
0.99985213 0.01719642
0.99987447 0.01584451
0.99989584 0.01443279
0.99991600 0.01296121
0.99993468 0.01142974
0.99995160 0.00983832
0.99996649 0.00818691
0.99997903 0.00647545
0.99998894 0.00470390
0.99999588 0.00287221
0.99999952 0.00098034
0.99999958 -0.00091769
0.99999617 -0.00276781
0.99998956 -0.00457004
0.99998000 -0.00632438
0.99996775 -0.00803087
0.99995306 -0.00968950
0.99993615 -0.01130029
0.99991726 -0.01286327
0.99989662 -0.01437843
0.99987445 -0.01584581
0.99985094 -0.01726540
0.99982631 -0.01863722
0.99980075 -0.01996128
0.99977446 -0.02123759
0.99974760 -0.02246615
0.99972037 -0.02364697
0.99969293 -0.02478006
0.99966543 -0.02586542
0.99963805 -0.02690304
0.99961092 -0.02789293
0.99958418 -0.02883508
0.99955798 -0.02972948
0.99953244 -0.03057613
0.99950768 -0.03137502
0.99948382 -0.03212612
0.99946097 -0.03282943
0.99943922 -0.03348493
0.99941868 -0.03409259
0.99939943 -0.03465239
0.99938154 -0.03516430
0.99936511 -0.03562830
0.99935019 -0.03604433
0.99933685 -0.03641238
0.99932514 -0.03673240
0.99931510 -0.03700434
0.99930679 -0.03722817
0.99930023 -0.03740382
0.99929545 -0.03753125
0.99929248 -0.03761039
0.99929132 -0.03764120
0.99929198 -0.03762360
0.99929447 -0.03755752
0.99929877 -0.03744291
0.99930487 -0.03727968
0.99931275 -0.03706775
0.99932239 -0.03680704
0.99933375 -0.03649748
0.99934677 -0.03613897
0.99936143 -0.03573141
0.99937765 -0.03527473
0.99939538 -0.03476881
0.99941455 -0.03421355
0.99943506 -0.03360885
0.99945685 -0.03295461
0.99947981 -0.03225070
0.99950385 -0.03149701
0.99952807 -0.03071861
0.99955167 -0.02994082
0.99957464 -0.02916390
0.99959698 -0.02838815
0.99961867 -0.02761383
0.99963971 -0.02684122
0.99966010 -0.02607060
0.99967985 -0.02530223
0.99969894 -0.02453640
0.99971737 -0.02377338
0.99973516 -0.02301342
0.99975229 -0.02225679
0.99976877 -0.02150376
0.99978460 -0.02075457
0.99979979 -0.02000949
0.99981434 -0.01926877
0.99982826 -0.01853265
0.99984154 -0.01780137
0.99985421 -0.01707517
0.99986626 -0.01635428
0.99987770 -0.01563892
0.99988855 -0.01492933
0.99989881 -0.01422570
0.99990849 -0.01352826
0.99991760 -0.01283720
0.99992615 -0.01215273
0.99993416 -0.01147502
0.99994163 -0.01080428
0.99994858 -0.01014067
0.99995502 -0.00948436
0.99996097 -0.00883552
0.99996643 -0.00819431
0.99997142 -0.00756088
0.99997595 -0.00693536
0.99998004 -0.00631790
0.99998371 -0.00570862
0.99998696 -0.00510765
0.99998981 -0.00451509
0.99999227 -0.00393106
0.99999437 -0.00335565
0.99999611 -0.00278896
0.99999751 -0.00223107
0.99999859 -0.00168206
0.99999935 -0.00114200
0.99999981 -0.00061095
1.00000000 -0.00008898
0.99999991 0.00042387
0.99999957 0.00092756
0.99999899 0.00142204
0.99999818 0.00190729
0.99999716 0.00238328
0.99999594 0.00285000
0.99999453 0.00330744
0.99999295 0.00375558
0.99999120 0.00419443
0.99998931 0.00462400
0.99998411 0.00563761
0.99996940 0.00782289
0.99993751 0.01117904
0.99987650 0.01571546
0.99976989 0.02145157
0.99959616 0.02841678
0.99932814 0.03665063
0.99893208 0.04620292
0.99836652 0.05713398
0.99758091 0.06951501
0.99651378 0.08342827
0.99509068 0.09896732
0.99322151 0.11623697
0.99079744 0.13535299
0.98768726 0.15644126
0.98373312 0.17963617
0.97874565 0.20507793
0.97249872 0.23290823
0.96472385 0.26326393
0.95510493 0.29626773
0.94327394 0.33201547
0.92880891 0.37055904
0.91123603 0.41188457
0.89003818 0.45588600
0.86467296 0.50233522
0.83460312 0.55085173
0.79934147 0.60087703
0.75851014 0.65166123
0.71363582 0.70051690
0.66698061 0.74507507
0.61939544 0.78507916
0.57168825 0.82047093
0.52457845 0.85136211
0.47866876 0.87799557
0.43443385 0.90070374
0.39222280 0.91987025
0.35227087 0.93589809
0.31471651 0.94918571
0.27962003 0.96011074
0.24698180 0.96902012
0.21675837 0.97622529
0.18887614 0.98200092
0.16324233 0.98658600
0.13975352 0.99018632
0.11830200 0.99297766
0.09878052 0.99510924
0.08108555 0.99670714
0.06511955 0.99787747
0.05079245 0.99870923
0.03802261 0.99927688
0.02673731 0.99964249
0.01687309 0.99985764
0.00837579 0.99996492
0.00120067 0.99999928
-0.00468764 0.99998901
-0.00931512 0.99995661
-0.01319048 0.99991300
-0.01680923 0.99985871
-0.02017044 0.99979656
-0.02327325 0.99972914
-0.02611681 0.99965890
-0.02870032 0.99958806
-0.03102295 0.99951867
-0.03308392 0.99945258
-0.03488243 0.99939142
-0.03641765 0.99933666
-0.03768877 0.99928953
-0.03869495 0.99925107
-0.03943532 0.99922213
-0.03990898 0.99920332
-0.04011501 0.99919507
-0.04005246 0.99919758
-0.03972034 0.99921084
-0.03911762 0.99923461
-0.03824327 0.99926846
-0.03709620 0.99931170
-0.03567529 0.99936343
-0.03397941 0.99942253
-0.03200741 0.99948763
-0.02975813 0.99955713
-0.02723037 0.99962918
-0.02442298 0.99970171
-0.02133478 0.99977239
-0.01796463 0.99983862
-0.01431140 0.99989759
-0.01059631 0.99994386
-0.00704180 0.99997521
-0.00364865 0.99999334
-0.00041762 0.99999991
0.00265059 0.99999649
0.00555529 0.99998457
0.00829581 0.99996559
0.01087149 0.99994090
0.01328171 0.99991179
0.01552584 0.99987947
0.01760327 0.99984505
0.01951338 0.99980960
0.02125557 0.99977407
0.02282924 0.99973938
0.02423378 0.99970632
0.02546858 0.99967562
0.02653303 0.99964794
0.02742651 0.99962382
0.02814838 0.99960376
0.02869800 0.99958813
0.02907473 0.99957724
0.02927791 0.99957131
0.02930685 0.99957046
0.02916088 0.99957473
0.02883928 0.99958406
0.02834136 0.99959830
0.02766637 0.99961721
0.02681359 0.99964045
0.02587662 0.99966514
0.02495002 0.99968870
0.02403447 0.99971113
0.02313065 0.99973245
0.02223921 0.99975268
0.02136080 0.99977183
0.02049604 0.99978993
0.01964553 0.99980701
0.01880986 0.99982308
0.01798958 0.99983817
0.01718524 0.99985232
0.01639734 0.99986555
0.01562637 0.99987790
0.01487280 0.99988939
0.01413705 0.99990007
0.01341953 0.99990995
0.01272061 0.99991909
0.01204065 0.99992751
0.01137996 0.99993525
0.01073882 0.99994234
0.01011749 0.99994882
0.00951619 0.99995472
0.00893513 0.99996008
0.00837446 0.99996493
0.00783432 0.99996931
0.00731481 0.99997325
0.00681602 0.99997677
0.00633798 0.99997991
0.00588837 0.99998266
0.00547256 0.99998503
0.00508741 0.99998706
0.00473027 0.99998881
0.00439885 0.99999033
0.00409118 0.99999163
0.00380560 0.99999276
0.00354072 0.99999373
0.00329538 0.99999457
0.00306866 0.99999529
0.00285985 0.99999591
0.00266850 0.99999644
0.00249438 0.99999689
0.00233754 0.99999727
0.00219225 0.99999760
0.00205377 0.99999789
0.00192390 0.99999815
0.00180458 0.99999837
0.00169779 0.99999856
0.00160549 0.99999871
0.00152964 0.99999883
0.00147203 0.99999892
0.00143430 0.99999897
0.00141782 0.99999899
0.00142361 0.99999899
0.00145234 0.99999895
0.00150424 0.99999887
0.00157911 0.99999875
0.00166443 0.99999861
0.00174807 0.99999847
0.00183006 0.99999833
0.00191039 0.99999818
0.00198907 0.99999802
0.00206612 0.99999787
0.00214154 0.99999771
0.00221534 0.99999755
0.00228752 0.99999738
0.00235810 0.99999722
0.00242708 0.99999705
0.00249447 0.99999689
0.00256028 0.99999672
0.00262451 0.99999656
0.00268716 0.99999639
0.00274825 0.99999622
0.00280778 0.99999606
0.00286576 0.99999589
0.00292218 0.99999573
0.00297706 0.99999557
0.00303040 0.99999541
0.00308221 0.99999525
0.00313249 0.99999509
0.00318124 0.99999494
0.00322846 0.99999479
0.00327417 0.99999464
0.00331836 0.99999449
0.00336104 0.99999435
0.00340222 0.99999421
0.00344188 0.99999408
0.00348005 0.99999394
0.00351671 0.99999382
0.00355187 0.99999369
0.00358554 0.99999357
0.00361771 0.99999346
0.00364838 0.99999334
0.00367757 0.99999324
0.00370526 0.99999314
0.00373146 0.99999304
0.00375618 0.99999295
0.00377940 0.99999286
0.00380114 0.99999278
0.00382138 0.99999270
0.00384014 0.99999263
0.00385741 0.99999256
0.00387318 0.99999250
0.00388747 0.99999244
0.00390027 0.99999239
0.00391157 0.99999235
0.00392137 0.99999231
0.00392968 0.99999228
0.00393649 0.99999225
0.00394180 0.99999223
0.00394561 0.99999222
0.00394791 0.99999221
0.00394870 0.99999220
0.00394798 0.99999221
0.00394480 0.99999222
0.00393820 0.99999225
0.00392819 0.99999228
0.00391480 0.99999234
0.00389804 0.99999240
0.00387796 0.99999248
0.00385460 0.99999257
0.00382801 0.99999267
0.00379826 0.99999279
0.00376541 0.99999291
0.00372955 0.99999305
0.00369075 0.99999319
0.00364910 0.99999334
0.00360471 0.99999350
0.00356118 0.99999366
0.00352188 0.99999380
0.00348660 0.99999392
0.00345514 0.99999403
0.00342738 0.99999413
0.00340319 0.99999421
0.00338250 0.99999428
0.00336525 0.99999434
0.00335144 0.99999438
0.00334107 0.99999442
0.00333419 0.99999444
0.00333090 0.99999445
0.00333130 0.99999445
0.00333558 0.99999444
0.00333293 0.99999445
0.00331199 0.99999452
0.00327252 0.99999465
0.00321478 0.99999483
0.00313963 0.99999507
0.00304838 0.99999535
0.00294282 0.99999567
0.00282504 0.99999601
0.00269735 0.99999636
0.00256213 0.99999672
0.00242174 0.99999707
0.00227843 0.99999740
0.00213423 0.99999772
0.00199093 0.99999802
0.00185613 0.99999828
0.00173458 0.99999850
0.00162403 0.99999868
0.00152266 0.99999884
0.00142897 0.99999898
0.00134176 0.99999910
0.00125999 0.99999921
0.00118280 0.99999930
0.00110943 0.99999938
0.00103924 0.99999946
0.00097165 0.99999953
0.00090612 0.99999959
0.00084218 0.99999965
0.00077938 0.99999970
0.00071753 0.99999974
0.00065676 0.99999978
0.00059706 0.99999982
0.00053843 0.99999986
0.00048088 0.99999988
0.00042440 0.99999991
0.00036899 0.99999993
0.00031465 0.99999995
0.00026139 0.99999997
0.00020920 0.99999998
0.00015808 0.99999999
0.00010803 0.99999999
0.00005905 1.00000000
0.00001115 1.00000000
-0.00003568 1.00000000
-0.00008144 1.00000000
-0.00012612 0.99999999
-0.00016973 0.99999999
-0.00021227 0.99999998
-0.00025374 0.99999997
-0.00029414 0.99999996
-0.00033346 0.99999994
-0.00037171 0.99999993
-0.00040888 0.99999992
-0.00044499 0.99999990
-0.00048002 0.99999988
-0.00051398 0.99999987
-0.00054687 0.99999985
-0.00057868 0.99999983
-0.00060942 0.99999981
-0.00063909 0.99999980
-0.00066769 0.99999978
-0.00069521 0.99999976
-0.00072166 0.99999974
-0.00074704 0.99999972
-0.00077135 0.99999970
-0.00079458 0.99999968
-0.00081674 0.99999967
-0.00083783 0.99999965
-0.00085785 0.99999963
-0.00087679 0.99999962
-0.00089466 0.99999960
-0.00091146 0.99999958
-0.00092718 0.99999957
-0.00094183 0.99999956
-0.00095541 0.99999954
-0.00096792 0.99999953
-0.00097935 0.99999952
-0.00098971 0.99999951
-0.00099900 0.99999950
-0.00100722 0.99999949
-0.00101436 0.99999949
-0.00102043 0.99999948
-0.00102543 0.99999947
-0.00102936 0.99999947
-0.00103221 0.99999947
-0.00103399 0.99999947
-0.00103469 0.99999946
-0.00103433 0.99999947
-0.00103289 0.99999947
-0.00103038 0.99999947
-0.00102679 0.99999947
-0.00102214 0.99999948
-0.00101641 0.99999948
-0.00100960 0.99999949
-0.00100173 0.99999950
-0.00099278 0.99999951
-0.00098276 0.99999952
-0.00097167 0.99999953
-0.00095950 0.99999954
-0.00094626 0.99999955
-0.00093195 0.99999957
-0.00091657 0.99999958
-0.00090011 0.99999959
-0.00088258 0.99999961
-0.00086398 0.99999963
-0.00084430 0.99999964
-0.00082355 0.99999966
-0.00080173 0.99999968
-0.00077884 0.99999970
-0.00075487 0.99999972
-0.00072983 0.99999973
-0.00070372 0.99999975
-0.00067653 0.99999977
-0.00064828 0.99999979
-0.00061895 0.99999981
-0.00058854 0.99999983
-0.00055707 0.99999984
-0.00052452 0.99999986
-0.00049090 0.99999988
-0.00045620 0.99999990
-0.00042043 0.99999991
-0.00038359 0.99999993
-0.00034568 0.99999994
-0.00030670 0.99999995
-0.00026664 0.99999996
-0.00022551 0.99999997
-0.00018330 0.99999998
-0.00014003 0.99999999
-0.00009568 1.00000000
-0.00005026 1.00000000
-0.00000376 1.00000000
0.00004381 1.00000000
0.00009245 1.00000000
0.00014216 0.99999999
0.00019295 0.99999998
0.00024480 0.99999997
0.00029773 0.99999996
0.00035174 0.99999994
0.00040681 0.99999992
0.00046296 0.99999989
0.00052019 0.99999986
0.00057848 0.99999983
0.00063785 0.99999980
0.00069829 0.99999976
0.00075980 0.99999971
0.00082239 0.99999966
0.00088605 0.99999961
0.00095078 0.99999955
0.00101658 0.99999948
0.00108346 0.99999941
0.00115141 0.99999934
0.00122043 0.99999926
0.00129053 0.99999917
0.00136169 0.99999907
0.00143393 0.99999897
0.00150725 0.99999886
0.00158163 0.99999875
0.00165709 0.99999863
0.00173363 0.99999850
0.00181123 0.99999836
0.00188991 0.99999821
0.00196966 0.99999806
0.00205049 0.99999790
0.00213238 0.99999773
0.00221535 0.99999755
0.00229940 0.99999736
0.00238451 0.99999716
0.00247070 0.99999695
0.00255796 0.99999673
0.00264630 0.99999650
0.00273571 0.99999626
0.00282619 0.99999601
0.00291774 0.99999574
0.00301037 0.99999547
0.00310407 0.99999518
0.00319884 0.99999488
0.00329469 0.99999457
0.00339161 0.99999425
0.00348960 0.99999391
0.00358867 0.99999356
0.00368881 0.99999320
0.00379002 0.99999282
0.00389231 0.99999242
0.00399567 0.99999202
0.00410010 0.99999159
0.00420561 0.99999116
0.00431218 0.99999070
0.00441984 0.99999023
0.00452856 0.99998975
0.00463836 0.99998924
0.00474923 0.99998872
0.00486118 0.99998818
0.00497420 0.99998763
0.00508829 0.99998705
0.00520346 0.99998646
0.00531970 0.99998585
0.00543701 0.99998522
0.00555539 0.99998457
0.00567485 0.99998390
0.00579539 0.99998321
0.00591699 0.99998249
0.00603967 0.99998176
0.00616343 0.99998101
0.00628825 0.99998023
0.00641415 0.99997943
0.00654113 0.99997861
0.00666918 0.99997776
0.00679830 0.99997689
0.00692849 0.99997600
0.00705976 0.99997508
0.00719210 0.99997414
0.00732552 0.99997317
0.00746001 0.99997217
0.00759557 0.99997115
0.00773221 0.99997011
0.00786992 0.99996903
0.00800871 0.99996793
0.00814856 0.99996680
0.00828950 0.99996564
0.00843150 0.99996445
0.00857458 0.99996324
0.00871874 0.99996199
0.00886396 0.99996071
0.00901026 0.99995941
0.00915764 0.99995807
0.00930609 0.99995670
0.00945561 0.99995529
0.00960621 0.99995386
0.00975788 0.99995239
0.00991062 0.99995089
0.01006444 0.99994935
0.01021933 0.99994778
0.01037530 0.99994618
0.01053234 0.99994453
0.01069046 0.99994286
0.01084964 0.99994114
0.01100991 0.99993939
0.01117124 0.99993760
0.01133365 0.99993577
0.01149714 0.99993391
0.01166170 0.99993200
0.01182733 0.99993005
0.01199404 0.99992807
0.01216182 0.99992604
0.01233067 0.99992397
0.01250060 0.99992186
0.01267161 0.99991971
0.01284368 0.99991752
0.01301683 0.99991528
0.01319106 0.99991299
0.01336636 0.99991067
0.01354273 0.99990829
0.01372018 0.99990587
0.01389870 0.99990341
0.01389870 0.99990341
0.01389870 0.99990341
0.01389870 0.99990341
0.01389870 0.99990341
0.01389870 0.99990341
0.01389870 0.99990341
0.01389870 0.99990341
0.01389870 0.99990341
0.01389870 0.99990341
0.01389870 0.99990341
0.01389870 0.99990341
0.01389870 0.99990341
0.01389870 0.99990341
0.01389870 0.99990341
0.01389870 0.99990341
0.01389870 0.99990341
0.01389870 0.99990341
0.01389870 0.99990341
0.01389870 0.99990341
0.01389870 0.99990341
0.01389870 0.99990341
0.01389870 0.99990341
0.01389870 0.99990341
0.01389870 0.99990341
0.01389870 0.99990341
0.01389870 0.99990341
0.01389870 0.99990341
0.01389870 0.99990341
0.01389870 0.99990341
0.01389870 0.99990341
0.01389870 0.99990341
0.01389870 0.99990341
0.01389870 0.99990341
0.01389870 0.99990341
0.01389870 0.99990341
0.01389870 0.99990341
0.01389870 0.99990341
0.01389870 0.99990341
0.01389870 0.99990341
0.01389870 0.99990341
0.01389870 0.99990341
0.01389870 0.99990341
0.01389870 0.99990341
0.01389870 0.99990341
0.01389870 0.99990341
0.01389870 0.99990341
0.01389870 0.99990341
0.01389870 0.99990341
0.01389870 0.99990341
0.01389870 0.99990341
0.01389870 0.99990341
0.01389870 0.99990341
0.01389870 0.99990341
0.01389870 0.99990341
0.01389870 0.99990341
