0.02170108 0.99976450
0.01799315 0.99983811
0.01460889 0.99989328
0.01154276 0.99993338
0.00878958 0.99996137
0.00634444 0.99997987
0.00420279 0.99999117
0.00236037 0.99999721
0.00081321 0.99999967
-0.00044231 0.99999990
-0.00140955 0.99999901
-0.00209156 0.99999781
-0.00249109 0.99999690
-0.00261062 0.99999659
-0.00245234 0.99999699
-0.00201820 0.99999796
-0.00130984 0.99999914
-0.00032866 0.99999995
0.00092417 0.99999957
0.00244774 0.99999700
0.00424140 0.99999101
0.00630468 0.99998013
0.00863736 0.99996270
0.01123943 0.99993684
0.01411107 0.99990043
0.01725267 0.99985116
0.02066477 0.99978646
0.02434812 0.99970354
0.02830361 0.99959937
0.03253228 0.99947069
0.03703531 0.99931396
0.04181400 0.99912541
0.04686976 0.99890101
0.05220409 0.99863644
0.05781856 0.99832711
0.06371482 0.99796815
0.06989454 0.99755439
0.07635941 0.99708036
0.08311111 0.99654029
0.09015131 0.99592808
0.09748160 0.99523733
0.10510351 0.99446129
0.11301846 0.99359289
0.12122770 0.99262472
0.12973233 0.99154905
0.13853324 0.99035778
0.14763105 0.98904250
0.15702610 0.98759445
0.16671841 0.98600455
0.17670761 0.98426339
0.18699293 0.98236126
0.19757311 0.98028815
0.20844639 0.97803379
0.21961045 0.97558764
0.23106233 0.97293895
0.24279844 0.97007676
0.25481444 0.96698997
0.26710525 0.96366736
0.27966496 0.96009766
0.29248679 0.95626956
0.30556308 0.95217184
0.31888519 0.94779335
0.33244353 0.94312316
0.34622748 0.93815059
0.36022538 0.93286530
0.37442452 0.92725740
0.38843918 0.92147436
0.40189506 0.91568573
0.41479675 0.90991409
0.42715007 0.90418074
0.43896190 0.89850568
0.45023995 0.89290760
0.46099262 0.88740397
0.47122887 0.88201097
0.48095802 0.87674362
0.49018967 0.87161579
0.49893356 0.86664024
0.50719944 0.86182871
0.51499701 0.85719197
0.52233582 0.85273987
0.52922517 0.84848142
0.53567408 0.84442482
0.54169118 0.84057758
0.54728470 0.83694650
0.55246242 0.83353781
0.55723158 0.83035713
0.56159890 0.82740962
0.56557053 0.82469993
0.56915201 0.82223232
0.57234825 0.82001066
0.57516350 0.81803848
0.57760137 0.81631897
0.57966474 0.81485507
0.58135583 0.81364943
0.58267609 0.81270448
0.58362627 0.81202240
0.58420633 0.81160518
0.58441550 0.81145457
0.58425219 0.81157216
0.58409820 0.81168300
0.58433827 0.81151019
0.58497411 0.81105197
0.58600665 0.81030624
0.58743601 0.80927062
0.58926149 0.80794239
0.59148155 0.80631853
0.59409380 0.80439577
0.59709496 0.80217056
0.60048084 0.79963915
0.60424632 0.79679758
0.60838534 0.79364178
0.61289087 0.79016756
0.61775489 0.78637071
0.62296835 0.78224704
0.62852122 0.77779244
0.63440241 0.77300296
0.64059982 0.76787490
0.64710031 0.76240487
0.65388971 0.75658988
0.66095287 0.75042741
0.66827365 0.74391554
0.67583498 0.73705297
0.68361887 0.72983918
0.69160653 0.72227447
0.69977836 0.71436002
0.70811409 0.70609803
0.71659284 0.69749172
0.72519321 0.68854543
0.73389341 0.67926464
0.74267137 0.66965606
0.75150485 0.65972757
0.75920011 0.65085728
0.76467368 0.64441770
0.76803670 0.64040583
0.76935846 0.63881732
0.76866721 0.63964891
0.76595059 0.64289945
0.76115556 0.64856936
0.75418793 0.65665864
0.74491157 0.66716321
0.73314767 0.68006948
0.71867446 0.69534669
0.70122819 0.71293690
0.68050622 0.73274231
0.65617370 0.75460988
0.62787548 0.77831381
0.59525499 0.80353687
0.55798201 0.82985305
0.51811894 0.85530858
0.47813556 0.87828605
0.43833665 0.89881087
0.39899788 0.91695185
0.36036046 0.93281313
0.32262828 0.94652575
0.28596738 0.95823935
0.25050714 0.96811475
0.21634299 0.97631742
0.18353980 0.98301228
0.15213590 0.98835958
0.12214715 0.99251200
0.09357090 0.99561262
0.06638970 0.99779377
0.04057462 0.99917651
0.01608818 0.99987058
-0.00666260 0.99997780
-0.02723190 0.99962914
-0.04561597 0.99895905
-0.06182379 0.99808708
-0.07587302 0.99711749
-0.08778659 0.99613930
-0.09758973 0.99522673
-0.10530763 0.99443969
-0.11096357 0.99382447
-0.11457748 0.99341431
-0.11616503 0.99322993
-0.11573700 0.99327989
-0.11329909 0.99356093
-0.10885201 0.99405797
-0.10239200 0.99474413
-0.09391161 0.99558054
-0.08461019 0.99641413
-0.07569508 0.99713101
-0.06716836 0.99774166
-0.05903160 0.99825611
-0.05128596 0.99868401
-0.04393220 0.99903451
-0.03697079 0.99931635
-0.03040193 0.99953775
-0.02422558 0.99970652
-0.01844154 0.99982994
-0.01304949 0.99991485
-0.00804900 0.99996761
-0.00343962 0.99999408
0.00077915 0.99999970
0.00460777 0.99998938
0.00804666 0.99996763
0.01116939 0.99993762
0.01404915 0.99990131
0.01668578 0.99986078
0.01907913 0.99981798
0.02122909 0.99977464
0.02313551 0.99973234
0.02479828 0.99969248
0.02621726 0.99965627
0.02739230 0.99962476
0.02832326 0.99959882
0.02900995 0.99957912
0.02945218 0.99956619
0.02964973 0.99956035
0.02960235 0.99956175
0.02930978 0.99957038
0.02877173 0.99958601
0.02798789 0.99960826
0.02695792 0.99963657
0.02568146 0.99967018
0.02415815 0.99970815
0.02238759 0.99974937
0.02036938 0.99979252
0.01810313 0.99983612
0.01558844 0.99987849
0.01282491 0.99991776
0.00981216 0.99995186
0.00654983 0.99997855
0.00303760 0.99999539
-0.00072483 0.99999974
-0.00473770 0.99998878
-0.00900118 0.99995949
-0.01351539 0.99990866
-0.01787045 0.99984031
-0.02165608 0.99976548
-0.02487175 0.99969065
-0.02751697 0.99962134
-0.02959128 0.99956208
-0.03109415 0.99951646
-0.03202498 0.99948707
-0.03238309 0.99947553
-0.03216767 0.99948249
-0.03137782 0.99950760
-0.03001250 0.99954952
-0.02807060 0.99960594
-0.02555089 0.99967352
-0.02245213 0.99974792
-0.01877304 0.99982377
-0.01451236 0.99989469
-0.01098488 0.99993966
-0.00950890 0.99995479
-0.01008817 0.99994911
-0.01272606 0.99991902
-0.01742549 0.99984816
-0.02418838 0.99970742
-0.03301478 0.99945486
-0.04390155 0.99903586
-0.05684068 0.99838326
-0.07181725 0.99741781
-0.08880702 0.99604885
-0.10777380 0.99417544
-0.12866664 0.99168790
-0.15141701 0.98846997
-0.17593614 0.98440158
-0.20211266 0.97936228
-0.22873887 0.97348782
-0.25472005 0.96701484
-0.28009649 0.95997185
-0.30490836 0.95238169
-0.32919527 0.94426187
-0.35299598 0.93562484
-0.37634813 0.92647832
-0.39928803 0.91682554
-0.42185045 0.90666543
-0.44406849 0.89599284
-0.46597339 0.88479873
-0.48759441 0.87307027
-0.50895865 0.86079097
-0.53009090 0.84794082
-0.55101346 0.83449635
-0.57174597 0.82043071
-0.59230512 0.80571375
-0.61270443 0.79031214
-0.63295397 0.77418943
-0.65305999 0.75730618
-0.67302456 0.73962014
-0.69284513 0.72108642
-0.71251408 0.70165781
-0.73201823 0.68128504
-0.75133825 0.65991729
-0.77044811 0.63750272
-0.78931447 0.61398914
-0.80789615 0.58932488
-0.82614349 0.56345980
-0.84399789 0.53634649
-0.86139144 0.50794171
-0.87824660 0.47820802
-0.89447620 0.44711556
-0.90958017 0.41552847
-0.92314947 0.38444122
-0.93524036 0.35401337
-0.94592490 0.32438569
-0.95528726 0.29567930
-0.96342016 0.26799551
-0.97042160 0.24141648
-0.97639195 0.21600640
-0.98143149 0.19181299
-0.98563844 0.16886937
-0.98910736 0.14719592
-0.99192802 0.12680226
-0.99418462 0.10768911
-0.99595531 0.08985003
-0.99731192 0.07327307
-0.99831994 0.05794215
-0.99903863 0.04383841
-0.99952121 0.03094123
-0.99981510 0.01922925
-0.99996232 0.00868112
-0.99999974 -0.00072383
-0.99995945 -0.00900500
-0.99986909 -0.01618009
-0.99975211 -0.02226473
-0.99962805 -0.02727216
-0.99951276 -0.03121297
-0.99941860 -0.03409496
-0.99935456 -0.03592292
-0.99932638 -0.03669856
-0.99933656 -0.03642039
-0.99938438 -0.03508367
-0.99946585 -0.03268039
-0.99955594 -0.02979799
-0.99963457 -0.02703200
-0.99970267 -0.02438404
-0.99976114 -0.02185564
-0.99981086 -0.01944828
-0.99985270 -0.01716341
-0.99988746 -0.01500239
-0.99991593 -0.01296653
-0.99993887 -0.01105711
-0.99995698 -0.00927531
-0.99997095 -0.00762229
-0.99998140 -0.00609912
-0.99998892 -0.00470684
-0.99999406 -0.00344640
-0.99999731 -0.00231874
-0.99999912 -0.00132469
-0.99999989 -0.00046505
-0.99999997 0.00025944
-0.99999964 0.00084811
-0.99999915 0.00130034
-0.99999869 0.00161558
-0.99999839 0.00179333
-0.99999832 0.00183315
-0.99999850 0.00173466
-0.99999888 0.00149756
-0.99999937 0.00112159
-0.99999982 0.00060656
-1.00000000 -0.00004766
-0.99999965 -0.00084111
-0.99999843 -0.00177382
-0.99999595 -0.00284569
-0.99999177 -0.00405660
-0.99998611 -0.00527150
-0.99997981 -0.00635523
-0.99997330 -0.00730755
-0.99996697 -0.00812824
-0.99996113 -0.00881717
-0.99995606 -0.00937425
-0.99995198 -0.00979946
-0.99994907 -0.01009285
-0.99994742 -0.01025450
-0.99994711 -0.01028457
-0.99994815 -0.01018328
-0.99995049 -0.00995090
-0.99995404 -0.00958776
-0.99995865 -0.00909424
-0.99996412 -0.00847079
-0.99997022 -0.00771790
-0.99997663 -0.00683614
-0.99998303 -0.00582611
-0.99998901 -0.00468848
-0.99999414 -0.00342399
-0.99999793 -0.00203341
-0.99999987 -0.00051758
-0.99999937 0.00112261
-0.99999583 0.00288620
-0.99998861 0.00477219
-0.99997702 0.00677952
-0.99996033 0.00890706
-0.99993780 0.01115365
-0.99990863 0.01351805
-0.99987201 0.01599898
-0.99982710 0.01859510
-0.99977302 0.02130501
-0.99972328 0.02352388
-0.99969605 0.02465395
-0.99969486 0.02470195
-0.99971979 0.02367136
-0.99976750 0.02156247
-0.99983121 0.01837243
-0.99990066 0.01409537
-0.99996196 0.00872250
-0.99999749 0.00224230
-0.99998564 -0.00535922
-0.99990061 -0.01409828
-0.99971213 -0.02399295
-0.99938511 -0.03506273
-0.99887940 -0.04732801
-0.99814939 -0.06080944
-0.99714375 -0.07552712
-0.99580510 -0.09149978
-0.99406983 -0.10874362
-0.99186796 -0.12727114
-0.98912316 -0.14708970
-0.98575289 -0.16819997
-0.98166891 -0.19059418
-0.97677792 -0.21425429
-0.97098263 -0.23915001
-0.96418327 -0.26523692
-0.95627941 -0.29245459
-0.94717238 -0.32072494
-0.93676802 -0.34995097
-0.92497992 -0.38001598
-0.91173292 -0.41078350
-0.89696678 -0.44209795
-0.88063981 -0.47378637
-0.86273224 -0.50566104
-0.84378703 -0.53667817
-0.82442529 -0.56597079
-0.80474991 -0.59361400
-0.78484748 -0.61968899
-0.76478933 -0.64428043
-0.74463286 -0.66747428
-0.72442274 -0.68935600
-0.70419232 -0.71000928
-0.68396482 -0.72951499
-0.66375450 -0.74795051
-0.64356776 -0.76538914
-0.62340404 -0.78189986
-0.60325668 -0.79754710
-0.58311357 -0.81239065
-0.56295782 -0.82648563
-0.54276819 -0.83988255
-0.52251950 -0.85262734
-0.50218295 -0.86476140
-0.48172635 -0.87632170
-0.46111428 -0.88734076
-0.44030818 -0.89784670
-0.41926642 -0.90786324
-0.39794428 -0.91740959
-0.37629394 -0.92650034
-0.35426439 -0.93514530
-0.33180139 -0.94334927
-0.30884731 -0.95111163
-0.28534111 -0.95842603
-0.26121821 -0.96527978
-0.23641046 -0.97165328
-0.21084620 -0.97751925
-0.18445032 -0.98284184
-0.15790733 -0.98745394
-0.13211488 -0.99123441
-0.10730459 -0.99422619
-0.08368861 -0.99649196
-0.06145411 -0.99810991
-0.04075935 -0.99916899
-0.02173145 -0.99976384
-0.00446581 -0.99999003
0.01097306 -0.99993979
0.02454970 -0.99969861
0.03625497 -0.99934257
0.04610294 -0.99893669
0.05412758 -0.99853403
0.06037947 -0.99817550
0.06492269 -0.99789030
0.06783197 -0.99769676
0.06939678 -0.99758914
0.06990056 -0.99755396
0.06939117 -0.99758953
0.06788717 -0.99769300
0.06537989 -0.99786045
0.06183360 -0.99808647
0.05718400 -0.99836366
0.05133465 -0.99868151
0.04415119 -0.99902486
0.03545255 -0.99937136
0.02499811 -0.99968750
0.01246905 -0.99992226
-0.00255882 -0.99999673
-0.02065509 -0.99978666
-0.04259459 -0.99909244
-0.06944818 -0.99758556
-0.11043373 -0.99388349
-0.17631966 -0.98433296
-0.26952481 -0.96299344
-0.38821972 -0.92156685
-0.52282212 -0.85244180
-0.65596222 -0.75479372
-0.76964792 -0.63846855
-0.85450383 -0.51944510
-0.90847962 -0.41792915
-0.94046832 -0.33988135
-0.96025059 -0.27913940
-0.97297562 -0.23090787
-0.98144166 -0.19176094
-0.98723306 -0.15928242
-0.99128397 -0.13174255
-0.99416562 -0.10786434
-0.99629995 -0.08594426
-0.99788138 -0.06505956
-0.99897188 -0.04533410
-0.99963861 -0.02688209
-0.99995191 -0.00980740
-0.99998320 0.00579663
-0.99980303 0.01984715
-0.99947914 0.03227137
-0.99907481 0.04300600
-0.99864727 0.05199651
-0.99824636 0.05919635
-0.99791343 0.06456619
-0.99768032 0.06807328
-0.99756863 0.06969090
-0.99758904 0.06939812
-0.99774089 0.06717970
-0.99794905 0.06401316
-0.99814486 0.06088377
-0.99832863 0.05779227
-0.99850068 0.05473937
-0.99866133 0.05172575
-0.99881091 0.04875212
-0.99894975 0.04581914
-0.99907819 0.04292748
-0.99919656 0.04007778
-0.99930521 0.03727067
-0.99940446 0.03450677
-0.99949468 0.03178669
-0.99957618 0.02911101
-0.99964934 0.02648031
-0.99971447 0.02389516
-0.99977193 0.02135609
-0.99982207 0.01886363
-0.99986521 0.01641831
-0.99990171 0.01402063
-0.99993189 0.01167106
-0.99995610 0.00937007
-0.99997467 0.00711813
-0.99998792 0.00491566
-0.99999618 0.00276310
-0.99999978 0.00066084
-0.99999903 -0.00139072
-0.99999425 -0.00339120
-0.99998574 -0.00534024
-0.99997381 -0.00723751
-0.99995875 -0.00908266
-0.99994086 -0.01087539
-0.99992042 -0.01261539
-0.99989772 -0.01430239
-0.99987301 -0.01593611
-0.99984658 -0.01751630
-0.99981867 -0.01904273
-0.99978954 -0.02051517
-0.99975943 -0.02193342
-0.99972858 -0.02329728
-0.99969721 -0.02460657
-0.99966554 -0.02586114
-0.99963379 -0.02706083
-0.99960215 -0.02820550
-0.99957081 -0.02929505
-0.99953996 -0.03032936
-0.99950977 -0.03130834
-0.99948042 -0.03223191
-0.99945204 -0.03310002
-0.99942480 -0.03391261
-0.99939883 -0.03466964
-0.99937425 -0.03537110
-0.99935118 -0.03601696
-0.99932973 -0.03660725
-0.99931000 -0.03714198
-0.99929207 -0.03762116
-0.99927603 -0.03804486
-0.99926194 -0.03841312
-0.99924987 -0.03872602
-0.99923985 -0.03898363
-0.99923193 -0.03918605
-0.99922614 -0.03933339
-0.99922250 -0.03942576
-0.99922102 -0.03946329
-0.99922170 -0.03944613
-0.99922453 -0.03937443
-0.99923318 -0.03915425
-0.99925119 -0.03869194
-0.99927820 -0.03798796
-0.99931369 -0.03704264
-0.99935696 -0.03585617
-0.99940716 -0.03442859
-0.99946325 -0.03275982
-0.99952404 -0.03084964
-0.99958814 -0.02869771
-0.99965400 -0.02630357
-0.99971991 -0.02366665
-0.99978394 -0.02078626
-0.99984402 -0.01766162
-0.99989787 -0.01429183
-0.99994301 -0.01067593
-0.99997679 -0.00681286
-0.99999635 -0.00270151
-0.99999862 0.00165930
-0.99998034 0.00627082
-0.99993801 0.01113430
-0.99986794 0.01625106
-0.99976621 0.02162238
-0.99962866 0.02724960
-0.99945092 0.03313399
-0.99922837 0.03927682
-0.99895616 0.04567929
-0.99862919 0.05234254
-0.99824213 0.05926762
-0.99778939 0.06645546
-0.99726515 0.07390688
-0.99666332 0.08162252
-0.99597758 0.08960284
-0.99520136 0.09784811
-0.99433089 0.10633009
-0.99336313 0.11502038
-0.99229237 0.12391869
-0.99111275 0.13302447
-0.98981827 0.14233692
-0.98840279 0.15185497
-0.98686007 0.16157724
-0.98518376 0.17150207
-0.98336742 0.18162743
-0.98140452 0.19195094
-0.97928849 0.20246987
-0.97701271 0.21318107
-0.97457053 0.22408097
-0.97195532 0.23516559
-0.96916047 0.24643050
-0.96617942 0.25787077
-0.96300570 0.26948103
-0.95963295 0.28125541
-0.95605495 0.29318753
-0.95226568 0.30527050
-0.94825930 0.31749692
-0.94403025 0.32985888
-0.93957324 0.34234796
-0.93488331 0.35495520
-0.92995586 0.36767118
-0.92478670 0.38048596
-0.91937206 0.39338914
-0.91370867 0.40636986
-0.90779377 0.41941683
-0.90162512 0.43251838
-0.89520108 0.44566245
-0.88852064 0.45883665
-0.88188986 0.47145549
-0.87564111 0.48296237
-0.86980943 0.49338783
-0.86442508 0.50276165
-0.85951401 0.51111219
-0.85509822 0.51846604
-0.85119623 0.52484757
-0.84782342 0.53027864
-0.84499235 0.53477840
-0.84271302 0.53836304
-0.84099318 0.54104572
-0.83983845 0.54283642
-0.83925251 0.54374187
-0.83923719 0.54376552
-0.83979249 0.54290752
-0.84091662 0.54116471
-0.84260594 0.53853063
-0.84485485 0.53499559
-0.84765569 0.53054673
-0.85099849 0.52516814
-0.85487078 0.51884096
-0.85925732 0.51154360
-0.86413972 0.50325198
-0.86949612 0.49393977
-0.87530080 0.48357886
-0.88152373 0.47213972
-0.88813016 0.45959200
-0.89508018 0.44590522
-0.90232829 0.43104948
-0.90982302 0.41499647
-0.91750666 0.39772042
-0.92531500 0.37919935
-0.93317730 0.35941636
-0.94071497 0.33919809
-0.94761760 0.31940707
-0.95391355 0.30008155
-0.95963294 0.28125543
-0.96480720 0.26295831
-0.96946856 0.24521566
-0.97364964 0.22804906
-0.97738310 0.21147641
-0.98070127 0.19551220
-0.98363589 0.18016782
-0.98621787 0.16545187
-0.98847711 0.15137043
-0.99044234 0.13792739
-0.99214102 0.12512474
-0.99359922 0.11296282
-0.99484160 0.10144062
-0.99589136 0.09055602
-0.99677026 0.08030601
-0.99749855 0.07068689
-0.99809508 0.06169451
-0.99857724 0.05332441
-0.99896106 0.04557197
-0.99926119 0.03843261
-0.99949101 0.03190184
-0.99966258 0.02597545
-0.99978677 0.02064957
-0.99987326 0.01592076
-0.99993054 0.01178611
-0.99996602 0.00824331
-0.99998600 0.00529068
-0.99999572 0.00292726
-0.99999934 0.00115285
-0.99999997 -0.00025831
-0.99999883 -0.00153176
-0.99999644 -0.00266684
-0.99999329 -0.00366295
-0.99998979 -0.00451953
-0.99998629 -0.00523605
-0.99998311 -0.00581204
-0.99998049 -0.00624706
-0.99997861 -0.00654074
-0.99997760 -0.00669272
-0.99997754 -0.00670271
-0.99997841 -0.00657046
-0.99998018 -0.00629574
-0.99998272 -0.00587840
-0.99998586 -0.00531832
-0.99998935 -0.00461542
-0.99999289 -0.00376966
-0.99999613 -0.00278108
-0.99999864 -0.00164973
-0.99999993 -0.00037573
-0.99999946 0.00104076
-0.99999662 0.00259951
-0.99999075 0.00430027
-0.99998113 0.00614271
-0.99996698 0.00812645
-0.99994746 0.01025106
-0.99992167 0.01251605
-0.99988868 0.01492087
-0.99984748 0.01746492
-0.99979702 0.02014752
-0.99973620 0.02296793
-0.99966388 0.02592536
-0.99959949 0.02829944
-0.99956854 0.02937216
-0.99957516 0.02914622
-0.99961838 0.02762431
-0.99969221 0.02480910
-0.99978566 0.02070343
-0.99988279 0.01531041
-0.99996273 0.00863383
-0.99999977 0.00067849
-0.99996345 -0.00854929
-0.99981870 -0.01904112
-0.99952600 -0.03078586
-0.99904168 -0.04376897
-0.99831823 -0.05797170
-0.99730476 -0.07337034
-0.99594760 -0.08993539
-0.99440324 -0.10565130
-0.99294802 -0.11855057
-0.99168710 -0.12867282
-0.99070104 -0.13605678
-0.99004703 -0.14073688
-0.98976007 -0.14274105
-0.98985384 -0.14208931
-0.99032137 -0.13879332
-0.99113525 -0.13285675
-0.99224765 -0.12427634
-0.99359000 -0.11304386
-0.99507261 -0.09914888
-0.99658425 -0.08258228
-0.99799196 -0.06334079
-0.99914131 -0.04143227
-0.99985749 -0.01688177
-0.99995577 0.00940568
-0.99932881 0.03663230
-0.99789067 0.06491693
-0.99553646 0.09437775
-0.99214023 0.12513096
-0.98755268 0.15728863
-0.98159869 0.19095554
-0.97407511 0.22622482
-0.96474893 0.26317200
-0.95335626 0.30184738
-0.93960294 0.34226645
-0.92316730 0.38439841
-0.90370627 0.42815298
-0.88086576 0.47336615
-0.85429643 0.51978612
-0.82367550 0.56706144
-0.78873457 0.61473391
-0.75216571 0.65897401
-0.71759594 0.69645966
-0.68602371 0.72757918
-0.65818881 0.75285290
-0.63460082 0.77284009
-0.61558308 0.78807199
-0.60131902 0.79900903
-0.59189274 0.80601674
-0.58732032 0.80935458
-0.58757063 0.80917288
-0.59257599 0.80551455
-0.60223347 0.79832002
-0.61639756 0.78743511
-0.63486537 0.77262278
-0.65735547 0.75358064
-0.68348280 0.72996662
-0.71045385 0.70374380
-0.73583862 0.67715694
-0.75970606 0.65026664
-0.78212627 0.62311997
-0.80316880 0.59575152
-0.82290116 0.56818455
-0.84138764 0.54043208
-0.85868842 0.51249800
-0.87485879 0.48437805
-0.88994862 0.45606081
-0.90400184 0.42752856
-0.91705615 0.39875809
-0.92914264 0.36972146
-0.94028555 0.34038668
-0.95050202 0.31071838
-0.95980186 0.28067846
-0.96818319 0.25024250
-0.97564008 0.21937736
-0.98216346 0.18802908
-0.98773449 0.15614282
-0.99232419 0.12366365
-0.99589304 0.09053756
-0.99839055 0.05671255
-0.99975488 0.02213991
-0.99991256 -0.01322415
-0.99877825 -0.04941673
-0.99625480 -0.08646607
-0.99223352 -0.12438911
-0.98659488 -0.16318866
-0.97920974 -0.20285042
-0.96994115 -0.24333960
-0.95864708 -0.28459758
-0.94550065 -0.32562021
-0.93086279 -0.36536894
-0.91487684 -0.40373304
-0.89769002 -0.44062755
-0.87944944 -0.47599232
-0.86029864 -0.50979040
-0.84037473 -0.54200582
-0.81980621 -0.57264106
-0.79871132 -0.60171440
-0.77719712 -0.62925721
-0.75535887 -0.65531136
-0.73328000 -0.67992679
-0.71103227 -0.70315938
-0.68867627 -0.72506896
-0.66626202 -0.74571772
-0.64382973 -0.76516879
-0.62141061 -0.78348507
-0.59902763 -0.80072836
-0.57669636 -0.81695857
-0.55442574 -0.83223320
-0.53221875 -0.84660688
-0.51007309 -0.86013106
-0.48798177 -0.87285382
-0.46593361 -0.88481968
-0.44391371 -0.89606954
-0.42190384 -0.90664059
-0.39988278 -0.91656629
-0.37782661 -0.92587637
-0.35570895 -0.93459678
-0.33350113 -0.94274970
-0.31117239 -0.95035348
-0.28869002 -0.95742262
-0.26597048 -0.96398117
-0.24294378 -0.97004037
-0.21959612 -0.97559087
-0.19591381 -0.98062112
-0.17188346 -0.98511729
-0.14749222 -0.98906322
-0.12272800 -0.99244034
-0.09757971 -0.99522771
-0.07203756 -0.99740192
-0.04609334 -0.99893714
-0.01974080 -0.99980513
0.00702404 -0.99997533
0.03420248 -0.99941492
0.06179277 -0.99808900
0.08978961 -0.99596076
0.11818379 -0.99299174
0.14696170 -0.98914218
0.17610488 -0.98437141
0.20558963 -0.97863829
0.23538656 -0.97190183
0.26546028 -0.96412180
0.29576907 -0.95525947
0.32626472 -0.94527844
0.35689238 -0.93414551
0.38759063 -0.92183160
0.41829164 -0.90831278
0.44892153 -0.89357118
0.47940088 -0.87759603
0.50964545 -0.86038451
0.53956708 -0.84194261
0.56907477 -0.82228578
0.59807592 -0.80143945
0.62592790 -0.77988093
0.65210641 -0.75812745
0.67669931 -0.73625949
0.69979692 -0.71434185
0.72148983 -0.69242503
0.74186731 -0.67054671
0.76101598 -0.64873314
0.77901891 -0.62700043
0.79595496 -0.60535585
0.81189835 -0.58379883
0.82691838 -0.56232197
0.84107928 -0.54091186
0.85444019 -0.51954976
0.86705514 -0.49821220
0.87897308 -0.47687139
0.89023800 -0.45549566
0.90088895 -0.43404966
0.91096006 -0.41249456
0.92048062 -0.39078821
0.92947500 -0.36888511
0.93796259 -0.34673648
0.94595766 -0.32429015
0.95346918 -0.30149050
0.96050048 -0.27827832
0.96704891 -0.25459066
0.97310530 -0.23036073
0.97865340 -0.20551771
0.98366904 -0.17998670
0.98811932 -0.15368865
0.99196145 -0.12654045
0.99514149 -0.09845512
0.99759293 -0.06934221
0.99923497 -0.03910853
0.99997737 -0.00672801
0.99958589 0.02877598
0.99772750 0.06737834
0.99404399 0.10897954
0.98816583 0.15338935
0.97973185 0.20031349
0.96841445 0.24934604
0.95394843 0.29997065
0.93616038 0.35157323
0.91499429 0.40346679
0.89052849 0.45492748
0.86298017 0.50523779
0.83269537 0.55373136
0.80012535 0.59983283
0.76579295 0.64308721
0.73025427 0.68317546
0.69605856 0.71798501
0.66540345 0.74648393
0.63820149 0.76986938
0.61427630 0.78909101
0.59341954 0.80489332
0.57542419 0.81785512
0.56010329 0.82842278
0.54730018 0.83693639
0.53689422 0.84364957
0.52880449 0.84874367
0.52299293 0.85233702
0.51946819 0.85448979
0.51829106 0.85520429
0.51958227 0.85442042
0.52353394 0.85200482
0.53042568 0.84773144
0.54065397 0.84124508
0.55456579 0.83213989
0.57241790 0.81996204
0.59440545 0.80416551
0.62061917 0.78411214
0.65098910 0.75908708
0.68521725 0.72833874
0.72270803 0.69115345
0.76251482 0.64697075
0.80333022 0.59553384
0.84355055 0.53704978
0.88143204 0.47231086
0.91532370 0.40271892
0.94392035 0.33017325
0.96645583 0.25683288
0.98277253 0.18481924
0.99286981 0.11920377
0.99800065 0.06320361
0.99987506 0.01580686
0.99971102 -0.02403903
0.99835647 -0.05730939
0.99639342 -0.08485366
0.99421765 -0.10738370
0.99209621 -0.12547952
0.99020774 -0.13960168
0.98867007 -0.15010497
0.98755872 -0.15725067
0.98691907 -0.16121649
0.98677374 -0.16210364
0.98712656 -0.15994109
0.98796353 -0.15468700
0.98925099 -0.14622747
0.99068717 -0.13615771
0.99200490 -0.12619934
0.99320569 -0.11637204
0.99429173 -0.10669560
0.99526586 -0.09718985
0.99613155 -0.08787453
0.99689288 -0.07876921
0.99755448 -0.06989318
0.99812151 -0.06126536
0.99859959 -0.05290420
0.99899474 -0.04482762
0.99931331 -0.03705289
0.99956193 -0.02959658
0.99974742 -0.02247450
0.99987672 -0.01570159
0.99995683 -0.00929192
0.99999469 -0.00325862
0.99999715 0.00238616
0.99997088 0.00763129
0.99992229 0.01246667
0.99985747 0.01688326
0.99978213 0.02087310
0.99970156 0.02442929
0.99962054 0.02754605
0.99954331 0.03021866
0.99947357 0.03244346
0.99941440 0.03421791
0.99936824 0.03554050
0.99933691 0.03641078
0.99932157 0.03682932
0.99932273 0.03679774
0.99934026 0.03631862
0.99936657 0.03558745
0.99939438 0.03479753
0.99942357 0.03394899
0.99945397 0.03304187
0.99948543 0.03207619
0.99951777 0.03105192
0.99955083 0.02996900
0.99958441 0.02882732
0.99961831 0.02762672
0.99965233 0.02636700
0.99968625 0.02504794
0.99971984 0.02366926
0.99975287 0.02223063
0.99978507 0.02073171
0.99981620 0.01917210
0.99984596 0.01755136
0.99987408 0.01586901
0.99990024 0.01412453
0.99992414 0.01231737
0.99994543 0.01044691
0.99996377 0.00851252
0.99997879 0.00651351
0.99999010 0.00444916
0.99999731 0.00231868
0.99999999 0.00012127
0.99999770 -0.00214393
0.99998997 -0.00447782
0.99997632 -0.00688136
0.99995624 -0.00935553
0.99992918 -0.01190139
0.99989458 -0.01452001
0.99985185 -0.01721254
0.99980038 -0.01998017
0.99972279 -0.02354433
0.99959006 -0.02863058
0.99937865 -0.03524633
0.99905784 -0.04339857
0.99858956 -0.05309317
0.99792842 -0.06433402
0.99702167 -0.07712193
0.99580935 -0.09145344
0.99422460 -0.10731935
0.99219409 -0.12470323
0.98963875 -0.14357972
0.98647483 -0.16391284
0.98261512 -0.18565430
0.97797077 -0.20874189
0.97245323 -0.23309810
0.96597672 -0.25862904
0.95883030 -0.28397967
0.95142414 -0.30788325
0.94385077 -0.33037211
0.93619339 -0.35148534
0.92852620 -0.37126688
0.92091485 -0.38976382
0.91341703 -0.40702498
0.90608314 -0.42309968
0.89895703 -0.43803682
0.89207669 -0.45188403
0.88547497 -0.46468708
0.87918024 -0.47648935
0.87321704 -0.48733151
0.86760664 -0.49725116
0.86236760 -0.50628266
0.85751622 -0.51445692
0.85305343 -0.52182357
0.84898283 -0.52842043
0.84532178 -0.53425751
0.84208562 -0.53934387
0.83928780 -0.54368739
0.83694002 -0.54729462
0.83505226 -0.55017063
0.83363294 -0.55231886
0.83268892 -0.55374106
0.83222557 -0.55443719
0.83224681 -0.55440531
0.83275505 -0.55364161
0.83375122 -0.55214029
0.83523470 -0.54989363
0.83720321 -0.54689193
0.83965278 -0.54312356
0.84257754 -0.53857505
0.84596961 -0.53323111
0.84981892 -0.52707476
0.85411298 -0.52008750
0.85883670 -0.51224948
0.86397207 -0.50353973
0.86949801 -0.49393645
0.87538999 -0.48341738
0.88161987 -0.47196017
0.88815558 -0.45954288
0.89496092 -0.44614455
0.90199533 -0.43174578
0.90921381 -0.41632948
0.91656679 -0.39988162
0.92400017 -0.38239205
0.93145545 -0.36385540
0.93886996 -0.34427198
0.94592432 -0.32438740
0.95236244 -0.30496851
0.95821501 -0.28604895
0.96351398 -0.26765800
0.96829212 -0.24982069
0.97258251 -0.23255808
0.97641825 -0.21588747
0.97983207 -0.19982270
0.98285607 -0.18437447
0.98552148 -0.16955062
0.98785848 -0.15535644
0.98989604 -0.14179500
0.99166183 -0.12886742
0.99318210 -0.11657318
0.99448168 -0.10491036
0.99558391 -0.09387589
0.99651064 -0.08346580
0.99728227 -0.07367542
0.99791774 -0.06449954
0.99843454 -0.05593267
0.99884882 -0.04796910
0.99917535 -0.04060308
0.99942764 -0.03382898
0.99961791 -0.02764133
0.99975720 -0.02203498
0.99985540 -0.01700515
0.99992128 -0.01254751
0.99996252 -0.00865825
0.99998577 -0.00533414
0.99999669 -0.00257258
0.99999993 -0.00037162
0.99999919 0.00126997
0.99999665 0.00258723
0.99999272 0.00381461
0.99998774 0.00495201
0.99998200 0.00599928
0.99997580 0.00695631
0.99996940 0.00782298
0.99996303 0.00859914
0.99995690 0.00928468
0.99995120 0.00987948
0.99994609 0.01038340
0.99994172 0.01079632
0.99993819 0.01111811
0.99993560 0.01134863
0.99993401 0.01148776
0.99993347 0.01153536
0.99993397 0.01149130
0.99993552 0.01135543
0.99993809 0.01112763
0.99994159 0.01080775
0.99994596 0.01039564
0.99995108 0.00989117
0.99995681 0.00929418
0.99996298 0.00860454
0.99996941 0.00782210
0.99997587 0.00694671
0.99998213 0.00597821
0.99998791 0.00491647
0.99999293 0.00376134
0.99999684 0.00251266
0.99999932 0.00117030
0.99999996 -0.00026589
0.99999839 -0.00179605
0.99999415 -0.00342033
0.99998720 -0.00505959
0.99997799 -0.00663456
0.99996683 -0.00814513
0.99995400 -0.00959122
0.99993980 -0.01097271
0.99992448 -0.01228951
0.99990831 -0.01354153
0.99989153 -0.01472867
0.99987437 -0.01585083
0.99985705 -0.01690793
0.99983978 -0.01789986
0.99982276 -0.01882654
0.99980618 -0.01968787
0.99979019 -0.02048376
0.99977496 -0.02121410
0.99976063 -0.02187881
0.99974734 -0.02247779
0.99973521 -0.02301094
0.99972435 -0.02347816
0.99971485 -0.02387935
0.99970679 -0.02421441
0.99970024 -0.02448324
0.99969526 -0.02468574
0.99969189 -0.02482179
0.99969016 -0.02489130
0.99969009 -0.02489414
0.99969168 -0.02483022
0.99969492 -0.02469942
0.99969979 -0.02450162
0.99970625 -0.02423671
0.99971424 -0.02390457
0.99972372 -0.02350509
0.99973262 -0.02312349
0.99973901 -0.02284531
0.99974298 -0.02267082
0.99974458 -0.02260015
0.99974383 -0.02263327
0.99974073 -0.02277003
0.99973523 -0.02301012
0.99972728 -0.02335311
0.99971678 -0.02379841
0.99970361 -0.02434533
0.99968763 -0.02499301
0.99966866 -0.02574049
0.99964651 -0.02658665
0.99962097 -0.02753027
0.99959179 -0.02857001
0.99955873 -0.02970440
0.99954594 -0.03013164
0.99957766 -0.02906025
0.99964868 -0.02650507
0.99974724 -0.02248219
0.99985533 -0.01700916
0.99994894 -0.01010531
0.99999839 -0.00179221
0.99996875 0.00790584
0.99982022 0.01896116
0.99950872 0.03134207
0.99898644 0.04501219
0.99820260 0.05992973
0.99710424 0.07604692
0.99563716 0.09330936
0.99374696 0.11165561
0.99138014 0.13101684
0.98890997 0.14851625
0.98687603 0.16147970
0.98542832 0.17009122
0.98466244 0.17447026
0.98462727 0.17466864
0.98532848 0.17066865
0.98672799 0.16238189
0.98873923 0.14964871
0.99121787 0.13223896
0.99394760 0.10985518
0.99662075 0.08214060
0.99881369 0.04869511
0.99995856 0.00910402
0.99931473 -0.03701440
0.99594753 -0.08993621
0.98872694 -0.14972988
0.97670312 -0.21459500
0.95875592 -0.28423068
0.93263168 -0.36082982
0.89472497 -0.44661755
0.83947999 -0.54339061
0.75883027 -0.65128843
0.64254449 -0.76624838
0.48158520 -0.87639928
0.29503701 -0.95548583
0.12318489 -0.99238374
-0.01672736 -0.99986009
-0.12175332 -0.99256039
-0.19634400 -0.98053507
-0.24656253 -0.96912688
-0.27764640 -0.96068334
-0.29348281 -0.95596435
-0.30170804 -0.95340037
-0.30824686 -0.95130640
-0.31339565 -0.94962264
-0.31736893 -0.94830215
-0.32032237 -0.94730860
-0.32236787 -0.94661447
-0.32358354 -0.94619960
-0.32402016 -0.94605018
-0.32370531 -0.94615795
-0.31850094 -0.94792254
-0.30405470 -0.95265458
-0.27969185 -0.96008982
-0.24424044 -0.96971471
-0.19603232 -0.98059743
-0.13297740 -0.99111907
-0.05282941 -0.99860355
0.04616474 -0.99893384
0.14722660 -0.98910279
0.23092622 -0.97297126
0.29572039 -0.95527454
0.34156801 -0.93985706
0.36892244 -0.92946019
0.37794885 -0.92582648
0.36800434 -0.92982407
0.33733237 -0.94138561
0.29590099 -0.95521862
0.25614544 -0.96663825
0.21907785 -0.97570738
0.18561805 -0.98262197
0.15653717 -0.98767207
0.13242345 -0.99119324
0.11367056 -0.99351850
0.10048404 -0.99493867
0.09041584 -0.99590410
0.08094602 -0.99671849
0.07204305 -0.99740152
0.06367787 -0.99797051
0.05582365 -0.99844064
0.04845574 -0.99882533
0.04155148 -0.99913636
0.03509015 -0.99938415
0.02905279 -0.99957788
0.02342214 -0.99972566
0.01818253 -0.99983468
0.01331979 -0.99991129
0.00882118 -0.99996109
0.00467532 -0.99998907
0.00087213 -0.99999962
-0.00259725 -0.99999663
-0.00573897 -0.99998353
-0.00855508 -0.99996340
-0.01104729 -0.99993898
-0.01321716 -0.99991265
-0.01506611 -0.99988650
-0.01659538 -0.99986229
-0.01780606 -0.99984146
-0.01869906 -0.99982516
-0.01927514 -0.99981422
-0.01953484 -0.99980918
-0.01947855 -0.99981027
-0.01910648 -0.99981745
-0.01841865 -0.99983036
-0.01741489 -0.99984835
-0.01609489 -0.99987047
-0.01445813 -0.99989548
-0.01270180 -0.99991933
-0.01102358 -0.99993924
-0.00942356 -0.99995560
-0.00790185 -0.99996878
-0.00645854 -0.99997914
-0.00509370 -0.99998703
-0.00380744 -0.99999275
-0.00259981 -0.99999662
-0.00147090 -0.99999892
-0.00042077 -0.99999991
0.00055051 -0.99999985
0.00144288 -0.99999896
0.00225629 -0.99999745
0.00299067 -0.99999553
0.00364598 -0.99999335
0.00422216 -0.99999109
0.00471916 -0.99998886
0.00513695 -0.99998681
0.00547547 -0.99998501
0.00573468 -0.99998356
0.00591455 -0.99998251
0.00601503 -0.99998191
0.00603609 -0.99998178
0.00597769 -0.99998213
0.00583979 -0.99998295
0.00562238 -0.99998419
0.00532540 -0.99998582
0.00494885 -0.99998775
0.00449268 -0.99998991
0.00395688 -0.99999217
0.00334142 -0.99999442
0.00264628 -0.99999650
0.00192513 -0.99999815
0.00123165 -0.99999924
0.00056588 -0.99999984
-0.00007219 -1.00000000
-0.00068252 -0.99999977
-0.00126510 -0.99999920
-0.00181992 -0.99999834
-0.00234697 -0.99999725
-0.00284623 -0.99999595
-0.00331768 -0.99999450
-0.00376132 -0.99999293
-0.00417714 -0.99999128
-0.00456513 -0.99998958
-0.00492527 -0.99998787
-0.00525756 -0.99998618
-0.00556198 -0.99998453
-0.00583855 -0.99998296
-0.00608723 -0.99998147
-0.00630804 -0.99998010
-0.00650097 -0.99997887
-0.00666600 -0.99997778
-0.00680315 -0.99997686
-0.00691239 -0.99997611
-0.00699374 -0.99997554
-0.00704719 -0.99997517
-0.00707274 -0.99997499
-0.00707038 -0.99997500
-0.00704013 -0.99997522
-0.00698197 -0.99997563
-0.00689591 -0.99997622
-0.00678196 -0.99997700
-0.00664011 -0.99997795
-0.00648428 -0.99997898
-0.00632836 -0.99997998
-0.00617236 -0.99998095
-0.00601627 -0.99998190
-0.00586010 -0.99998283
-0.00570385 -0.99998373
-0.00554752 -0.99998461
-0.00539110 -0.99998547
-0.00523460 -0.99998630
-0.00507802 -0.99998711
-0.00492135 -0.99998789
-0.00476460 -0.99998865
-0.00460776 -0.99998938
-0.00445084 -0.99999009
-0.00429384 -0.99999078
-0.00413675 -0.99999144
-0.00397958 -0.99999208
-0.00382233 -0.99999269
-0.00366499 -0.99999328
-0.00350756 -0.99999385
-0.00335005 -0.99999439
-0.00319246 -0.99999490
-0.00303478 -0.99999540
-0.00287702 -0.99999586
-0.00271917 -0.99999630
-0.00256124 -0.99999672
-0.00240322 -0.99999711
-0.00224511 -0.99999748
-0.00208692 -0.99999782
-0.00192865 -0.99999814
-0.00177029 -0.99999843
-0.00161184 -0.99999870
-0.00145331 -0.99999894
-0.00129470 -0.99999916
-0.00113599 -0.99999935
-0.00097720 -0.99999952
-0.00081833 -0.99999967
-0.00065936 -0.99999978
-0.00050032 -0.99999987
-0.00034118 -0.99999994
-0.00018196 -0.99999998
-0.00002265 -1.00000000
0.00013674 -0.99999999
0.00029622 -0.99999996
0.00045579 -0.99999990
0.00061545 -0.99999981
0.00077519 -0.99999970
0.00093502 -0.99999956
0.00109493 -0.99999940
0.00125494 -0.99999921
0.00141503 -0.99999900
0.00157521 -0.99999876
0.00173548 -0.99999849
0.00189583 -0.99999820
0.00205628 -0.99999789
0.00221681 -0.99999754
0.00237743 -0.99999717
0.00253813 -0.99999678
0.00269893 -0.99999636
0.00285981 -0.99999591
0.00302078 -0.99999544
0.00318185 -0.99999494
0.00334300 -0.99999441
0.00350423 -0.99999386
0.00366556 -0.99999328
0.00382698 -0.99999268
0.00398848 -0.99999205
0.00415008 -0.99999139
0.00431176 -0.99999070
0.00447354 -0.99998999
0.00463540 -0.99998926
0.00479735 -0.99998849
0.00495940 -0.99998770
0.00512153 -0.99998688
0.00528375 -0.99998604
0.00544606 -0.99998517
0.00560847 -0.99998427
0.00577096 -0.99998335
0.00593354 -0.99998240
0.00609621 -0.99998142
0.00625898 -0.99998041
0.00642183 -0.99997938
0.00658478 -0.99997832
0.00674781 -0.99997723
0.00691094 -0.99997612
0.00707416 -0.99997498
0.00723747 -0.99997381
0.00740087 -0.99997261
0.00756436 -0.99997139
0.00772795 -0.99997014
0.00789162 -0.99996886
0.00805539 -0.99996755
0.00821925 -0.99996622
0.00838320 -0.99996486
0.00854724 -0.99996347
0.00871137 -0.99996206
0.00887560 -0.99996061
0.00903992 -0.99995914
0.00920433 -0.99995764
0.00936883 -0.99995611
0.00953343 -0.99995456
0.00969812 -0.99995297
0.00986290 -0.99995136
0.01002777 -0.99994972
0.01019274 -0.99994805
0.01035780 -0.99994636
0.01052296 -0.99994463
0.01068820 -0.99994288
0.01085354 -0.99994110
0.01101898 -0.99993929
0.01118450 -0.99993745
0.01135013 -0.99993559
0.01151584 -0.99993369
0.01168165 -0.99993177
0.01184755 -0.99992982
0.01201355 -0.99992783
0.01217964 -0.99992583
0.01234583 -0.99992379
0.01251211 -0.99992172
0.01267848 -0.99991962
0.01284495 -0.99991750
0.01301152 -0.99991535
0.01317818 -0.99991316
0.01334493 -0.99991095
0.01351178 -0.99990871
0.01367873 -0.99990644
0.01384577 -0.99990414
0.01401290 -0.99990181
0.01418013 -0.99989946
0.01434461 -0.99989711
0.01450348 -0.99989482
0.01465674 -0.99989258
0.01480440 -0.99989041
0.01494645 -0.99988830
0.01508290 -0.99988625
0.01521374 -0.99988426
0.01533898 -0.99988235
0.01545861 -0.99988051
0.01557263 -0.99987874
0.01568105 -0.99987704
0.01578386 -0.99987543
0.01588106 -0.99987389
0.01597266 -0.99987243
0.01605865 -0.99987105
0.01613904 -0.99986976
0.01621382 -0.99986855
0.01628299 -0.99986742
0.01634656 -0.99986639
0.01640452 -0.99986544
0.01645688 -0.99986458
0.01650362 -0.99986381
0.01654477 -0.99986313
0.01658030 -0.99986254
0.01661023 -0.99986204
0.01663455 -0.99986164
0.01665326 -0.99986132
0.01666637 -0.99986111
0.01667387 -0.99986098
0.01667576 -0.99986095
0.01667205 -0.99986101
0.01666273 -0.99986117
0.01664780 -0.99986142
0.01662726 -0.99986176
0.01660112 -0.99986219
0.01656937 -0.99986272
0.01653201 -0.99986334
0.01648904 -0.99986405
0.01644047 -0.99986485
0.01638628 -0.99986574
0.01632649 -0.99986671
0.01626109 -0.99986778
0.01619008 -0.99986893
0.01611347 -0.99987017
0.01603124 -0.99987149
0.01594341 -0.99987290
0.01584997 -0.99987438
0.01575092 -0.99987595
0.01564626 -0.99987759
0.01553599 -0.99987931
0.01542011 -0.99988110
0.01529862 -0.99988297
0.01517153 -0.99988491
0.01503882 -0.99988691
0.01490050 -0.99988898
0.01475658 -0.99989112
0.01460704 -0.99989331
0.01445189 -0.99989557
0.01429114 -0.99989788
0.01412477 -0.99990024
0.01395279 -0.99990266
0.01377520 -0.99990512
0.01359200 -0.99990762
0.01340319 -0.99991017
0.01320877 -0.99991276
0.01300874 -0.99991538
0.01280310 -0.99991804
0.01259184 -0.99992072
0.01237498 -0.99992343
0.01215250 -0.99992616
0.01192441 -0.99992890
0.01169071 -0.99993166
0.01145140 -0.99993443
0.01120647 -0.99993721
0.01095594 -0.99993998
0.01069979 -0.99994276
0.01043803 -0.99994552
0.01017065 -0.99994828
0.00989767 -0.99995102
0.00961907 -0.99995374
0.00933486 -0.99995643
0.00904504 -0.99995909
0.00874961 -0.99996172
0.00844856 -0.99996431
0.00814190 -0.99996685
0.00782963 -0.99996935
0.00751174 -0.99997179
0.00718825 -0.99997416
0.00685914 -0.99997648
0.00652442 -0.99997872
0.00618408 -0.99998088
0.00583813 -0.99998296
0.00548658 -0.99998495
0.00512941 -0.99998684
0.00476662 -0.99998864
0.00439823 -0.99999033
0.00402422 -0.99999190
0.00364460 -0.99999336
0.00325937 -0.99999469
0.00286853 -0.99999589
0.00247208 -0.99999694
0.00207002 -0.99999786
0.00166235 -0.99999862
0.00124906 -0.99999922
0.00083017 -0.99999966
0.00040566 -0.99999992
-0.00002445 -1.00000000
-0.00046018 -0.99999989
-0.00090151 -0.99999959
-0.00134845 -0.99999909
-0.00180100 -0.99999838
-0.00225915 -0.99999745
-0.00272292 -0.99999629
-0.00319229 -0.99999490
-0.00366727 -0.99999328
-0.00414785 -0.99999140
-0.00463404 -0.99998926
-0.00512584 -0.99998686
-0.00562323 -0.99998419
-0.00612624 -0.99998123
-0.00663484 -0.99997799
-0.00714905 -0.99997445
-0.00766886 -0.99997059
-0.00819427 -0.99996643
-0.00872528 -0.99996193
-0.00926189 -0.99995711
-0.00980410 -0.99995194
-0.01035190 -0.99994642
-0.01090530 -0.99994054
-0.01146430 -0.99993428
-0.01201818 -0.99992778
-0.01255623 -0.99992117
-0.01307845 -0.99991447
-0.01358485 -0.99990772
-0.01407543 -0.99990094
-0.01455019 -0.99989414
-0.01500914 -0.99988736
-0.01545227 -0.99988061
-0.01587960 -0.99987391
-0.01629112 -0.99986729
-0.01668684 -0.99986076
-0.01706676 -0.99985435
-0.01743088 -0.99984807
-0.01777920 -0.99984194
-0.01811172 -0.99983597
-0.01842845 -0.99983018
-0.01872939 -0.99982459
-0.01901454 -0.99981921
-0.01928389 -0.99981405
-0.01953745 -0.99980913
-0.01977523 -0.99980445
-0.01999721 -0.99980004
-0.02020340 -0.99979589
-0.02039381 -0.99979202
-0.02056842 -0.99978845
-0.02072724 -0.99978517
-0.02087027 -0.99978219
-0.02099750 -0.99977953
-0.02110894 -0.99977718
-0.02120458 -0.99977516
-0.02128443 -0.99977346
-0.02134847 -0.99977210
-0.02139671 -0.99977106
-0.02145753 -0.99976976
-0.02155932 -0.99976757
-0.02170208 -0.99976448
-0.02188583 -0.99976048
-0.02211057 -0.99975553
-0.02237631 -0.99974962
-0.02268306 -0.99974271
-0.02303082 -0.99973476
-0.02341962 -0.99972572
-0.02384945 -0.99971556
-0.02432033 -0.99970422
-0.02483225 -0.99969163
-0.02538525 -0.99967774
-0.02597931 -0.99966248
-0.02661445 -0.99964577
-0.02729069 -0.99962754
-0.02800801 -0.99960770
-0.02876645 -0.99958616
-0.02956599 -0.99956283
-0.03040666 -0.99953761
-0.03128845 -0.99951040
-0.03221137 -0.99948108
-0.03317543 -0.99944954
-0.03418063 -0.99941567
-0.03522698 -0.99937934
-0.03631448 -0.99934041
-0.03744314 -0.99929876
-0.03861295 -0.99925424
-0.03982391 -0.99920671
-0.04107603 -0.99915602
-0.04236931 -0.99910202
-0.04370373 -0.99904454
-0.04440526 -0.99901360
-0.04380009 -0.99904032
-0.04189014 -0.99912222
-0.03867950 -0.99925167
-0.03417454 -0.99941588
-0.02838416 -0.99959709
-0.02132003 -0.99977270
-0.01299699 -0.99991554
-0.00343347 -0.99999411
0.00734807 -0.99997300
0.01932061 -0.99981334
0.03245212 -0.99947329
0.04670504 -0.99890872
0.06203589 -0.99807392
0.07839492 -0.99692238
0.09572587 -0.99540773
0.11080488 -0.99384218
0.12058477 -0.99270303
0.12520980 -0.99213029
0.12474011 -0.99218945
0.11914827 -0.99287647
0.10831837 -0.99411626
0.09204795 -0.99575458
0.07005388 -0.99754321
0.04198515 -0.99911823
0.00744689 -0.99997227
-0.03395826 -0.99942325
-0.08256403 -0.99658576
-0.13854272 -0.99035646
-0.20177380 -0.97943215
-0.27168931 -0.96238502
-0.34712748 -0.93781795
-0.42180872 -0.90668484
-0.49025133 -0.87158111
-0.55226284 -0.83367005
-0.60795443 -0.79397192
-0.65765106 -0.75332269
-0.70180852 -0.71236563
-0.74094624 -0.67156434
-0.77559819 -0.63122694
-0.80628025 -0.59153373
-0.83347058 -0.55256383
-0.85759947 -0.51431814
-0.87904540 -0.47673806
-0.89813500 -0.43971981
-0.91514496 -0.40312491
-0.93030481 -0.36678736
-0.94379961 -0.33051822
-0.95546542 -0.29510307
-0.96517405 -0.26160857
-0.97314039 -0.23021246
-0.97958217 -0.20104421
-0.98471180 -0.17419146
-0.98873037 -0.14970726
-0.99182347 -0.12761739
-0.99415880 -0.10792724
-0.99588480 -0.09062814
-0.99713043 -0.07570279
-0.99800531 -0.06312996
-0.99860044 -0.05288826
-0.99898882 -0.04495926
-0.99922628 -0.03932994
-0.99935199 -0.03599452
-0.99938886 -0.03495583
-0.99938580 -0.03504303
-0.99938456 -0.03507846
-0.99938515 -0.03506175
-0.99938757 -0.03499253
-0.99939184 -0.03487045
-0.99939794 -0.03469515
-0.99940586 -0.03446629
-0.99941557 -0.03418355
-0.99942704 -0.03384660
-0.99944022 -0.03345515
-0.99945506 -0.03300890
-0.99947149 -0.03250756
-0.99948944 -0.03195087
-0.99950883 -0.03133856
-0.99952955 -0.03067038
-0.99955151 -0.02994611
-0.99957460 -0.02916552
-0.99959867 -0.02832841
-0.99962360 -0.02743459
-0.99964924 -0.02648386
-0.99967543 -0.02547608
-0.99970200 -0.02441109
-0.99972878 -0.02328876
-0.99975557 -0.02210896
-0.99978216 -0.02087160
-0.99980836 -0.01957658
-0.99983393 -0.01822384
-0.99985865 -0.01681333
-0.99988226 -0.01534501
-0.99990452 -0.01381885
-0.99992515 -0.01223487
-0.99994389 -0.01059307
-0.99996045 -0.00889350
-0.99997454 -0.00713620
-0.99998584 -0.00532125
-0.99999405 -0.00344876
-0.99999885 -0.00151881
-0.99999989 0.00046843
-0.99999684 0.00251283
-0.99998935 0.00461421
-0.99997707 0.00677237
-0.99995962 0.00898710
-0.99993662 0.01125816
-0.99990772 0.01358528
-0.99987250 0.01596818
-0.99983058 0.01840657
-0.99978157 0.02090011
-0.99972505 0.02344845
-0.99966061 0.02605123
-0.99958784 0.02870804
-0.99950632 0.03141847
-0.99941562 0.03418208
-0.99931532 0.03699841
-0.99920500 0.03986696
-0.99908421 0.04278722
-0.99895252 0.04575867
-0.99880951 0.04878074
-0.99865474 0.05185286
-0.99848776 0.05497441
-0.99830816 0.05814478
-0.99811550 0.06136331
-0.99790934 0.06462933
-0.99768926 0.06794215
-0.99745484 0.07130105
-0.99720566 0.07470529
-0.99695139 0.07802516
-0.99670337 0.08113194
-0.99646354 0.08402631
-0.99623368 0.08670898
-0.99601547 0.08918062
-0.99581041 0.09144189
-0.99561990 0.09349342
-0.99544517 0.09533582
-0.99528734 0.09696969
-0.99514738 0.09839555
-0.99502616 0.09961392
-0.99492440 0.10062528
-0.99484267 0.10143005
-0.99478146 0.10202861
-0.99474111 0.10242132
-0.99472182 0.10260846
-0.99472370 0.10259029
-0.99474670 0.10236700
-0.99479067 0.10193877
-0.99485534 0.10130570
-0.99494030 0.10046787
-0.99504503 0.09942529
-0.99516887 0.09817795
-0.99531107 0.09672580
-0.99547071 0.09506875
-0.99564678 0.09320667
-0.99583814 0.09113941
-0.99604352 0.08886677
-0.99626152 0.08638855
-0.99649062 0.08370453
-0.99672916 0.08081445
-0.99697538 0.07771808
-0.99722735 0.07441514
-0.99748304 0.07090540
-0.99774029 0.06718859
-0.99799680 0.06326450
-0.99825012 0.05913291
-0.99849770 0.05479364
-0.99873684 0.05024656
-0.99896472 0.04549156
-0.99917838 0.04052860
-0.99937472 0.03535772
-0.99955053 0.02997900
-0.99970246 0.02439263
-0.99982703 0.01859888
-0.99992064 0.01259813
-0.99997958 0.00639088
-1.00000000 -0.00002224
-0.99997795 -0.00664048
-0.99990937 -0.01346293
-0.99979009 -0.02048850
-0.99961584 -0.02771596
-0.99938226 -0.03514386
-0.99908492 -0.04277057
-0.99871929 -0.05059425
-0.99828079 -0.05861284
-0.99776478 -0.06682403
-0.99716656 -0.07522529
-0.99648143 -0.08381381
-0.99570464 -0.09258655
-0.99483144 -0.10154015
-0.99385710 -0.11067101
-0.99277689 -0.11997522
-0.99158614 -0.12944857
-0.99037713 -0.13839487
-0.98926560 -0.14612865
-0.98827860 -0.15266112
-0.98743870 -0.15800255
-0.98676418 -0.16216184
-0.98626910 -0.16514620
-0.98596351 -0.16696094
-0.98585350 -0.16760929
-0.98594126 -0.16709228
-0.98622510 -0.16540872
-0.98669944 -0.16255524
-0.98735475 -0.15852635
-0.98817743 -0.15331461
-0.98914973 -0.14691090
-0.99024957 -0.13930465
-0.99145038 -0.13048429
-0.99272089 -0.12043770
-0.99394616 -0.10986827
-0.99503845 -0.09949115
-0.99600375 -0.08931143
-0.99684810 -0.07933383
-0.99757758 -0.06956267
-0.99819826 -0.06000190
-0.99871621 -0.05065510
-0.99913745 -0.04152548
-0.99946796 -0.03261596
-0.99971366 -0.02392909
-0.99988038 -0.01546716
-0.99997385 -0.00723214
-0.99999970 0.00077424
-0.99996344 0.00855051
-0.99987046 0.01609545
-0.99972599 0.02340804
-0.99955283 0.02990203
-0.99938761 0.03499151
-0.99925180 0.03867614
-0.99916098 0.04095532
-0.99912483 0.04182783
-0.99914714 0.04129167
-0.99922573 0.03934395
-0.99935248 0.03598091
-0.99951322 0.03119815
-0.99968768 0.02499088
-0.99984940 0.01735435
-0.99996568 0.00828446
-0.99999753 -0.00222158
-0.99989968 -0.01416438
-0.99962066 -0.02754141
-0.99910301 -0.04234584
-0.99834249 -0.05755234
-0.99739463 -0.07213836
-0.99628659 -0.08609898
-0.99504443 -0.09943128
-0.99369309 -0.11213402
-0.99225627 -0.12420746
-0.99075639 -0.13565311
-0.98921459 -0.14647356
-0.98765066 -0.15667220
-0.98608311 -0.16625311
-0.98452916 -0.17522082
-0.98300473 -0.18358022
-0.98152453 -0.19133633
-0.98010206 -0.19849423
-0.97874964 -0.20505888
-0.97747849 -0.21103509
-0.97621676 -0.21679676
-0.97488367 -0.22271470
-0.97347610 -0.22878875
-0.97199085 -0.23501870
-0.97042464 -0.24140427
-0.96877410 -0.24794506
-0.96703576 -0.25464060
-0.96520609 -0.26149034
-0.96328148 -0.26849357
-0.96125821 -0.27564950
-0.95913254 -0.28295720
-0.95690062 -0.29041558
-0.95455856 -0.29802343
-0.95210240 -0.30577936
-0.94952816 -0.31368182
-0.94683177 -0.32172908
-0.94400917 -0.32991922
-0.94105624 -0.33825013
-0.93796887 -0.34671947
-0.93474293 -0.35532471
-0.93137430 -0.36406307
-0.92785886 -0.37293155
-0.92419253 -0.38192691
-0.92037129 -0.39104563
-0.91639115 -0.40028397
-0.91224821 -0.40963790
-0.90793864 -0.41910313
-0.90345872 -0.42867510
-0.89880486 -0.43834897
-0.89397361 -0.44811960
-0.88896167 -0.45798161
-0.88376590 -0.46792931
-0.87844494 -0.47784359
-0.87306091 -0.48761116
-0.86761596 -0.49723490
-0.86211206 -0.50671767
-0.85655100 -0.51606238
-0.85093444 -0.52527192
-0.84526384 -0.53434918
-0.83954053 -0.54329706
-0.83376569 -0.55211844
-0.82794034 -0.56081618
-0.82206537 -0.56939313
-0.81614151 -0.57785209
-0.81016937 -0.58619586
-0.80414943 -0.59442720
-0.79808202 -0.60254883
-0.79196736 -0.61056343
-0.78580554 -0.61847365
-0.77959653 -0.62628209
-0.77334017 -0.63399131
-0.76703621 -0.64160381
-0.76068426 -0.64912206
-0.75428384 -0.65654847
-0.74783434 -0.66388539
-0.74133505 -0.67113512
-0.73478516 -0.67829991
-0.72818375 -0.68538196
-0.72152980 -0.69238338
-0.71482219 -0.69930625
-0.70805969 -0.70615259
-0.70124097 -0.71292433
-0.69436462 -0.71962336
-0.68742911 -0.72625149
-0.68045049 -0.73279405
-0.67344765 -0.73923492
-0.66642317 -0.74557371
-0.65937964 -0.75181014
-0.65231961 -0.75794401
-0.64524559 -0.76397521
-0.63816007 -0.76990371
-0.63106548 -0.77572957
-0.62396422 -0.78145291
-0.61685865 -0.78707395
-0.60975108 -0.79259297
-0.60264377 -0.79801033
-0.59553892 -0.80332645
-0.58843871 -0.80854182
-0.58134524 -0.81365700
-0.57426056 -0.81867259
-0.56718667 -0.82358927
-0.56012551 -0.82840776
-0.55307897 -0.83312883
-0.54604888 -0.83775332
-0.53903699 -0.84228209
-0.53204503 -0.84671606
-0.52507465 -0.85105618
-0.51812743 -0.85530343
-0.51120492 -0.85945886
-0.50430858 -0.86352351
-0.49743983 -0.86749848
-0.49060004 -0.87138487
-0.48379050 -0.87518384
-0.47701246 -0.87889653
-0.47026710 -0.88252414
-0.46355556 -0.88606785
-0.45687892 -0.88952889
-0.45015305 -0.89295142
-0.44329135 -0.89637759
-0.43629110 -0.89980558
-0.42914958 -0.90323344
-0.42186403 -0.90665911
-0.41443173 -0.91008040
-0.40684992 -0.91349502
-0.39911587 -0.91690050
-0.39122685 -0.92029427
-0.38318016 -0.92367362
-0.37497312 -0.92703568
-0.36660308 -0.93037744
-0.35806745 -0.93369572
-0.34936366 -0.93698721
-0.34048922 -0.94024842
-0.33144172 -0.94347569
-0.32221882 -0.94666522
-0.31281826 -0.94981300
-0.30323792 -0.95291488
-0.29347577 -0.95596651
-0.28352993 -0.95896339
-0.27339864 -0.96190082
-0.26308032 -0.96477393
-0.25257357 -0.96757769
-0.24187718 -0.97030687
-0.23099014 -0.97295609
-0.21991167 -0.97551979
-0.20864123 -0.97799225
-0.19717855 -0.98036759
-0.18552364 -0.98263980
-0.17367678 -0.98480271
-0.16163860 -0.98685002
-0.14959622 -0.98874717
-0.13773978 -0.99046845
-0.12607432 -0.99202080
-0.11460438 -0.99341121
-0.10333401 -0.99464671
-0.09226682 -0.99573432
-0.08140596 -0.99668103
-0.07075417 -0.99749378
-0.06031378 -0.99817947
-0.05008674 -0.99874487
-0.04007465 -0.99919669
-0.03027876 -0.99954149
-0.02069999 -0.99978573
-0.01133899 -0.99993571
-0.00219613 -0.99999759
0.00672849 -0.99997736
0.01543499 -0.99988087
0.02392370 -0.99971379
0.03219514 -0.99948160
0.04025002 -0.99918964
0.04808919 -0.99884305
0.05571365 -0.99844679
0.06312452 -0.99800566
0.07032301 -0.99752427
0.07731044 -0.99700707
0.08408819 -0.99645832
0.09065773 -0.99588211
0.09702054 -0.99528238
0.10317816 -0.99466289
0.10913216 -0.99402725
0.11488411 -0.99337890
0.12043559 -0.99272114
0.12578818 -0.99205712
0.13094343 -0.99138984
0.13590289 -0.99072216
0.14066806 -0.99005681
0.14524042 -0.98939639
0.14962138 -0.98874337
0.15381231 -0.98810008
0.15781454 -0.98746877
0.16162930 -0.98685154
0.16525779 -0.98625041
0.16870112 -0.98566725
0.17196030 -0.98510388
0.17503629 -0.98456198
0.17792995 -0.98404316
0.18064205 -0.98354891
0.18317325 -0.98308065
0.18552413 -0.98263971
0.18769515 -0.98222733
0.18968669 -0.98184467
0.19149900 -0.98149281
0.19313223 -0.98117274
0.19458639 -0.98088538
0.19586139 -0.98063159
0.19695703 -0.98041212
0.19787297 -0.98022767
0.19860873 -0.98007886
0.19916372 -0.97996623
0.19953722 -0.97989025
0.19972836 -0.97985131
0.19973612 -0.97984972
0.19955937 -0.97988574
0.19919681 -0.97995950
0.19864700 -0.98007110
0.19747808 -0.98030730
0.19525391 -0.98075273
0.19196656 -0.98140147
0.18760820 -0.98224394
0.18217133 -0.98326680
0.17564900 -0.98445286
0.16803514 -0.98578101
0.15932491 -0.98722620
0.14951514 -0.98875944
0.13860484 -0.99034777
0.12659574 -0.99195439
0.11349290 -0.99353881
0.09930534 -0.99505701
0.08404670 -0.99646182
0.06773590 -0.99770329
0.05039776 -0.99872923
0.03206364 -0.99948583
0.01449851 -0.99989489
-0.00054872 -0.99999985
-0.01307811 -0.99991448
-0.02310307 -0.99973309
-0.03064656 -0.99953028
-0.03573807 -0.99936119
-0.03841136 -0.99926201
-0.03870293 -0.99925076
-0.03665124 -0.99932812
-0.03229645 -0.99947833
-0.02568081 -0.99967019
-0.01684953 -0.99985804
-0.00585205 -0.99998288
0.00725638 -0.99997367
0.02241283 -0.99974880
0.03954468 -0.99921780
0.05637368 -0.99840974
0.07073221 -0.99749534
0.08270247 -0.99657428
0.09236055 -0.99572563
0.09977426 -0.99501010
0.10500169 -0.99447204
0.10809025 -0.99414109
0.10907629 -0.99403338
0.10798500 -0.99415252
0.10483060 -0.99449009
0.09961688 -0.99502587
0.09233788 -0.99572773
0.08297893 -0.99655130
0.07151803 -0.99743931
0.05792751 -0.99832079
0.04217618 -0.99911019
0.02675221 -0.99964210
0.01417212 -0.99989957
0.00444436 -0.99999012
-0.00242135 -0.99999707
-0.00641037 -0.99997945
-0.00750043 -0.99997187
-0.00565983 -0.99998398
-0.00084672 -0.99999964
0.00699065 -0.99997557
0.01791242 -0.99983956
0.03198435 -0.99948837
0.04927332 -0.99878533
0.06984104 -0.99755813
0.09373566 -0.99559712
0.12098105 -0.99265482
0.15156379 -0.98844748
0.18377500 -0.98296834
0.21599333 -0.97639484
0.24829985 -0.96868322
0.28077481 -0.95977367
0.31349652 -0.94958935
0.34654001 -0.93803519
0.37997528 -0.92499664
0.41386502 -0.91033826
0.44826164 -0.89390240
0.48320354 -0.87550805
0.51871036 -0.85495004
0.55477706 -0.83199904
0.59136679 -0.80640270
0.62840234 -0.77788849
0.66575652 -0.74616906
0.70324165 -0.71095090
0.73979084 -0.67283691
0.77427440 -0.63285002
0.80640287 -0.59136656
0.83595479 -0.54879832
0.86278363 -0.50557334
0.88681919 -0.46211658
0.90806357 -0.41883236
0.92658311 -0.37609006
0.94249728 -0.33421381
0.95596628 -0.29347652
0.96717853 -0.25409779
0.97633909 -0.21624520
0.98365966 -0.18003796
0.98935058 -0.14555218
0.99361465 -0.11282696
0.99664296 -0.08187071
0.99857539 -0.05335913
0.99961048 -0.02790848
0.99998540 -0.00540377
0.99989802 0.01428129
0.99951079 0.03127591
0.99895492 0.04570623
0.99833448 0.05769109
0.99773013 0.06733935
0.99720244 0.07474821
0.99679467 0.08000239
0.99653506 0.08317380
0.99643858 0.08432173
0.99650835 0.08349321
0.99673652 0.08072372
0.99710493 0.07603792
0.99758539 0.06945067
0.99806475 0.06218319
0.99846199 0.05544064
0.99878854 0.04920817
0.99905462 0.04347248
0.99926928 0.03822176
0.99944054 0.03344570
0.99957547 0.02913545
0.99968032 0.02528368
0.99976051 0.02188451
0.99982074 0.01893356
0.99986505 0.01642795
0.99989680 0.01436632
0.99991873 0.01274890
0.99993298 0.01157750
0.99994108 0.01085559
0.99994394 0.01058836
0.99994441 0.01054394
0.99994502 0.01048592
0.99994577 0.01041411
0.99994666 0.01032831
0.99994769 0.01022833
0.99994885 0.01011399
0.99995015 0.00998511
0.99995157 0.00984155
0.99995312 0.00968314
0.99995478 0.00950975
0.99995656 0.00932124
0.99995843 0.00911751
0.99996041 0.00889845
0.99996247 0.00866396
0.99996460 0.00841396
0.99996680 0.00814839
0.99996905 0.00786720
0.99997134 0.00757035
0.99997366 0.00725782
0.99997599 0.00692959
0.99997831 0.00658567
0.99998062 0.00622609
0.99998288 0.00585088
0.99998509 0.00546009
0.99998723 0.00505379
0.99998927 0.00463206
0.99999120 0.00419501
0.99999300 0.00374275
0.99999464 0.00327542
0.99999610 0.00279315
0.99999736 0.00229612
0.99999841 0.00178449
0.99999921 0.00125848
0.99999974 0.00071821
0.99999999 0.00016405
0.99999992 -0.00040344
0.99999952 -0.00098370
0.99999876 -0.00157611
0.99999762 -0.00218004
0.99999609 -0.00279485
0.99999415 -0.00341985
0.99999178 -0.00405437
0.99998897 -0.00469769
0.99998569 -0.00534909
0.99998195 -0.00600786
0.99997773 -0.00667326
0.99997303 -0.00734454
0.99996783 -0.00802096
0.99996214 -0.00870180
0.99995595 -0.00938629
0.99994926 -0.01007373
0.99994207 -0.01076337
0.99993440 -0.01145450
0.99992623 -0.01214643
0.99991758 -0.01283846
0.99990847 -0.01352991
0.99989889 -0.01422013
0.99988886 -0.01490849
0.99987840 -0.01559437
0.99986752 -0.01627716
0.99985623 -0.01695631
0.99984456 -0.01763125
0.99983251 -0.01830148
0.99982012 -0.01896647
0.99980740 -0.01962577
0.99979890 -0.02005377
0.99979932 -0.02003297
0.99980842 -0.01957335
0.99982546 -0.01868279
0.99984918 -0.01736711
0.99987784 -0.01563024
0.99990922 -0.01347429
0.99994060 -0.01089959
0.99996876 -0.00790482
0.99998993 -0.00448695
0.99999979 -0.00064134
0.99999338 0.00363827
0.99996506 0.00835977
0.99990843 0.01353270
0.99981627 0.01916822
0.99968043 0.02527918
0.99949170 0.03188017
0.99923970 0.03898751
0.99891273 0.04661933
0.99849759 0.05479563
0.99797940 0.06353828
0.99734136 0.07287116
0.99656451 0.08282012
0.99562744 0.09341306
0.99450596 0.10467996
0.99317275 0.11665286
0.99159693 0.12936586
0.98974362 0.14285504
0.98757342 0.15715835
0.98504182 0.17231545
0.98209863 0.18836740
0.97868727 0.20535633
0.97474407 0.22332487
0.97019750 0.24231551
0.96496744 0.26236966
0.95896439 0.28352654
0.95208880 0.30582169
0.94423051 0.32928521
0.93526831 0.35393952
0.92506994 0.37979680
0.91349237 0.40685586
0.90038279 0.43509864
0.88558030 0.46448630
0.86891860 0.49495502
0.85022983 0.52641166
0.82934981 0.55872972
0.80612461 0.59174582
0.78041868 0.62525729
0.75212410 0.65902150
0.72117066 0.69275745
0.68753610 0.72615020
0.65125548 0.75885855
0.61242861 0.79052590
0.57122435 0.82079397
0.52788080 0.84931847
0.48270064 0.87578541
0.43604163 0.89992650
0.38830275 0.92153186
0.33990732 0.94045894
0.29128459 0.95663645
0.24285168 0.97006343
0.19499764 0.98080371
0.14807066 0.98897678
0.10236935 0.99474646
0.06026624 0.99818234
0.02363281 0.99972071
-0.00802759 0.99996778
-0.03518812 0.99938071
-0.05827798 0.99830039
-0.07767335 0.99697886
-0.09369499 0.99560095
-0.10660941 0.99430098
-0.11663168 0.99317524
-0.12392874 0.99229112
-0.12862244 0.99169364
-0.13079217 0.99140981
-0.13047655 0.99145140
-0.12767447 0.99181613
-0.12234515 0.99248761
-0.11440741 0.99343392
-0.10373813 0.99460465
-0.09169421 0.99578721
-0.07974909 0.99681497
-0.06792183 0.99769065
-0.05623159 0.99841775
-0.04469751 0.99900057
-0.03333868 0.99944411
-0.02217404 0.99975413
-0.01122229 0.99993703
-0.00050184 0.99999987
0.00996923 0.99995031
0.02017331 0.99979650
0.03009323 0.99954710
0.03971236 0.99921115
0.04901462 0.99879806
0.05798454 0.99831748
0.06660728 0.99777927
0.07431324 0.99723495
0.08051358 0.99675351
0.08517121 0.99636633
0.08825715 0.99609772
0.08975035 0.99596429
0.08963765 0.99597444
0.08791382 0.99612808
0.08458163 0.99641655
0.07965206 0.99682273
0.07314455 0.99732135
0.06508736 0.99787957
0.05551792 0.99845769
0.04448312 0.99901014
0.03203964 0.99948660
0.01825412 0.99983338
0.00320307 0.99999487
-0.01157673 0.99993299
-0.02465878 0.99969593
-0.03611860 0.99934751
-0.04602326 0.99894037
-0.05443101 0.99851753
-0.06139110 0.99811379
-0.06694371 0.99775675
-0.07111991 0.99746777
-0.07394166 0.99726257
-0.07542176 0.99715172
-0.07556386 0.99714096
-0.07436230 0.99723129
-0.07180199 0.99741891
-0.06785821 0.99769498
-0.06249634 0.99804519
-0.05567158 0.99844914
-0.04610412 0.99893664
-0.03242157 0.99947428
-0.01438894 0.99989647
0.00828408 0.99996569
0.03593596 0.99935409
0.06893863 0.99762090
0.10767107 0.99418657
0.15247553 0.98830725
0.20359048 0.97905614
0.26105554 0.96532378
0.32458979 0.94585489
0.39345712 0.91934297
0.46635172 0.88459939
0.54135748 0.84079253
0.61604099 0.78771410
0.68770922 0.72598624
0.75043629 0.66094279
0.80110702 0.59852113
0.84151492 0.54023387
0.87349155 0.48683930
0.89869794 0.43856813
0.91854233 0.39532264
0.93417145 0.35682447
0.94649674 0.32271336
0.95623245 0.29260811
0.96393391 0.26614172
0.97003132 0.24297993
0.97485732 0.22282997
0.97866894 0.20544370
0.98166428 0.19061803
0.98399532 0.17819428
0.98577719 0.16805755
0.98726246 0.15910009
0.98864438 0.15027406
0.98992581 0.14158703
0.99110980 0.13304647
0.99219956 0.12465970
0.99319844 0.11643391
0.99410996 0.10837614
0.99493773 0.10049330
0.99568550 0.09279214
0.99635709 0.08527926
0.99695640 0.07796110
0.99748741 0.07084398
0.99795413 0.06393404
0.99836060 0.05723730
0.99871090 0.05075963
0.99900908 0.04450677
0.99925932 0.03848141
0.99946561 0.03268782
0.99963181 0.02713382
0.99976176 0.02182697
0.99985930 0.01677452
0.99992820 0.01198344
0.99997217 0.00746040
0.99999484 0.00321172
0.99999971 -0.00075653
0.99999015 -0.00443866
0.99996935 -0.00782927
0.99994034 -0.01092330
0.99990593 -0.01371600
0.99986872 -0.01620298
0.99983107 -0.01838015
0.99979507 -0.02024377
0.99976046 -0.02188660
0.99972613 -0.02340227
0.99969271 -0.02478881
0.99966079 -0.02604445
0.99963089 -0.02716758
0.99960352 -0.02815686
0.99957909 -0.02901109
0.99955799 -0.02972935
0.99954052 -0.03031089
0.99952695 -0.03075518
0.99951746 -0.03106195
0.99951219 -0.03123109
0.99951120 -0.03126276
0.99951449 -0.03115731
0.99952201 -0.03091531
0.99953362 -0.03053755
0.99954915 -0.03002501
0.99956835 -0.02937889
0.99959092 -0.02860060
0.99961651 -0.02769173
0.99964472 -0.02665406
0.99967509 -0.02548956
0.99970713 -0.02420037
0.99974030 -0.02278879
0.99977404 -0.02125730
0.99980773 -0.01960852
0.99984076 -0.01784521
0.99987247 -0.01597026
0.99990218 -0.01398671
0.99992922 -0.01189767
0.99995289 -0.00970640
0.99997250 -0.00741623
0.99998735 -0.00503058
0.99999674 -0.00255367
1.00000000 0.00001314
0.99999643 0.00267078
0.99998531 0.00542032
0.99996586 0.00826298
0.99993728 0.01120010
0.99989870 0.01423317
0.99984924 0.01736381
0.99978793 0.02059379
0.99971376 0.02392500
0.99962566 0.02735950
0.99952250 0.03089945
0.99940307 0.03454721
0.99926609 0.03830523
0.99911019 0.04217616
0.99893393 0.04616278
0.99873576 0.05026803
0.99851404 0.05449501
0.99826701 0.05884699
0.99799280 0.06332743
0.99768941 0.06793993
0.99735471 0.07268831
0.99698640 0.07757655
0.99658205 0.08260884
0.99613904 0.08778957
0.99565458 0.09312333
0.99512567 0.09861493
0.99454909 0.10426940
0.99392140 0.11009198
0.99323891 0.11608819
0.99249765 0.12226373
0.99169336 0.12862461
0.99077450 0.13552081
0.98967692 0.14331640
0.98837405 0.15204186
0.98683472 0.16173198
0.98502250 0.17242588
0.98289498 0.18416695
0.98040293 0.19700277
0.97748932 0.21098488
0.97408820 0.22616848
0.97012343 0.24261190
0.96550735 0.26037580
0.96013924 0.27952215
0.95390376 0.30011266
0.94666932 0.32220678
0.93828652 0.34585895
0.92858686 0.37111514
0.91738176 0.39800843
0.90446235 0.42655346
0.88960032 0.45673983
0.87255025 0.48852438
0.85305410 0.52182248
0.83084836 0.55649888
0.80567440 0.59235865
0.77729247 0.62913943
0.74549930 0.66650641
0.71014868 0.70405174
0.67117371 0.74130011
0.62860825 0.77772210
0.58260456 0.81275576
0.53344361 0.84583563
0.48153483 0.87642695
0.42740360 0.90406093
0.37166635 0.92836638
0.31698442 0.94843075
0.26585492 0.96401305
0.21853387 0.97582936
0.17510049 0.98455057
0.13550551 0.99077659
0.09961337 0.99502622
0.06723606 0.99773710
0.03815852 0.99927170
0.01215680 0.99992610
-0.01098978 0.99993961
-0.03149079 0.99950404
-0.04954008 0.99877214
-0.06531338 0.99786480
-0.07896732 0.99687721
-0.09063939 0.99588378
-0.10044848 0.99494226
-0.10849560 0.99409693
-0.11486485 0.99338113
-0.11962428 0.99281923
-0.12282674 0.99242813
-0.12451060 0.99221828
-0.12470034 0.99219445
-0.12340697 0.99235615
-0.12062836 0.99269774
-0.11634936 0.99320835
-0.11054185 0.99387147
-0.10316464 0.99466429
-0.09416330 0.99555677
-0.08346992 0.99651030
-0.07100295 0.99747611
-0.05666702 0.99839313
-0.04035305 0.99918548
-0.02338812 0.99972646
-0.00722398 0.99997391
0.00807476 0.99996740
0.02244793 0.99974801
0.03583998 0.99935754
0.04819994 0.99883771
0.05948137 0.99822942
0.06964213 0.99757204
0.07864423 0.99690275
0.08645349 0.99625589
0.09303927 0.99566244
0.09837420 0.99514949
0.10243390 0.99473981
0.10519673 0.99445143
0.10664366 0.99429730
0.10675817 0.99428502
0.10552621 0.99441652
0.10293630 0.99468795
0.09897973 0.99508945
0.09365081 0.99560511
0.08694731 0.99621291
0.07887093 0.99688484
0.06942788 0.99758697
0.05862961 0.99827980
0.04649347 0.99891859
0.03304350 0.99945391
0.01831122 0.99983234
0.00233628 0.99999727
-0.01483285 0.99988999
-0.03313844 0.99945077
-0.05251315 0.99862023
-0.07288003 0.99734071
-0.09415268 0.99555777
-0.11342278 0.99354681
-0.12798374 0.99177627
-0.13801201 0.99043056
-0.14363327 0.98963098
-0.14491703 0.98944381
-0.14187377 0.98988476
-0.13445412 0.99091982
-0.12254976 0.99246237
-0.10599665 0.99436649
-0.08458143 0.99641657
-0.05805272 0.99831352
-0.02613992 0.99965829
0.01141781 0.99993481
0.05482879 0.99849577
0.10419001 0.99455741
0.15941237 0.98721208
0.21743766 0.97607421
0.27516383 0.96139735
0.33223974 0.94319497
0.38831307 0.92152752
0.44303864 0.89650252
0.49608685 0.86827290
0.54715152 0.83703358
0.59595691 0.80301641
0.64226347 0.76648395
0.68587199 0.72772220
0.72662619 0.68703302
0.76441347 0.64472633
0.79916420 0.60111278
0.83084957 0.55649707
0.85947836 0.51117214
0.88509283 0.46541453
0.90698682 0.42115901
0.92492841 0.38014134
0.93960827 0.34225181
0.95160743 0.30731628
0.96140785 0.27512716
0.96940566 0.24546417
0.97592473 0.21810761
0.98122897 0.19284631
0.98553328 0.16948199
0.98901259 0.14783128
0.99180947 0.12772620
0.99404025 0.10901371
0.99580004 0.09155474
0.99716674 0.07522291
0.99820420 0.05990304
0.99896481 0.04548963
0.99949414 0.03180355
0.99982325 0.01880060
0.99997833 0.00658289
0.99998872 -0.00475012
0.99988594 -0.01510316
0.99970260 -0.02438656
0.99947116 -0.03251760
0.99922266 -0.03942175
0.99898547 -0.04503369
0.99878410 -0.04929829
0.99863815 -0.05217135
0.99856140 -0.05362029
0.99856117 -0.05362458
0.99863790 -0.05217617
0.99878502 -0.04927971
0.99898912 -0.04495260
0.99919728 -0.04006002
0.99937160 -0.03544581
0.99951612 -0.03110523
0.99963452 -0.02703377
0.99973021 -0.02322719
0.99980630 -0.01968151
0.99986563 -0.01639303
0.99991077 -0.01335830
0.99994409 -0.01057415
0.99996770 -0.00803768
0.99998349 -0.00574625
0.99999316 -0.00369748
0.99999822 -0.00188929
0.99999995 -0.00031985
0.99999949 0.00101242
0.99999778 0.00210881
0.99999559 0.00297034
0.99999353 0.00359778
0.99999203 0.00399162
0.99999138 0.00415208
0.99999168 0.00407913
0.99999288 0.00377244
0.99999478 0.00323144
0.99999699 0.00245528
0.99999896 0.00144282
0.99999998 0.00019267
0.99999916 -0.00129686
0.99999542 -0.00302771
0.99998749 -0.00500212
0.99997392 -0.00722261
0.99995303 -0.00969197
0.99992295 -0.01241330
0.99988468 -0.01518619
0.99984148 -0.01780516
0.99979462 -0.02026615
0.99974537 -0.02256546
0.99969491 -0.02469979
0.99964439 -0.02666621
0.99959487 -0.02846219
0.99954733 -0.03008561
0.99950265 -0.03153479
0.99946166 -0.03280842
0.99942504 -0.03390567
0.99939339 -0.03482607
0.99936720 -0.03556961
0.99934686 -0.03613667
0.99933263 -0.03652804
0.99932468 -0.03674490
0.99932306 -0.03678882
0.99932773 -0.03666173
0.99933854 -0.03636593
0.99935524 -0.03590405
0.99937750 -0.03527904
0.99940490 -0.03449417
0.99943694 -0.03355297
0.99947306 -0.03245927
0.99951263 -0.03121711
0.99955496 -0.02983077
0.99959934 -0.02830474
0.99964499 -0.02664368
0.99969113 -0.02485241
0.99973694 -0.02293587
0.99978159 -0.02089915
0.99982425 -0.01874740
0.99986410 -0.01648588
0.99990516 -0.01377236
0.99994731 -0.01026578
0.99998219 -0.00596810
0.99999962 -0.00087489
0.99998738 0.00502438
0.99993101 0.01174626
0.99981348 0.01931322
0.99961479 0.02775372
0.99931148 0.03710223
0.99887602 0.04739942
0.99827612 0.05869234
0.99747385 0.07103458
0.99642463 0.08448648
0.99507595 0.09911531
0.99336603 0.11499539
0.99122199 0.13220801
0.98855799 0.15084128
0.98527283 0.17098959
0.98124737 0.19275270
0.97634153 0.21623418
0.97039108 0.24153914
0.96320417 0.26877078
0.95455788 0.29802558
0.94419512 0.32938666
0.93182226 0.36291498
0.91710836 0.39863801
0.89968699 0.43653558
0.87916195 0.47652311
0.85511841 0.51843274
0.82714134 0.56199395
0.79484227 0.60681609
0.75789494 0.65237663
0.71746396 0.69659563
0.67527311 0.73756778
0.63192606 0.77502868
0.58802341 0.80884391
0.54413101 0.83900027
0.50075577 0.86558862
0.45833022 0.88878198
0.41720560 0.90881213
0.37765207 0.92594758
0.33986423 0.94047451
0.30396987 0.95268165
0.27004038 0.96284900
0.23810138 0.97124031
0.20814283 0.97809844
0.18012800 0.98364318
0.15400115 0.98807067
0.12969382 0.99155409
0.10712991 0.99424503
0.08622960 0.99627529
0.06691232 0.99775886
0.04909898 0.99879392
0.03271358 0.99946477
0.01768432 0.99984362
0.00394433 0.99999222
-0.00856780 0.99996330
-0.01990775 0.99980182
-0.03012533 0.99954613
-0.03926435 0.99922886
-0.04736266 0.99887776
-0.05445215 0.99851638
-0.06055868 0.99816464
-0.06570213 0.99783928
-0.07003950 0.99754422
-0.07371432 0.99727940
-0.07672219 0.99705251
-0.07905914 0.99686993
-0.08072165 0.99673668
-0.08170654 0.99665643
-0.08201097 0.99663143
-0.08163245 0.99666250
-0.08056876 0.99674905
-0.07881807 0.99688902
-0.07637886 0.99707887
-0.07325004 0.99731361
-0.06943095 0.99758676
-0.06492147 0.99789038
-0.05972209 0.99821504
-0.05383398 0.99854990
-0.04725916 0.99888266
-0.04000055 0.99919966
-0.03206216 0.99948588
-0.02344923 0.99972503
-0.01416832 0.99989962
-0.00422754 0.99999106
0.00636336 0.99997975
0.01759279 0.99984523
0.02944719 0.99956634
0.04191091 0.99912135
0.05496607 0.99848822
0.06859245 0.99764476
0.08276742 0.99656889
0.09746589 0.99523887
0.11266028 0.99363357
0.12832053 0.99173275
0.14210824 0.98985112
0.15181322 0.98840920
0.15754460 0.98751187
0.15934018 0.98722374
0.15716291 0.98757269
0.15089654 0.98854956
0.14034036 0.99010332
0.12520309 0.99213113
0.10509673 0.99446200
0.07953225 0.99683229
0.04792055 0.99885115
0.00958485 0.99995406
-0.03620536 0.99934437
-0.09016359 0.99592697
-0.15285915 0.98824799
-0.22451383 0.97447090
-0.30471847 0.95244247
-0.38860179 0.92140580
-0.47043835 0.88243286
-0.54797639 0.83649380
-0.61934552 0.78511854
-0.68326848 0.73016723
-0.73913402 0.67355839
-0.78693643 0.61703408
-0.82712987 0.56201083
-0.86045639 0.50952409
-0.88779201 0.46024488
-0.91003217 0.41453764
-0.92801921 0.37253234
-0.94250442 0.33419369
-0.95413430 0.29937891
-0.96345175 0.26788192
-0.97090499 0.23946502
-0.97661960 0.21497477
-0.98086856 0.19467120
-0.98408974 0.17767213
-0.98656955 0.16334175
-0.98850013 0.15122003
-0.99001273 0.14097803
-0.99119752 0.13239134
-0.99211535 0.12532808
-0.99295927 0.11845630
-0.99387784 0.11048455
-0.99484006 0.10145572
-0.99580682 0.09148097
-0.99673480 0.08074488
-0.99758189 0.06950095
-0.99831335 0.05805570
-0.99890696 0.04674279
-0.99934917 0.03607261
-0.99965379 0.02631145
-0.99984809 0.01742952
-0.99995583 0.00939906
-0.99999759 0.00219442
-0.99999115 -0.00420787
-0.99995169 -0.00982904
-0.99989212 -0.01468805
-0.99982323 -0.01880160
-0.99975390 -0.02218412
-0.99969125 -0.02484780
-0.99964075 -0.02680258
-0.99960635 -0.02805620
-0.99959053 -0.02861421
-0.99959436 -0.02847997
-0.99961754 -0.02765471
-0.99964882 -0.02649978
-0.99967796 -0.02537683
-0.99970506 -0.02428585
-0.99973022 -0.02322687
-0.99975355 -0.02219990
-0.99977515 -0.02120493
-0.99979511 -0.02024198
-0.99981352 -0.01931106
-0.99983048 -0.01841218
-0.99984607 -0.01754534
-0.99986037 -0.01671055
-0.99987346 -0.01590781
-0.99988543 -0.01513714
-0.99989634 -0.01439854
-0.99990626 -0.01369202
-0.99991527 -0.01301758
-0.99992342 -0.01237523
-0.99993079 -0.01176498
-0.99993743 -0.01118683
-0.99994339 -0.01064079
-0.99994872 -0.01012686
-0.99995349 -0.00964505
-0.99995772 -0.00919538
-0.99996147 -0.00877783
-0.99996478 -0.00839243
-0.99996769 -0.00803918
-0.99997022 -0.00771809
-0.99997240 -0.00742916
-0.99997428 -0.00717239
-0.99997586 -0.00694781
-0.99997718 -0.00675542
-0.99997825 -0.00659522
-0.99997909 -0.00646723
-0.99997970 -0.00637145
-0.99998011 -0.00630789
-0.99998030 -0.00627657
-0.99998030 -0.00627748
-0.99998009 -0.00631065
-0.99997967 -0.00637608
-0.99997904 -0.00647379
-0.99997819 -0.00660378
-0.99997711 -0.00676606
-0.99997577 -0.00696066
-0.99997417 -0.00718757
-0.99997227 -0.00744681
-0.99997006 -0.00773840
-0.99996750 -0.00806234
-0.99996456 -0.00841865
-0.99996121 -0.00880734
-0.99995742 -0.00922843
-0.99995313 -0.00968193
-0.99994831 -0.01016785
-0.99994290 -0.01068620
-0.99993686 -0.01123700
-0.99993014 -0.01182027
-0.99992267 -0.01243602
-0.99991440 -0.01308425
-0.99990526 -0.01376499
-0.99989518 -0.01447826
-0.99988411 -0.01522405
-0.99987195 -0.01600239
-0.99985865 -0.01681329
-0.99984411 -0.01765677
-0.99982825 -0.01853284
-0.99981165 -0.01940796
-0.99979498 -0.02024859
-0.99977833 -0.02105469
-0.99976178 -0.02182622
-0.99974542 -0.02256316
-0.99972932 -0.02326547
-0.99971356 -0.02393312
-0.99969821 -0.02456610
-0.99968333 -0.02516437
-0.99966898 -0.02572792
-0.99965523 -0.02625673
-0.99964213 -0.02675078
-0.99962974 -0.02721006
-0.99961809 -0.02763454
-0.99960724 -0.02802423
-0.99959723 -0.02837911
-0.99958809 -0.02869918
-0.99957986 -0.02898442
-0.99957257 -0.02923483
-0.99956624 -0.02945042
-0.99956090 -0.02963118
-0.99955656 -0.02977711
-0.99955325 -0.02988821
-0.99955096 -0.02996450
-0.99954972 -0.03000597
-0.99954952 -0.03001263
-0.99955036 -0.02998450
-0.99955225 -0.02992159
-0.99955517 -0.02982390
-0.99955911 -0.02969146
-0.99956406 -0.02952428
-0.99957001 -0.02932238
-0.99957692 -0.02908578
-0.99958478 -0.02881450
-0.99959355 -0.02850856
-0.99960320 -0.02816800
-0.99961370 -0.02779284
-0.99962501 -0.02738310
-0.99963708 -0.02693882
-0.99964987 -0.02646003
-0.99966333 -0.02594677
-0.99967739 -0.02539906
-0.99969201 -0.02481696
-0.99970712 -0.02420050
-0.99972267 -0.02354972
-0.99973857 -0.02286467
-0.99975476 -0.02214539
-0.99977117 -0.02139193
-0.99978771 -0.02060434
-0.99980430 -0.01978268
-0.99982087 -0.01892699
-0.99983731 -0.01803733
-0.99985355 -0.01711377
-0.99986948 -0.01615637
-0.99988500 -0.01516517
-0.99990002 -0.01414027
-0.99991443 -0.01308171
-0.99992812 -0.01198957
-0.99994099 -0.01086392
-0.99995291 -0.00970485
-0.99996377 -0.00851241
-0.99997345 -0.00728671
-0.99998183 -0.00602781
-0.99998879 -0.00473581
-0.99999418 -0.00341079
-0.99999776 -0.00211783
-0.99999958 -0.00092166
-0.99999998 0.00017808
-0.99999930 0.00118175
-0.99999782 0.00208964
-0.99999579 0.00290199
-0.99999345 0.00361902
-0.99999101 0.00424088
-0.99998863 0.00476770
-0.99998648 0.00519953
-0.99998467 0.00553641
-0.99998331 0.00577832
-0.99998245 0.00592519
-0.99998214 0.00597690
-0.99998240 0.00593331
-0.99998321 0.00579420
-0.99998455 0.00555932
-0.99998633 0.00522837
-0.99998848 0.00480101
-0.99999085 0.00427684
-0.99999332 0.00365542
-0.99999569 0.00293625
-0.99999776 0.00211880
-0.99999928 0.00120246
-0.99999998 0.00018661
-0.99999957 -0.00092945
-0.99999770 -0.00214647
-0.99999400 -0.00346523
-0.99998806 -0.00488658
-0.99997945 -0.00641143
-0.99996767 -0.00804072
-0.99995222 -0.00977546
-0.99993252 -0.01161671
-0.99992458 -0.01228137
-0.99994514 -0.01047438
-0.99998092 -0.00617741
-0.99999980 0.00062931
-0.99995034 0.00996584
-0.99976125 0.02185057
-0.99934103 0.03629753
-0.99857786 0.05331276
-0.99733999 0.07288997
-0.99547675 0.09500544
-0.99282068 0.11961227
-0.98919077 0.14663433
-0.98439726 0.17596029
-0.97824811 0.20743826
-0.97055699 0.24087161
-0.96115277 0.27601694
-0.95050658 0.31070441
-0.93934274 0.34297990
-0.92786770 0.37290954
-0.91626132 0.40058107
-0.90467763 0.42609668
-0.89324656 0.44956710
-0.88207618 0.47110680
-0.87125523 0.49083023
-0.86085575 0.50884908
-0.85093550 0.52527019
-0.84154037 0.54019422
-0.83270647 0.55371466
-0.82446200 0.56591732
-0.81682888 0.57688005
-0.80982421 0.58667261
-0.80346147 0.59535675
-0.79818403 0.60241370
-0.79444577 0.60733509
-0.79226991 0.61017079
-0.79167574 0.61094150
-0.79267984 0.60963815
-0.79529624 0.60622100
-0.79953580 0.60061844
-0.80540448 0.59272558
-0.81290051 0.58240257
-0.82201007 0.56947296
-0.83270133 0.55372241
-0.84491649 0.53489823
-0.85856151 0.51271058
-0.87349320 0.48683634
-0.88950405 0.45692728
-0.90630493 0.42262438
-0.92350751 0.38358035
-0.93963870 0.34216825
-0.95352422 0.30131638
-0.96519815 0.26151965
-0.97476524 0.22323246
-0.98238796 0.18685260
-0.98827085 0.15271123
-0.99264408 0.12106910
-0.99574811 0.09211791
-0.99782056 0.06598584
-0.99908599 0.04274557
-0.99974856 0.02242352
-0.99998745 0.00500930
-0.99995454 -0.00953553
-0.99977377 -0.02126976
-0.99954187 -0.03026618
-0.99932976 -0.03660655
-0.99911657 -0.04202484
-0.99883806 -0.04819269
-0.99848049 -0.05510628
-0.99802826 -0.06276619
-0.99746370 -0.07117696
-0.99676697 -0.08034681
-0.99591576 -0.09028729
-0.99488510 -0.10101303
-0.99364703 -0.11254148
-0.99217026 -0.12489262
-0.99041987 -0.13808864
-0.98835685 -0.15215366
-0.98593769 -0.16711333
-0.98311396 -0.18299436
-0.97983181 -0.19982397
-0.97603151 -0.21762927
-0.97164696 -0.23643643
-0.96660531 -0.25626974
-0.96082653 -0.27715047
-0.95422318 -0.29909550
-0.94670029 -0.32211576
-0.93815543 -0.34621437
-0.92847913 -0.37138457
-0.91755562 -0.39760746
-0.90526404 -0.42484941
-0.89148026 -0.45305954
-0.87607932 -0.48216701
-0.85893860 -0.51207859
-0.83994179 -0.54267650
-0.81898361 -0.57381691
-0.79597520 -0.60532923
-0.77084997 -0.63701674
-0.74424922 -0.66790201
-0.71690164 -0.69717433
-0.68888221 -0.72487330
-0.66025298 -0.75104328
-0.63106359 -0.77573111
-0.60135196 -0.79898424
-0.57114519 -0.82084905
-0.54046046 -0.84136941
-0.50930601 -0.86058549
-0.47768221 -0.87853270
-0.44558250 -0.89524088
-0.41299451 -0.91073351
-0.37990104 -0.92502714
-0.34628111 -0.93813080
-0.31211107 -0.95004562
-0.27736571 -0.96076441
-0.24337347 -0.96993266
-0.21155357 -0.97736640
-0.18198506 -0.98330129
-0.15471174 -0.98795965
-0.12975047 -0.99154668
-0.10709886 -0.99424838
-0.08674213 -0.99623080
-0.06865914 -0.99764018
-0.05282750 -0.99860365
-0.03922801 -0.99923029
-0.02784841 -0.99961216
-0.01868669 -0.99982539
-0.01175406 -0.99993092
-0.00707767 -0.99997495
-0.00470337 -0.99998894
-0.00469832 -0.99998896
-0.00592414 -0.99998245
-0.00718085 -0.99997422
-0.00846036 -0.99996421
-0.00975395 -0.99995243
-0.01105247 -0.99993892
-0.01234654 -0.99992378
-0.01362679 -0.99990715
-0.01488404 -0.99988923
-0.01610958 -0.99987023
-0.01729531 -0.99985042
-0.01843397 -0.99983008
-0.01951920 -0.99980948
-0.02054569 -0.99978892
-0.02150921 -0.99976865
-0.02240664 -0.99974894
-0.02323592 -0.99973001
-0.02405593 -0.99971061
-0.02492642 -0.99968929
-0.02584774 -0.99966589
-0.02682054 -0.99964026
-0.02784583 -0.99961223
-0.02892489 -0.99958159
-0.03005934 -0.99954812
-0.03125106 -0.99951157
-0.03250225 -0.99947166
-0.03381543 -0.99942809
-0.03519341 -0.99938052
-0.03663938 -0.99932855
-0.03815687 -0.99927176
-0.03974980 -0.99920966
-0.04142251 -0.99914172
-0.04317983 -0.99906732
-0.04452632 -0.99900821
-0.04496589 -0.99898852
-0.04449906 -0.99900943
-0.04312146 -0.99906984
-0.04082379 -0.99916636
-0.03759174 -0.99929318
-0.03340586 -0.99944187
-0.02824146 -0.99960113
-0.02206838 -0.99975646
-0.01485088 -0.99988972
-0.00654735 -0.99997857
0.00288978 -0.99999582
0.01351432 -0.99990868
0.02538637 -0.99967771
0.03857246 -0.99925581
0.05314543 -0.99858678
0.06918427 -0.99760390
0.08677360 -0.99622806
0.10600285 -0.99436583
0.12696498 -0.99190720
0.14975453 -0.98872321
0.17446490 -0.98466339
0.20118454 -0.97955336
0.22999193 -0.97319254
0.26094900 -0.96535259
0.29409286 -0.95577685
0.32942574 -0.94418149
0.36690321 -0.93025912
0.40642114 -0.91368586
0.44780225 -0.89413262
0.49078368 -0.87128146
0.53500770 -0.84484718
0.58001809 -0.81460360
0.62415660 -0.78129927
0.66595705 -0.74599009
0.70522192 -0.70898663
0.74181164 -0.67060830
0.77564323 -0.63117159
0.80668629 -0.59097989
0.83495689 -0.55031536
0.86051027 -0.50943308
0.88343303 -0.46855745
0.90383527 -0.42788059
0.92184347 -0.38756241
0.93759395 -0.34773205
0.95122757 -0.30849005
0.96288519 -0.26991131
0.97270431 -0.23204812
0.98081648 -0.19493338
0.98716010 -0.15973395
0.99182617 -0.12759641
0.99513951 -0.09847519
0.99738363 -0.07229035
0.99880167 -0.04894108
0.99959901 -0.02831637
0.99994692 -0.01030306
0.99998644 0.00520824
0.99983219 0.01831892
0.99957594 0.02911948
0.99928957 0.03768752
0.99902772 0.04408654
0.99882972 0.04836513
0.99872120 0.05055651
0.99871503 0.05067832
0.99881187 0.04873248
0.99895150 0.04578101
0.99907968 0.04289292
0.99919692 0.04006883
0.99930376 0.03730936
0.99940072 0.03461509
0.99948830 0.03198661
0.99956701 0.02942449
0.99963734 0.02692926
0.99969979 0.02450146
0.99975484 0.02214159
0.99980297 0.01985017
0.99984462 0.01762767
0.99988026 0.01547457
0.99991033 0.01339130
0.99993526 0.01137832
0.99995548 0.00943604
0.99997139 0.00756487
0.99998338 0.00576522
0.99999185 0.00403746
0.99999716 0.00238196
0.99999968 0.00079908
0.99999975 -0.00071084
0.99999769 -0.00214748
0.99999384 -0.00351051
0.99998848 -0.00479963
0.99998191 -0.00601455
0.99997440 -0.00715498
0.99996621 -0.00822067
0.99995757 -0.00921134
0.99994872 -0.01012676
0.99993986 -0.01096670
0.99993119 -0.01173092
0.99992288 -0.01241922
0.99991509 -0.01303139
0.99990796 -0.01356725
0.99990162 -0.01402661
0.99989618 -0.01440931
0.99989173 -0.01471519
0.99988833 -0.01494410
0.99988605 -0.01509590
0.99988492 -0.01517047
0.99988496 -0.01516769
0.99988618 -0.01508746
0.99988855 -0.01492967
0.99989203 -0.01469426
0.99989659 -0.01438114
0.99990213 -0.01399026
0.99990858 -0.01352155
0.99991582 -0.01297499
0.99992373 -0.01235055
0.99993216 -0.01164820
0.99994094 -0.01086794
0.99994990 -0.01000978
0.99995883 -0.00907374
0.99996752 -0.00805985
0.99997572 -0.00696815
0.99998319 -0.00579871
0.99998964 -0.00455158
0.99999479 -0.00322686
0.99999834 -0.00182464
0.99999994 -0.00034503
0.99999927 0.00121184
0.99999595 0.00284582
0.99998962 0.00455677
0.99998030 0.00627716
0.99996848 0.00793958
0.99995445 0.00954406
0.99993850 0.01109064
0.99992088 0.01257934
0.99990185 0.01401018
0.99988167 0.01538321
0.99986057 0.01669846
0.99983878 0.01795595
0.99981651 0.01915572
0.99979398 0.02029780
0.99977137 0.02138223
0.99974889 0.02240902
0.99972669 0.02337822
0.99970496 0.02428986
0.99968384 0.02514396
0.99966349 0.02594055
0.99964403 0.02667965
0.99962561 0.02736130
0.99960833 0.02798552
0.99959230 0.02855233
0.99957762 0.02906175
0.99956437 0.02951381
0.99955264 0.02990851
0.99954249 0.03024587
0.99953398 0.03052592
0.99952715 0.03074865
0.99952205 0.03091409
0.99951869 0.03102223
0.99951711 0.03107309
0.99951731 0.03106667
0.99951929 0.03100297
0.99952304 0.03088200
0.99952853 0.03070374
0.99953574 0.03046820
0.99954462 0.03017537
0.99955513 0.02982525
0.99956720 0.02941781
0.99958077 0.02895306
0.99959576 0.02843098
0.99961207 0.02785155
0.99962961 0.02721476
0.99964827 0.02652058
0.99966792 0.02576901
0.99968845 0.02496001
0.99970971 0.02409357
0.99973155 0.02316967
0.99975381 0.02218827
0.99977633 0.02114935
0.99979892 0.02005289
0.99982140 0.01889887
0.99984357 0.01768724
0.99986522 0.01641799
0.99988612 0.01509110
0.99990606 0.01370652
0.99992479 0.01226424
0.99994206 0.01076423
0.99995762 0.00920647
0.99997119 0.00759092
0.99998249 0.00591757
0.99999124 0.00418640
0.99999713 0.00239738
0.99999985 0.00055050
0.99999908 -0.00135426
0.99999450 -0.00331692
0.99998606 -0.00527957
0.99997419 -0.00718432
0.99995922 -0.00903115
0.99994146 -0.01082005
0.99992123 -0.01255100
0.99989883 -0.01422401
0.99987455 -0.01583906
0.99984868 -0.01739615
0.99982147 -0.01889527
0.99979319 -0.02033643
0.99976410 -0.02171962
0.99973443 -0.02304483
0.99970442 -0.02431207
0.99967428 -0.02552134
0.99964422 -0.02667262
0.99961445 -0.02776593
0.99958516 -0.02880125
0.99955652 -0.02977858
0.99952871 -0.03069791
0.99950188 -0.03155924
0.99947619 -0.03236257
0.99945178 -0.03310788
0.99942878 -0.03379516
0.99940730 -0.03442440
0.99938747 -0.03499558
0.99936937 -0.03550870
0.99935310 -0.03596373
0.99933873 -0.03636066
0.99932635 -0.03669946
0.99931600 -0.03698011
0.99930774 -0.03720258
0.99930162 -0.03736686
0.99929764 -0.03747289
0.99929585 -0.03752066
0.99929625 -0.03751013
0.99929883 -0.03744126
0.99930359 -0.03731402
0.99931051 -0.03712835
0.99931955 -0.03688423
0.99933067 -0.03658159
0.99934383 -0.03622040
0.99935895 -0.03580059
0.99937598 -0.03532213
0.99939482 -0.03478496
0.99941539 -0.03418901
0.99943757 -0.03353423
0.99946126 -0.03282055
0.99948633 -0.03204793
0.99951265 -0.03121628
0.99954007 -0.03032555
0.99956844 -0.02937567
0.99959759 -0.02836657
0.99962734 -0.02729818
0.99965750 -0.02617044
0.99968787 -0.02498326
0.99971825 -0.02373658
0.99974841 -0.02243032
0.99977812 -0.02106442
0.99980714 -0.01963880
0.99983521 -0.01815338
0.99986208 -0.01660810
0.99988745 -0.01500289
0.99991105 -0.01333767
0.99993257 -0.01161237
0.99995064 -0.00993598
0.99996457 -0.00841822
0.99997508 -0.00705998
0.99998282 -0.00586195
0.99998836 -0.00482466
0.99999220 -0.00394843
0.99999477 -0.00323342
0.99999641 -0.00267959
0.99999739 -0.00228674
0.99999789 -0.00205448
0.99999804 -0.00198225
0.99999786 -0.00206930
0.99999732 -0.00231473
0.99999631 -0.00271748
0.99999463 -0.00327629
0.99999204 -0.00398978
0.99998821 -0.00485639
0.99998275 -0.00587442
0.99997520 -0.00704201
0.99996508 -0.00835716
0.99995180 -0.00981775
0.99993477 -0.01142150
0.99991332 -0.01316601
0.99988676 -0.01504876
0.99985435 -0.01706711
0.99981531 -0.01921830
0.99976886 -0.02149947
0.99971417 -0.02390766
0.99965041 -0.02643981
0.99957672 -0.02909276
0.99949224 -0.03186330
0.99939610 -0.03474810
0.99928745 -0.03774380
0.99918328 -0.04040765
0.99910454 -0.04230970
0.99905501 -0.04346359
0.99903680 -0.04388024
0.99905046 -0.04356801
0.99909508 -0.04253270
0.99916824 -0.04077769
0.99926613 -0.03830397
0.99938345 -0.03511021
0.99951338 -0.03119287
0.99964759 -0.02654620
0.99977605 -0.02116235
0.99988702 -0.01503143
0.99996686 -0.00814158
0.99999989 -0.00047908
0.99996823 0.00797157
0.99985160 0.01722752
0.99962708 0.02730739
0.99926892 0.03823112
0.99874823 0.05001974
0.99803273 0.06269505
0.99708649 0.07627935
0.99586961 0.09079498
0.99433797 0.10626383
0.99244296 0.12270682
0.99013125 0.14014313
0.98734461 0.15858947
0.98401980 0.17805910
0.98008857 0.19856081
0.97547782 0.22009775
0.97010988 0.24266608
0.96390301 0.26625363
0.95678355 0.29080101
0.94865271 0.31631952
0.93937412 0.34289396
0.92879054 0.37060509
0.91672152 0.39952679
0.90296115 0.42972219
0.88727617 0.46123855
0.86940477 0.49410053
0.84905669 0.52830175
0.82591516 0.56379442
0.79964189 0.60047718
0.76988600 0.63818144
0.73629814 0.67665726
0.69855106 0.71556021
0.65636701 0.75444174
0.60955170 0.79274632
0.55803271 0.82981895
0.50401319 0.86369596
0.45031645 0.89286903
0.39783400 0.91745742
0.34731415 0.93774884
0.29933924 0.95414675
0.25432434 0.96711898
0.21253182 0.97715415
0.17409489 0.98472888
0.13904470 0.99028611
0.10733659 0.99422274
0.07887350 0.99688463
0.05352516 0.99856650
0.03114318 0.99951493
0.01157227 0.99993304
-0.00534176 0.99998573
-0.01974649 0.99980502
-0.03207117 0.99948559
-0.04273264 0.99908654
-0.05183916 0.99865545
-0.05948204 0.99822938
-0.06573703 0.99783698
-0.07066545 0.99750007
-0.07431518 0.99723480
-0.07672144 0.99705257
-0.07790738 0.99696060
-0.07788448 0.99696239
-0.07665269 0.99705785
-0.07420051 0.99724334
-0.07050473 0.99751145
-0.06553009 0.99785059
-0.05922870 0.99824444
-0.05153924 0.99867097
-0.04331969 0.99906126
-0.03549506 0.99936985
-0.02809327 0.99960531
-0.02114110 0.99977650
-0.01466400 0.99989248
-0.00868595 0.99996228
-0.00322929 0.99999479
0.00168539 0.99999858
0.00603941 0.99998176
0.00981611 0.99995182
0.01300089 0.99991548
0.01558137 0.99987860
0.01754738 0.99984603
0.01889108 0.99982155
0.01960696 0.99980777
0.01969189 0.99980610
0.01946159 0.99981061
0.01923268 0.99981503
0.01900518 0.99981939
0.01877907 0.99982366
0.01855436 0.99982785
0.01833105 0.99983197
0.01810914 0.99983602
0.01788862 0.99983999
0.01766950 0.99984388
0.01745178 0.99984771
0.01723545 0.99985146
0.01702052 0.99985514
0.01680699 0.99985875
0.01659486 0.99986230
0.01638412 0.99986577
0.01617478 0.99986918
0.01596684 0.99987252
0.01576030 0.99987580
0.01555515 0.99987901
0.01535140 0.99988216
0.01514904 0.99988525
0.01494808 0.99988827
0.01474852 0.99989123
0.01455036 0.99989414
0.01435359 0.99989698
0.01415822 0.99989977
0.01396424 0.99990250
0.01377166 0.99990517
0.01358048 0.99990778
0.01339069 0.99991034
0.01320230 0.99991285
0.01301530 0.99991530
0.01282970 0.99991770
0.01264550 0.99992004
0.01246269 0.99992234
0.01228128 0.99992458
0.01210126 0.99992678
0.01192264 0.99992892
0.01174541 0.99993102
0.01156958 0.99993307
0.01139515 0.99993507
0.01122211 0.99993703
0.01105047 0.99993894
0.01088022 0.99994081
0.01071136 0.99994263
0.01054390 0.99994441
0.01037784 0.99994615
0.01021317 0.99994784
0.01004990 0.99994950
0.00988802 0.99995111
0.00972753 0.99995269
0.00956844 0.99995422
0.00941075 0.99995572
0.00925445 0.99995718
0.00909954 0.99995860
0.00894603 0.99995998
0.00879391 0.99996133
0.00864319 0.99996265
0.00849386 0.99996393
0.00834593 0.99996517
0.00819939 0.99996638
0.00805424 0.99996756
0.00791049 0.99996871
0.00776813 0.99996983
0.00762716 0.99997091
0.00748759 0.99997197
0.00734941 0.99997299
0.00721263 0.99997399
0.00707724 0.99997496
0.00694324 0.99997590
0.00681064 0.99997681
0.00667943 0.99997769
0.00654961 0.99997855
0.00642119 0.99997938
0.00629416 0.99998019
0.00616852 0.99998097
0.00604428 0.99998173
0.00592143 0.99998247
0.00579997 0.99998318
0.00567991 0.99998387
0.00556123 0.99998454
0.00544395 0.99998518
0.00532807 0.99998581
0.00521358 0.99998641
0.00510047 0.99998699
0.00498877 0.99998756
0.00487845 0.99998810
0.00476953 0.99998863
0.00466200 0.99998913
0.00455586 0.99998962
0.00445111 0.99999009
0.00434776 0.99999055
0.00424580 0.99999099
0.00414523 0.99999141
0.00404605 0.99999181
0.00394827 0.99999221
0.00385188 0.99999258
0.00375688 0.99999294
0.00366327 0.99999329
0.00357105 0.99999362
0.00348023 0.99999394
0.00339080 0.99999425
0.00330276 0.99999455
0.00321611 0.99999483
0.00313085 0.99999510
0.00304699 0.99999536
0.00296451 0.99999561
0.00288343 0.99999584
0.00280374 0.99999607
0.00272544 0.99999629
0.00264854 0.99999649
0.00257302 0.99999669
0.00249890 0.99999688
0.00242616 0.99999706
0.00235482 0.99999723
0.00228487 0.99999739
0.00221632 0.99999754
0.00214915 0.99999769
0.00208337 0.99999783
0.00201899 0.99999796
0.00195600 0.99999809
0.00189439 0.99999821
0.00183418 0.99999832
0.00177536 0.99999842
0.00171794 0.99999852
0.00166190 0.99999862
0.00160725 0.99999871
0.00155400 0.99999879
0.00150214 0.99999887
0.00145131 0.99999895
0.00140117 0.99999902
0.00135171 0.99999909
0.00130294 0.99999915
0.00125486 0.99999921
0.00120746 0.99999927
0.00116074 0.99999933
0.00111471 0.99999938
0.00106937 0.99999943
0.00102471 0.99999947
0.00098073 0.99999952
0.00093744 0.99999956
0.00089484 0.99999960
0.00085292 0.99999964
0.00081168 0.99999967
0.00077113 0.99999970
0.00073126 0.99999973
0.00069208 0.99999976
0.00065359 0.99999979
0.00061578 0.99999981
0.00057865 0.99999983
0.00054221 0.99999985
0.00050646 0.99999987
0.00047139 0.99999989
0.00043700 0.99999990
0.00040330 0.99999992
0.00037029 0.99999993
0.00033796 0.99999994
0.00030631 0.99999995
0.00027535 0.99999996
0.00024508 0.99999997
0.00021548 0.99999998
0.00018658 0.99999998
0.00015836 0.99999999
0.00013082 0.99999999
0.00010397 0.99999999
0.00007781 1.00000000
0.00005233 1.00000000
0.00002753 1.00000000
0.00000342 1.00000000
-0.00002000 1.00000000
-0.00004274 1.00000000
-0.00006480 1.00000000
-0.00008617 1.00000000
-0.00010685 0.99999999
-0.00012685 0.99999999
-0.00014617 0.99999999
-0.00016480 0.99999999
-0.00018274 0.99999998
-0.00020000 0.99999998
-0.00021658 0.99999998
-0.00023247 0.99999997
-0.00024767 0.99999997
-0.00026219 0.99999997
-0.00027602 0.99999996
-0.00028917 0.99999996
-0.00030164 0.99999995
-0.00031342 0.99999995
-0.00032451 0.99999995
-0.00033492 0.99999994
-0.00034465 0.99999994
-0.00035369 0.99999994
-0.00036204 0.99999993
-0.00036971 0.99999993
-0.00037670 0.99999993
-0.00038300 0.99999993
-0.00038861 0.99999992
-0.00039354 0.99999992
-0.00039778 0.99999992
-0.00040134 0.99999992
-0.00040422 0.99999992
-0.00040641 0.99999992
-0.00040791 0.99999992
-0.00040873 0.99999992
-0.00040887 0.99999992
-0.00040832 0.99999992
-0.00040708 0.99999992
-0.00040516 0.99999992
-0.00040255 0.99999992
-0.00039926 0.99999992
-0.00039529 0.99999992
-0.00039063 0.99999992
-0.00038528 0.99999993
-0.00037925 0.99999993
-0.00037254 0.99999993
-0.00036514 0.99999993
-0.00035705 0.99999994
-0.00034828 0.99999994
-0.00033882 0.99999994
-0.00032868 0.99999995
-0.00031786 0.99999995
-0.00030635 0.99999995
-0.00029415 0.99999996
-0.00028127 0.99999996
-0.00026770 0.99999996
-0.00025345 0.99999997
-0.00023852 0.99999997
-0.00022290 0.99999998
-0.00020659 0.99999998
-0.00018960 0.99999998
-0.00017193 0.99999999
-0.00015356 0.99999999
-0.00013452 0.99999999
-0.00011479 0.99999999
-0.00009437 1.00000000
-0.00007327 1.00000000
-0.00005149 1.00000000
-0.00002901 1.00000000
-0.00000586 1.00000000
0.00001798 1.00000000
0.00004251 1.00000000
0.00006772 1.00000000
0.00009361 1.00000000
0.00012020 0.99999999
0.00014746 0.99999999
0.00017541 0.99999998
0.00020405 0.99999998
0.00023337 0.99999997
0.00026337 0.99999997
0.00029406 0.99999996
0.00032544 0.99999995
0.00035750 0.99999994
0.00039025 0.99999992
0.00042368 0.99999991
0.00045779 0.99999990
0.00049259 0.99999988
0.00052808 0.99999986
0.00056425 0.99999984
0.00060111 0.99999982
0.00063865 0.99999980
0.00067687 0.99999977
0.00071578 0.99999974
0.00075538 0.99999971
0.00079566 0.99999968
0.00083663 0.99999965
0.00087828 0.99999961
0.00092061 0.99999958
0.00096363 0.99999954
0.00100734 0.99999949
0.00105173 0.99999945
0.00109680 0.99999940
0.00114256 0.99999935
0.00118901 0.99999929
0.00123614 0.99999924
0.00128396 0.99999918
0.00133246 0.99999911
0.00138164 0.99999905
0.00143151 0.99999898
0.00148207 0.99999890
0.00153331 0.99999882
0.00158523 0.99999874
0.00163784 0.99999866
0.00169114 0.99999857
0.00174512 0.99999848
0.00179978 0.99999838
0.00185513 0.99999828
0.00191117 0.99999817
0.00196789 0.99999806
0.00202529 0.99999795
0.00208338 0.99999783
0.00214216 0.99999771
0.00220162 0.99999758
0.00226176 0.99999744
0.00232259 0.99999730
0.00238411 0.99999716
0.00244631 0.99999701
0.00250919 0.99999685
0.00257276 0.99999669
0.00263701 0.99999652
0.00270195 0.99999635
0.00276758 0.99999617
0.00283389 0.99999598
0.00290088 0.99999579
0.00296856 0.99999559
0.00303692 0.99999539
0.00310597 0.99999518
0.00317570 0.99999496
0.00324612 0.99999473
0.00331723 0.99999450
0.00338901 0.99999426
0.00346149 0.99999401
0.00353465 0.99999375
0.00360849 0.99999349
0.00368302 0.99999322
0.00375823 0.99999294
0.00383413 0.99999265
0.00391071 0.99999235
0.00398798 0.99999205
0.00406593 0.99999173
0.00414457 0.99999141
0.00422389 0.99999108
0.00430389 0.99999074
0.00438459 0.99999039
0.00446596 0.99999003
0.00454802 0.99998966
0.00463077 0.99998928
0.00471420 0.99998889
0.00479831 0.99998849
0.00488312 0.99998808
0.00496860 0.99998766
0.00505477 0.99998722
0.00514163 0.99998678
0.00522917 0.99998633
0.00531739 0.99998586
0.00540630 0.99998539
0.00549589 0.99998490
0.00558617 0.99998440
0.00567713 0.99998388
0.00576878 0.99998336
0.00586112 0.99998282
0.00595413 0.99998227
0.00604784 0.99998171
0.00614222 0.99998114
0.00623729 0.99998055
0.00633305 0.99997995
0.00642949 0.99997933
0.00652662 0.99997870
0.00662443 0.99997806
0.00672292 0.99997740
0.00682210 0.99997673
0.00692197 0.99997604
0.00702252 0.99997534
0.00712375 0.99997463
0.00722567 0.99997389
0.00732827 0.99997315
0.00743156 0.99997239
0.00753553 0.99997161
0.00764019 0.99997081
0.00774553 0.99997000
0.00785156 0.99996918
0.00795827 0.99996833
0.00806566 0.99996747
0.00817374 0.99996659
0.00828251 0.99996570
0.00839196 0.99996479
0.00850209 0.99996386
0.00861291 0.99996291
0.00872441 0.99996194
0.00883660 0.99996096
0.00894947 0.99995995
0.00906303 0.99995893
0.00917727 0.99995789
0.00929219 0.99995683
0.00940780 0.99995575
0.00952409 0.99995464
0.00964107 0.99995352
0.00975873 0.99995238
0.00987708 0.99995122
0.00999611 0.99995004
0.01011583 0.99994883
0.01023623 0.99994761
0.01035731 0.99994636
0.01047908 0.99994509
0.01060153 0.99994380
0.01072467 0.99994249
0.01084849 0.99994115
0.01097300 0.99993979
0.01109819 0.99993841
0.01109819 0.99993841
0.01109819 0.99993841
0.01109819 0.99993841
0.01109819 0.99993841
0.01109819 0.99993841
0.01109819 0.99993841
0.01109819 0.99993841
0.01109819 0.99993841
0.01109819 0.99993841
0.01109819 0.99993841
0.01109819 0.99993841
0.01109819 0.99993841
0.01109819 0.99993841
0.01109819 0.99993841
0.01109819 0.99993841
0.01109819 0.99993841
0.01109819 0.99993841
0.01109819 0.99993841
0.01109819 0.99993841
0.01109819 0.99993841
0.01109819 0.99993841
0.01109819 0.99993841
0.01109819 0.99993841
0.01109819 0.99993841
0.01109819 0.99993841
0.01109819 0.99993841
0.01109819 0.99993841
0.01109819 0.99993841
0.01109819 0.99993841
0.01109819 0.99993841
0.01109819 0.99993841
0.01109819 0.99993841
0.01109819 0.99993841
0.01109819 0.99993841
0.01109819 0.99993841
0.01109819 0.99993841
0.01109819 0.99993841
0.01109819 0.99993841
0.01109819 0.99993841
0.01109819 0.99993841
0.01109819 0.99993841
0.01109819 0.99993841
0.01109819 0.99993841
0.01109819 0.99993841
0.01109819 0.99993841
0.01109819 0.99993841
0.01109819 0.99993841
0.01109819 0.99993841
0.01109819 0.99993841
0.01109819 0.99993841
0.01109819 0.99993841
0.01109819 0.99993841
0.01109819 0.99993841
0.01109819 0.99993841
0.01109819 0.99993841
