-0.00335148 0.99999438
-0.00540799 0.99998538
-0.00721655 0.99997396
-0.00877766 0.99996148
-0.01009177 0.99994908
-0.01115924 0.99993773
-0.01198038 0.99992823
-0.01255540 0.99992118
-0.01288444 0.99991699
-0.01296758 0.99991592
-0.01280479 0.99991802
-0.01239596 0.99992317
-0.01174094 0.99993107
-0.01083944 0.99994125
-0.00969113 0.99995304
-0.00829560 0.99996559
-0.00665236 0.99997787
-0.00476086 0.99998867
-0.00262046 0.99999657
-0.00023049 0.99999997
0.00240980 0.99999710
0.00530119 0.99998595
0.00844452 0.99996434
0.01184064 0.99992990
0.01549046 0.99988002
0.01939487 0.99981190
0.02355480 0.99972255
0.02797115 0.99960873
0.03264481 0.99946702
0.03757664 0.99929375
0.04276747 0.99908505
0.04821804 0.99883683
0.05392904 0.99854477
0.05990106 0.99820432
0.06613458 0.99781071
0.07262995 0.99735896
0.07938737 0.99684384
0.08640687 0.99625993
0.09368830 0.99560158
0.10123126 0.99486292
0.10903515 0.99403789
0.11709908 0.99312024
0.12542190 0.99210350
0.13400210 0.99098105
0.14283788 0.98974610
0.15192704 0.98839171
0.16126701 0.98691081
0.17085478 0.98529622
0.18068691 0.98354067
0.19075949 0.98163681
0.20106811 0.97957726
0.21160786 0.97735465
0.22237329 0.97496160
0.23335838 0.97239080
0.24455657 0.96963503
0.25596068 0.96668719
0.26756295 0.96354038
0.27916038 0.96024449
0.29055569 0.95685808
0.30174951 0.95338724
0.31274276 0.94983786
0.32353658 0.94621566
0.33413235 0.94252617
0.34453166 0.93877470
0.35473629 0.93496640
0.36474821 0.93110619
0.37456954 0.92719883
0.38420253 0.92324884
0.39364960 0.91926057
0.40291323 0.91523818
0.41199606 0.91118563
0.42090077 0.90710669
0.42963014 0.90300495
0.43818701 0.89888383
0.44657428 0.89474656
0.45479489 0.89059621
0.46285182 0.88643567
0.47074807 0.88226768
0.47848667 0.87809482
0.48607064 0.87391952
0.49350303 0.86974408
0.50078687 0.86557063
0.50792521 0.86140117
0.51492105 0.85723760
0.52177742 0.85308167
0.52849728 0.84893500
0.53508360 0.84479912
0.54153931 0.84067543
0.54786731 0.83656525
0.55407047 0.83246977
0.56015163 0.82839010
0.56611358 0.82432725
0.57195907 0.82028216
0.57769082 0.81625567
0.58331151 0.81224853
0.58882376 0.80826145
0.59423017 0.80429504
0.59953326 0.80034984
0.60473555 0.79642634
0.60983948 0.79252496
0.61484746 0.78864606
0.61976185 0.78478994
0.62458496 0.78095686
0.62931908 0.77714702
0.63396643 0.77336057
0.63852919 0.76959761
0.64300949 0.76585821
0.64740944 0.76214238
0.65173110 0.75845012
0.65597646 0.75478135
0.66014751 0.75113598
0.66424618 0.74751389
0.66827435 0.74391491
0.67214391 0.74042053
0.67576388 0.73711816
0.67913215 0.73401602
0.68224705 0.73112172
0.68510729 0.72844218
0.68771196 0.72598365
0.69006054 0.72375165
0.69215280 0.72175100
0.69398887 0.71998573
0.69556917 0.71845914
0.69689440 0.71717375
0.69796553 0.71613135
0.69878379 0.71533294
0.69935063 0.71477877
0.69966774 0.71446837
0.69973704 0.71440050
0.69956062 0.71457326
0.69914081 0.71498400
0.69848012 0.71562946
0.69758125 0.71650569
0.69644710 0.71760814
0.69508074 0.71893168
0.69348546 0.72047062
0.69166471 0.72221876
0.68962213 0.72416940
0.68736158 0.72631540
0.68488707 0.72864923
0.68220285 0.73116296
0.67833572 0.73475211
0.67228053 0.74029649
0.66395458 0.74777290
0.65322260 0.75716592
0.63989497 0.76846238
0.62372484 0.78164398
0.60440470 0.79667745
0.58156323 0.81350121
0.55476390 0.83200782
0.52350746 0.85202109
0.48724142 0.87326731
0.44538118 0.89534106
0.39734825 0.91766790
0.34263188 0.93946974
0.28520184 0.95846748
0.23004040 0.97318108
0.17811983 0.98400880
0.13020055 0.99148768
0.08682271 0.99622378
0.04832417 0.99883170
0.01487469 0.99988937
-0.01348354 0.99990909
-0.03679630 0.99932279
-0.05516288 0.99847737
-0.06870875 0.99763676
-0.07756558 0.99698725
-0.08185787 0.99664401
-0.08169535 0.99665735
-0.07935342 0.99684655
-0.07704095 0.99702793
-0.07475485 0.99720194
-0.07249216 0.99736898
-0.07025003 0.99752941
-0.06802572 0.99768357
-0.06581655 0.99783174
-0.06361996 0.99797420
-0.06143343 0.99811118
-0.05925451 0.99824291
-0.05708077 0.99836956
-0.05490986 0.99849132
-0.05273943 0.99860831
-0.05056716 0.99872066
-0.04839073 0.99882848
-0.04620785 0.99893185
-0.04401620 0.99903082
-0.04181346 0.99912543
-0.03959729 0.99921572
-0.03736533 0.99930167
-0.03511516 0.99938327
-0.03284433 0.99946048
-0.03055034 0.99953323
-0.02823061 0.99960144
-0.02588251 0.99966499
-0.02350332 0.99972376
-0.02109021 0.99977758
-0.01864026 0.99982626
-0.01618589 0.99986900
-0.01376256 0.99990529
-0.01137187 0.99993534
-0.00901538 0.99995936
-0.00669465 0.99997759
-0.00441121 0.99999027
-0.00216656 0.99999765
0.00003783 1.00000000
0.00220050 0.99999758
0.00432004 0.99999067
0.00639508 0.99997955
0.00842427 0.99996452
0.01040633 0.99994585
0.01233999 0.99992386
0.01422404 0.99989883
0.01605733 0.99987107
0.01783875 0.99984088
0.01956724 0.99980854
0.02124180 0.99977437
0.02286148 0.99973864
0.02442540 0.99970166
0.02593271 0.99966369
0.02738266 0.99962502
0.02877452 0.99958593
0.03010767 0.99954666
0.03138150 0.99950748
0.03259550 0.99946863
0.03374922 0.99943033
0.03462384 0.99940042
0.03500197 0.99938724
0.03488535 0.99939132
0.03427568 0.99941242
0.03317460 0.99944957
0.03158372 0.99950111
0.02950464 0.99956464
0.02693894 0.99963708
0.02388821 0.99971464
0.02035410 0.99979283
0.01633833 0.99986652
0.01184272 0.99992987
0.00686926 0.99997641
0.00142013 0.99999899
-0.00450224 0.99998986
-0.01089513 0.99994065
-0.01775545 0.99984236
-0.02507971 0.99968545
-0.03286392 0.99945984
-0.04110358 0.99915489
-0.04979355 0.99875953
-0.05892804 0.99826223
-0.06850051 0.99765108
-0.07850362 0.99691383
-0.08892917 0.99603795
-0.09976802 0.99501072
-0.11101006 0.99381928
-0.12264412 0.99245071
-0.13471892 0.99088385
-0.14730344 0.98909135
-0.16041666 0.98704939
-0.17407811 0.98473185
-0.18830768 0.98211008
-0.20312548 0.97915271
-0.21855164 0.97582538
-0.23460600 0.97209054
-0.25130783 0.96790721
-0.26867544 0.96323076
-0.28672574 0.95801271
-0.30547367 0.95220052
-0.32493162 0.94573751
-0.34510866 0.93856274
-0.36600979 0.93061100
-0.38763491 0.92181299
-0.40997786 0.91209548
-0.43302524 0.90138179
-0.45675523 0.88959241
-0.48113627 0.87664582
-0.50612578 0.86245968
-0.53166891 0.84695228
-0.55769738 0.83004436
-0.58412849 0.81166120
-0.61086447 0.79173519
-0.63779216 0.77020852
-0.66478329 0.74703626
-0.69169531 0.72218945
-0.71769142 0.69636128
-0.74204853 0.67034616
-0.76479676 0.64427161
-0.78597995 0.61825199
-0.80565283 0.59238797
-0.82387846 0.56676652
-0.84072575 0.54146119
-0.85626740 0.51653280
-0.87057808 0.49203029
-0.88373285 0.46799172
-0.89580598 0.44444533
-0.90686992 0.42141066
-0.91699463 0.39889954
-0.92624697 0.37691716
-0.93469036 0.35546298
-0.94238454 0.33453157
-0.94938546 0.31411342
-0.95574525 0.29419555
-0.96151223 0.27476214
-0.96673104 0.25579504
-0.97144273 0.23727416
-0.97568493 0.21917784
-0.97949198 0.20148318
-0.98289512 0.18416619
-0.98592265 0.16720207
-0.98860007 0.15056527
-0.99095026 0.13422959
-0.99299358 0.11816827
-0.99473022 0.10252699
-0.99616568 0.08748675
-0.99732673 0.07307113
-0.99824016 0.05930085
-0.99893249 0.04619389
-0.99942978 0.03376570
-0.99975732 0.02202940
-0.99993954 0.01099595
-0.99999977 0.00067441
-0.99996015 -0.00892784
-0.99984148 -0.01780495
-0.99966318 -0.02595228
-0.99944319 -0.03336631
-0.99919790 -0.04004438
-0.99894215 -0.04598453
-0.99868917 -0.05118534
-0.99845057 -0.05564582
-0.99823633 -0.05936523
-0.99805478 -0.06234299
-0.99791262 -0.06457860
-0.99781489 -0.06607156
-0.99776496 -0.06682130
-0.99776457 -0.06682715
-0.99781378 -0.06608835
-0.99791098 -0.06460399
-0.99805290 -0.06237308
-0.99823458 -0.05939458
-0.99844937 -0.05566741
-0.99866696 -0.05161696
-0.99886315 -0.04766973
-0.99903917 -0.04382632
-0.99919618 -0.04008731
-0.99933536 -0.03645323
-0.99945784 -0.03292456
-0.99956473 -0.02950175
-0.99965711 -0.02618521
-0.99973603 -0.02297530
-0.99980252 -0.01987237
-0.99985758 -0.01687672
-0.99990215 -0.01398861
-0.99993719 -0.01120828
-0.99996357 -0.00853594
-0.99998217 -0.00597178
-0.99999382 -0.00351594
-0.99999932 -0.00116855
-0.99999943 0.00107028
-0.99999488 0.00320047
-0.99998637 0.00522196
-0.99997455 0.00713472
-0.99996005 0.00893872
-0.99994346 0.01063397
-0.99992533 0.01222047
-0.99990617 0.01369827
-0.99988648 0.01506742
-0.99986669 0.01632797
-0.99984721 0.01748001
-0.99982842 0.01852363
-0.99981066 0.01945893
-0.99979422 0.02028603
-0.99977937 0.02100505
-0.99976634 0.02161615
-0.99975533 0.02211946
-0.99974650 0.02251515
-0.99973997 0.02280339
-0.99973582 0.02298436
-0.99973412 0.02305825
-0.99973488 0.02302525
-0.99973809 0.02288559
-0.99974369 0.02263947
-0.99975161 0.02228712
-0.99976172 0.02182878
-0.99977388 0.02126469
-0.99978790 0.02059512
-0.99980356 0.01982032
-0.99982061 0.01894058
-0.99983877 0.01795617
-0.99985774 0.01686740
-0.99987715 0.01567457
-0.99989663 0.01437800
-0.99991578 0.01297802
-0.99993416 0.01147498
-0.99995130 0.00986923
-0.99996670 0.00816114
-0.99997983 0.00635111
-0.99999209 0.00397701
-0.99999983 0.00057511
-0.99999256 -0.00385874
-0.99995646 -0.00933143
-0.99987434 -0.01585237
-0.99972540 -0.02343331
-0.99948505 -0.03208805
-0.99912466 -0.04183208
-0.99861132 -0.05268228
-0.99790759 -0.06465635
-0.99697115 -0.07777231
-0.99575459 -0.09204782
-0.99420515 -0.10749939
-0.99226453 -0.12414146
-0.98986876 -0.14198537
-0.98694818 -0.16103815
-0.98342762 -0.18130116
-0.97922667 -0.20276865
-0.97426026 -0.22542613
-0.96843951 -0.24924870
-0.96167286 -0.27419939
-0.95386764 -0.30022745
-0.94493196 -0.32726684
-0.93477703 -0.35523499
-0.92331983 -0.38403188
-0.91048612 -0.41353963
-0.89621360 -0.44362279
-0.88045519 -0.47412936
-0.86362503 -0.50413471
-0.84621477 -0.53284197
-0.82830008 -0.56028473
-0.80994757 -0.58650229
-0.79121492 -0.61153818
-0.77215126 -0.63543877
-0.75279761 -0.65825205
-0.73318736 -0.68002669
-0.71334684 -0.70081116
-0.69329587 -0.72065306
-0.67304827 -0.73959855
-0.65261242 -0.75769191
-0.63199173 -0.77497513
-0.61118509 -0.79148771
-0.59018731 -0.80726634
-0.56898949 -0.82234479
-0.54757939 -0.83675374
-0.52594168 -0.85052063
-0.50405831 -0.86366962
-0.48190870 -0.87622144
-0.45947000 -0.88819329
-0.43671732 -0.89959879
-0.41362393 -0.91044783
-0.39016149 -0.92074644
-0.36630025 -0.93049671
-0.34200925 -0.93969658
-0.31725663 -0.94833972
-0.29245661 -0.95627879
-0.26808943 -0.96339403
-0.24421680 -0.96972066
-0.22089364 -0.97529790
-0.19816803 -0.98016806
-0.17608130 -0.98437563
-0.15466823 -0.98796647
-0.13395738 -0.99098709
-0.11397148 -0.99348402
-0.09472788 -0.99550320
-0.07623905 -0.99708957
-0.05851310 -0.99828664
-0.04155429 -0.99913625
-0.02536352 -0.99967829
-0.00993886 -0.99995061
0.00472402 -0.99998884
0.01863141 -0.99982642
0.03179116 -0.99949453
0.04421228 -0.99902216
0.05590468 -0.99843611
0.06687879 -0.99776111
0.07714535 -0.99701986
0.08671519 -0.99623314
0.09559894 -0.99541993
0.10380694 -0.99459747
0.11134903 -0.99378136
0.11823444 -0.99298571
0.12447164 -0.99222317
0.12743074 -0.99184747
0.12445787 -0.99222489
0.11539082 -0.99332017
0.09988107 -0.99499938
0.07738277 -0.99700146
0.04714358 -0.99888812
0.00820744 -0.99996632
-0.04055166 -0.99917744
-0.10032991 -0.99495423
-0.17217307 -0.98506671
-0.25656728 -0.96652637
-0.35280270 -0.93569774
-0.45821013 -0.88884390
-0.56765215 -0.82326851
-0.66750863 -0.74460206
-0.74861728 -0.66300239
-0.81239010 -0.58311433
-0.86143738 -0.50786381
-0.89863714 -0.43869271
-0.92661590 -0.37600928
-0.94755059 -0.31960582
-0.96315139 -0.26895986
-0.97472179 -0.22342209
-0.98323898 -0.18232142
-0.98942914 -0.14501719
-0.99382931 -0.11092029
-0.99683509 -0.07949713
-0.99873594 -0.05026449
-0.99973048 -0.02321566
-0.99999918 0.00128441
-0.99973193 0.02315294
-0.99910353 0.04233354
-0.99827038 0.05878994
-0.99736841 0.07250004
-0.99651193 0.08345045
-0.99579295 0.09163193
-0.99528092 0.09703554
-0.99502257 0.09964982
-0.99504169 0.09945874
-0.99533873 0.09644071
-0.99589023 0.09056850
-0.99664793 0.08181020
-0.99741226 0.07189426
-0.99803989 0.06258102
-0.99854726 0.05388286
-0.99895013 0.04581081
-0.99926342 0.03837464
-0.99950113 0.03158300
-0.99967626 0.02544347
-0.99980073 0.01996272
-0.99988528 0.01514661
-0.99993950 0.01100023
-0.99997166 0.00752807
-0.99998879 0.00473400
-0.99999656 0.00262141
-0.99999929 0.00119321
-0.99999999 0.00011186
-0.99999954 -0.00096172
-0.99999795 -0.00202720
-0.99999524 -0.00308426
-0.99999146 -0.00413260
-0.99998663 -0.00517189
-0.99998077 -0.00620185
-0.99997392 -0.00722216
-0.99996611 -0.00823253
-0.99995738 -0.00923268
-0.99994775 -0.01022232
-0.99993726 -0.01120116
-0.99992596 -0.01216895
-0.99991386 -0.01312541
-0.99990101 -0.01407029
-0.99988744 -0.01500334
-0.99987320 -0.01592431
-0.99985832 -0.01683296
-0.99984283 -0.01772907
-0.99982677 -0.01861242
-0.99981019 -0.01948279
-0.99979312 -0.02033998
-0.99977560 -0.02118378
-0.99975766 -0.02201402
-0.99973935 -0.02283052
-0.99972070 -0.02363309
-0.99970175 -0.02442158
-0.99968253 -0.02519584
-0.99966438 -0.02590618
-0.99964872 -0.02650349
-0.99963575 -0.02698845
-0.99962560 -0.02736165
-0.99961839 -0.02762365
-0.99961420 -0.02777492
-0.99961306 -0.02781587
-0.99961498 -0.02774686
-0.99961993 -0.02756819
-0.99962783 -0.02728010
-0.99963859 -0.02688275
-0.99965209 -0.02637627
-0.99966814 -0.02576072
-0.99968655 -0.02503609
-0.99970708 -0.02420233
-0.99972947 -0.02325934
-0.99975340 -0.02220693
-0.99977853 -0.02104488
-0.99980450 -0.01977292
-0.99983088 -0.01839070
-0.99985722 -0.01689784
-0.99988304 -0.01529388
-0.99990781 -0.01357834
-0.99993096 -0.01175065
-0.99995188 -0.00981022
-0.99996992 -0.00775638
-0.99998438 -0.00558842
-0.99999454 -0.00330557
-0.99999931 -0.00117333
-0.99999985 0.00054191
-0.99999831 0.00183941
-0.99999631 0.00271826
-0.99999495 0.00317730
-0.99999483 0.00321518
-0.99999599 0.00283031
-0.99999796 0.00202087
-0.99999969 0.00078482
-0.99999961 -0.00088013
-0.99999557 -0.00297647
-0.99998484 -0.00550690
-0.99996409 -0.00847433
-0.99992941 -0.01188185
-0.99988864 -0.01492338
-0.99985910 -0.01678652
-0.99984749 -0.01746441
-0.99985635 -0.01694933
-0.99988398 -0.01523265
-0.99992429 -0.01230485
-0.99996674 -0.00815561
-0.99999615 -0.00277396
-0.99999258 0.00385143
-0.99993118 0.01173188
-0.99978202 0.02087829
-0.99951002 0.03130052
-0.99907478 0.04300672
-0.99843062 0.05600258
-0.99756776 0.06970341
-0.99650652 0.08351497
-0.99524279 0.09742579
-0.99377296 0.11142395
-0.99209398 0.12549712
-0.99020338 0.13963260
-0.98809929 0.15381738
-0.98578049 0.16803818
-0.98324638 0.18228151
-0.98049706 0.19653373
-0.97753328 0.21078113
-0.97435646 0.22500996
-0.97096872 0.23920650
-0.96737281 0.25335714
-0.96357217 0.26744843
-0.95957086 0.28146715
-0.95537356 0.29540035
-0.95098552 0.30923543
-0.94641256 0.32296016
-0.94166103 0.33656278
-0.93673775 0.35003199
-0.93164997 0.36335704
-0.92640535 0.37652773
-0.92101189 0.38953446
-0.91547791 0.40236824
-0.90981195 0.41502073
-0.90402280 0.42748425
-0.89811935 0.43975178
-0.89232718 0.45138920
-0.88688264 0.46199478
-0.88180787 0.47160882
-0.87712124 0.48026901
-0.87283795 0.48801016
-0.86897038 0.49486410
-0.86552859 0.50085952
-0.86252059 0.50602196
-0.85995269 0.51037375
-0.85782974 0.51393399
-0.85615531 0.51671857
-0.85493193 0.51874020
-0.85416116 0.52000838
-0.85384371 0.52052945
-0.85397952 0.52030662
-0.85456774 0.51933995
-0.85560676 0.51762638
-0.85709417 0.51515977
-0.85902666 0.51193085
-0.86139995 0.50792729
-0.86420861 0.50313366
-0.86744591 0.49753150
-0.87110359 0.49109931
-0.87517161 0.48381262
-0.87963783 0.47564407
-0.88448770 0.46656350
-0.88970386 0.45653811
-0.89506147 0.44594277
-0.90034528 0.43517627
-0.90554980 0.42423998
-0.91066951 0.41313562
-0.91569886 0.40186514
-0.92063225 0.39043086
-0.92546408 0.37883536
-0.93018876 0.36708157
-0.93480070 0.35517272
-0.93929436 0.34311238
-0.94366427 0.33090443
-0.94790502 0.31855310
-0.95201129 0.30606292
-0.95597788 0.29343875
-0.95979972 0.28068578
-0.96347189 0.26780948
-0.96698965 0.25481565
-0.97034844 0.24171038
-0.97354390 0.22850003
-0.97657193 0.21519125
-0.97942862 0.20179093
-0.98211037 0.18830619
-0.98461383 0.17474441
-0.98693595 0.16111313
-0.98907397 0.14742010
-0.99102546 0.13367322
-0.99278832 0.11988054
-0.99436077 0.10605022
-0.99570772 0.09255339
-0.99681381 0.07976361
-0.99770635 0.06769082
-0.99841150 0.05634249
-0.99895411 0.04572393
-0.99935759 0.03583856
-0.99964381 0.02668813
-0.99983303 0.01827301
-0.99994390 0.01059238
-0.99999336 0.00364447
-0.99999669 -0.00257328
-0.99996749 -0.00806402
-0.99991767 -0.01283134
-0.99985754 -0.01687915
-0.99979573 -0.02021155
-0.99973930 -0.02283276
-0.99969375 -0.02474700
-0.99966302 -0.02595848
-0.99964957 -0.02647134
-0.99965437 -0.02628960
-0.99967693 -0.02541718
-0.99971536 -0.02385790
-0.99976636 -0.02161551
-0.99982526 -0.01869369
-0.99988605 -0.01509613
-0.99994139 -0.01082656
-0.99998266 -0.00588889
-0.99999996 -0.00028719
-0.99998561 0.00536425
-0.99994532 0.01045693
-0.99988757 0.01499517
-0.99981980 0.01898312
-0.99974853 0.02242470
-0.99967931 0.02532356
-0.99961675 0.02768305
-0.99956460 0.02950620
-0.99952570 0.03079563
-0.99950206 0.03155363
-0.99949482 0.03178206
-0.99950431 0.03148239
-0.99953000 0.03065570
-0.99957058 0.02930267
-0.99962390 0.02742362
-0.99968699 0.02501847
-0.99975606 0.02208683
-0.99982648 0.01862802
-0.99989281 0.01464104
-0.99994874 0.01012471
-0.99998711 0.00507765
-0.99999987 -0.00050164
-0.99997812 -0.00661473
-0.99991204 -0.01326316
-0.99979091 -0.02044840
-0.99960310 -0.02817172
-0.99933606 -0.03643415
-0.99897631 -0.04523634
-0.99853958 -0.05402499
-0.99806074 -0.06224753
-0.99755362 -0.06990541
-0.99703107 -0.07700026
-0.99650495 -0.08353369
-0.99598617 -0.08950726
-0.99548468 -0.09492233
-0.99500952 -0.09978002
-0.99456881 -0.10408111
-0.99416978 -0.10782598
-0.99381878 -0.11101454
-0.99352129 -0.11364618
-0.99328191 -0.11571971
-0.99310440 -0.11723333
-0.99313762 -0.11695156
-0.99352389 -0.11362343
-0.99423590 -0.10721464
-0.99521785 -0.09768030
-0.99638374 -0.08496731
-0.99761539 -0.06901831
-0.99876034 -0.04977732
-0.99963009 -0.02719728
-0.99999922 -0.00124970
-0.99960614 0.02806364
-0.99815622 0.06069729
-0.99532837 0.09654759
-0.99078578 0.13543831
-0.98419140 0.17710813
-0.97563459 0.21940179
-0.96549761 0.26041193
-0.95388009 0.30018789
-0.94086311 0.33878697
-0.92650963 0.37627106
-0.91086526 0.41270386
-0.89395918 0.44814840
-0.87580509 0.48266493
-0.85640231 0.51630910
-0.83573679 0.54913024
-0.81378227 0.58116987
-0.79050142 0.61246021
-0.76584706 0.64302277
-0.73976355 0.67286691
-0.71416543 0.69997696
-0.69133354 0.72253577
-0.67166420 0.74085572
-0.65544610 0.75524195
-0.64288087 0.76596618
-0.63410259 0.77324893
-0.62919393 0.77724835
-0.62819784 0.77805365
-0.63112413 0.77568185
-0.63795076 0.77007716
-0.64861982 0.76111256
-0.66302825 0.74859438
-0.68101363 0.73227074
-0.70233584 0.71184575
-0.72494650 0.68880518
-0.74697469 0.66485247
-0.76837485 0.64000007
-0.78910027 0.61426441
-0.80910347 0.58766621
-0.82833659 0.56023075
-0.84675183 0.53198811
-0.86430196 0.50297328
-0.88094087 0.47322636
-0.89662413 0.44279246
-0.91130961 0.41172174
-0.92495806 0.38006919
-0.93753374 0.34789436
-0.94900498 0.31526108
-0.95926962 0.28249211
-0.96829808 0.24979756
-0.97615561 0.21707195
-0.98288758 0.18420641
-0.98852011 0.15108938
-0.99306017 0.11760739
-0.99649556 0.08364566
-0.99879441 0.04908895
-0.99990446 0.01382251
-0.99975207 -0.02226658
-0.99824095 -0.05928754
-0.99525085 -0.09734347
-0.99063620 -0.13652810
-0.98422497 -0.17692149
-0.97602645 -0.21765196
-0.96622406 -0.25770345
-0.95489718 -0.29693664
-0.94213711 -0.33522780
-0.92804420 -0.37247007
-0.91272508 -0.40857425
-0.89628980 -0.44346883
-0.87884925 -0.47709957
-0.86051290 -0.50942865
-0.84138678 -0.54043342
-0.82157187 -0.57010496
-0.80116284 -0.59844641
-0.78024714 -0.62547134
-0.75890441 -0.65120204
-0.73720613 -0.67566791
-0.71521555 -0.69890393
-0.69298782 -0.72094929
-0.67057018 -0.74184610
-0.64800237 -0.76163832
-0.62531704 -0.78037081
-0.60254024 -0.79808850
-0.57969193 -0.81483573
-0.55678648 -0.83065565
-0.53383319 -0.84558981
-0.51083676 -0.85967773
-0.48779775 -0.87295667
-0.46471302 -0.88546135
-0.44157611 -0.89722380
-0.41837762 -0.90827318
-0.39510555 -0.91863573
-0.37174558 -0.92833465
-0.34828138 -0.93739004
-0.32469486 -0.94581883
-0.30096638 -0.95363475
-0.27707504 -0.96084828
-0.25299883 -0.96746658
-0.22871489 -0.97349345
-0.20419970 -0.97892925
-0.17942928 -0.98377088
-0.15437946 -0.98801163
-0.12902611 -0.99164120
-0.10334539 -0.99464553
-0.07731404 -0.99700679
-0.05090975 -0.99870326
-0.02411148 -0.99970928
0.00310011 -0.99999519
0.03074219 -0.99952735
0.05882925 -0.99826806
0.08737254 -0.99617571
0.11637943 -0.99320483
0.14585271 -0.98930632
0.17578986 -0.98442771
0.20618229 -0.97851360
0.23701444 -0.97150613
0.26826306 -0.96334570
0.29941961 -0.95412153
0.32996410 -0.94399348
0.35985438 -0.93300848
0.38905456 -0.92121472
0.41753478 -0.90866094
0.44527107 -0.89539582
0.47224500 -0.88146733
0.49844330 -0.86692230
0.52385750 -0.85180592
0.54848346 -0.83616141
0.57232091 -0.82002974
0.59537300 -0.80344943
0.61764588 -0.78645634
0.63914817 -0.76908362
0.65989063 -0.75136166
0.67988572 -0.73331808
0.69914722 -0.71497773
0.71768991 -0.69636283
0.73552924 -0.67749298
0.75268106 -0.65838531
0.76916137 -0.63905461
0.78498607 -0.61951341
0.80017080 -0.59977221
0.81473071 -0.57983952
0.82868037 -0.55972211
0.84203360 -0.53942508
0.85480335 -0.51895206
0.86700162 -0.49830532
0.87890186 -0.47700265
0.89075448 -0.45448482
0.90252693 -0.43063342
0.91417283 -0.40532462
0.92562993 -0.37842995
0.93681782 -0.34981763
0.94763531 -0.31935454
0.95795777 -0.28690923
0.96763447 -0.25235596
0.97648617 -0.21558005
0.98430337 -0.17648478
0.99084563 -0.13499978
0.99584258 -0.09109096
0.99899724 -0.04477179
0.99999747 0.00225134
0.99883742 0.04820595
0.99566954 0.09296326
0.99064994 0.13642835
0.98393309 0.17853760
0.97566750 0.21925542
0.96599238 0.25857055
0.95503523 0.29649235
0.94291020 0.33304706
0.92971714 0.36827441
0.91554112 0.40222438
0.90045242 0.43495452
0.88450673 0.46652743
0.86774556 0.49700870
0.85029132 0.52631233
0.83232189 0.55429258
0.81394791 0.58093786
0.79527387 0.60625033
0.77639700 0.63024416
0.75740640 0.65294375
0.73838265 0.67438199
0.71939758 0.69459853
0.70051438 0.71363829
0.68178784 0.73154996
0.66326477 0.74838483
0.64498449 0.76419566
0.62697944 0.77903581
0.60927572 0.79295844
0.59189378 0.80601598
0.57484896 0.81825954
0.55815212 0.82973864
0.54181014 0.84050090
0.52582647 0.85059187
0.51020156 0.86005486
0.49493330 0.86893097
0.48001736 0.87725899
0.46544757 0.88507545
0.45121617 0.89241468
0.43731405 0.89930886
0.42373100 0.90578808
0.41045586 0.91188047
0.39747670 0.91761227
0.38360104 0.92349891
0.36756306 0.92999860
0.34922506 0.93703888
0.32843005 0.94452830
0.30500364 0.95235119
0.27875716 0.96036162
0.24949277 0.96837666
0.21701090 0.97616918
0.18112115 0.98346079
0.14165708 0.98991579
0.09849559 0.99513749
0.05158093 0.99866882
0.00095259 0.99999955
-0.05322513 0.99858254
-0.10838555 0.99410893
-0.16186114 0.98681354
-0.21328454 0.97699013
-0.26237179 0.96496686
-0.30892280 0.95108712
-0.35281630 0.93569261
-0.39400119 0.91910993
-0.43248556 0.90164086
-0.46832503 0.88355626
-0.50161137 0.86509308
-0.53246218 0.84645379
-0.56101193 0.82780772
-0.58740464 0.80929339
-0.61178811 0.79102168
-0.63346443 0.77377181
-0.65185689 0.75834200
-0.66726607 0.74481943
-0.67995109 0.73325747
-0.69012832 0.72368702
-0.69797164 0.71612540
-0.70361339 0.71058300
-0.70714538 0.70706818
-0.70861964 0.70559068
-0.70804861 0.70616370
-0.70540464 0.70880483
-0.70061873 0.71353584
-0.69357834 0.72038121
-0.68412458 0.72936517
-0.67272950 0.73988852
-0.65993816 0.75131992
-0.64566150 0.76362375
-0.62980790 0.77675093
-0.61228526 0.79063693
-0.59300354 0.80519985
-0.57187811 0.82033861
-0.54883371 0.83593155
-0.52380911 0.85183567
-0.49676229 0.86788664
-0.46767600 0.88389997
-0.43656337 0.89967351
-0.40347311 0.91499150
-0.36849383 0.92963020
-0.33312206 0.94288371
-0.29890305 0.95428348
-0.26600299 0.96397220
-0.23455260 0.97210343
-0.20464947 0.97883532
-0.17636137 0.98432549
-0.14973013 0.98872690
-0.12477567 0.99218498
-0.10150011 0.99483553
-0.07989144 0.99680357
-0.05992707 0.99820276
-0.04157673 0.99913531
-0.02480518 0.99969230
-0.00957432 0.99995417
0.00415497 0.99999137
0.01642138 0.99986516
0.02726195 0.99962832
0.03671116 0.99932592
0.04480023 0.99899597
0.05155647 0.99867008
0.05700293 0.99837401
0.06115800 0.99812810
0.06403521 0.99794764
0.06564301 0.99784317
0.06598463 0.99782064
0.06505801 0.99788148
0.06285574 0.99802262
0.05936499 0.99823634
0.05526852 0.99847153
0.05126177 0.99868525
0.04734689 0.99887851
0.04352598 0.99905230
0.03980106 0.99920762
0.03617412 0.99934550
0.03264709 0.99946694
0.02922182 0.99957295
0.02590010 0.99966454
0.02268367 0.99974269
0.01957420 0.99980841
0.01657330 0.99986265
0.01368250 0.99990639
0.01090327 0.99994056
0.00823702 0.99996608
0.00568509 0.99998384
0.00324876 0.99999472
0.00092922 0.99999957
-0.00127239 0.99999919
-0.00335499 0.99999437
-0.00531759 0.99998586
-0.00715926 0.99997437
-0.00887913 0.99996058
-0.01047639 0.99994512
-0.01195033 0.99992859
-0.01330028 0.99991155
-0.01452565 0.99989450
-0.01562590 0.99987791
-0.01660057 0.99986220
-0.01744927 0.99984775
-0.01817168 0.99983488
-0.01876753 0.99982387
-0.01923662 0.99981496
-0.01957882 0.99980832
-0.01979407 0.99980408
-0.01988237 0.99980233
-0.01984379 0.99980309
-0.01967845 0.99980636
-0.01938655 0.99981206
-0.01896835 0.99982008
-0.01842418 0.99983026
-0.01775442 0.99984238
-0.01695952 0.99985618
-0.01604000 0.99987135
-0.01499645 0.99988755
-0.01382950 0.99990437
-0.01253986 0.99992137
-0.01112830 0.99993808
-0.00959566 0.99995396
-0.00794283 0.99996846
-0.00617077 0.99998096
-0.00428050 0.99999084
-0.00227311 0.99999742
-0.00014974 0.99999999
0.00208840 0.99999782
0.00429024 0.99999080
0.00630666 0.99998011
0.00813930 0.99996688
0.00978967 0.99995208
0.01125913 0.99993661
0.01254897 0.99992126
0.01366031 0.99990669
0.01459419 0.99989350
0.01535150 0.99988216
0.01593303 0.99987306
0.01633944 0.99986650
0.01657128 0.99986269
0.01662897 0.99986173
0.01651283 0.99986365
0.01622304 0.99986840
0.01575969 0.99987581
0.01512273 0.99988564
0.01431201 0.99989758
0.01332726 0.99991119
0.01216810 0.99992597
0.01083402 0.99994131
0.00932444 0.99995653
0.00763862 0.99997083
0.00577574 0.99998332
0.00373487 0.99999303
0.00151497 0.99999885
-0.00088513 0.99999961
-0.00346665 0.99999399
-0.00638472 0.99997962
-0.00979527 0.99995203
-0.01370106 0.99990614
-0.01810506 0.99983609
-0.02301035 0.99973523
-0.02842017 0.99959607
-0.03433779 0.99941028
-0.04076649 0.99916870
-0.04770945 0.99886126
-0.05516973 0.99847699
-0.06315016 0.99800404
-0.07165323 0.99742960
-0.08068102 0.99673997
-0.09023505 0.99592050
-0.10031622 0.99495560
-0.11092463 0.99382882
-0.12205945 0.99252279
-0.13371880 0.99101931
-0.14589961 0.98929940
-0.15859742 0.98734333
-0.17180625 0.98513076
-0.18551846 0.98264078
-0.19972455 0.97985208
-0.21441307 0.97674308
-0.22957041 0.97329206
-0.24518070 0.96947740
-0.26122571 0.96527775
-0.27768473 0.96067226
-0.29432602 0.95570508
-0.31093184 0.95043221
-0.32750036 0.94485105
-0.34402946 0.93895886
-0.36051665 0.93275278
-0.37695911 0.92622990
-0.39335365 0.91938724
-0.40969671 0.91222180
-0.42598430 0.90473055
-0.44221206 0.89691053
-0.45837517 0.88875880
-0.47446842 0.88027252
-0.49048613 0.87144900
-0.50642219 0.86228566
-0.52227005 0.85278016
-0.53802268 0.84293036
-0.55367263 0.83273442
-0.56921200 0.82219079
-0.58463245 0.81129828
-0.59992521 0.80005609
-0.61508111 0.78846384
-0.63009057 0.77652165
-0.64494364 0.76423013
-0.65963004 0.75159046
-0.67413913 0.73860438
-0.68846002 0.72527429
-0.70258155 0.71160324
-0.71649235 0.69759495
-0.73006101 0.68338197
-0.74317741 0.66909442
-0.75586129 0.65473178
-0.76813147 0.64029216
-0.78000575 0.62577234
-0.79150096 0.61116792
-0.80263287 0.59647336
-0.81341624 0.58168206
-0.82386474 0.56678645
-0.83399102 0.55177802
-0.84380662 0.53664737
-0.85332200 0.52138428
-0.86254654 0.50597773
-0.87148850 0.49041594
-0.88015499 0.47468642
-0.88855199 0.45877594
-0.89668429 0.44267064
-0.90455546 0.42635599
-0.91216783 0.40981684
-0.91952246 0.39303746
-0.92661904 0.37600155
-0.93345587 0.35869225
-0.94002983 0.34109225
-0.94633623 0.32318374
-0.95236883 0.30494854
-0.95811968 0.28636809
-0.96357907 0.26742360
-0.96873544 0.24809605
-0.97347330 0.22880066
-0.97770224 0.20999602
-0.98144867 0.19172506
-0.98474094 0.17402666
-0.98760885 0.15693556
-0.99008317 0.14048246
-0.99219523 0.12469415
-0.99397648 0.10959361
-0.99545814 0.09520031
-0.99667085 0.08153042
-0.99764445 0.06859708
-0.99840765 0.05641070
-0.99898792 0.04497924
-0.99941129 0.03430852
-0.99970221 0.02440251
-0.99988350 0.01526357
-0.99997624 0.00689275
-0.99999975 -0.00070998
-0.99997153 -0.00754551
-0.99990731 -0.01361538
-0.99982097 -0.01892160
-0.99972462 -0.02346649
-0.99962858 -0.02725254
-0.99954139 -0.03028228
-0.99946984 -0.03255821
-0.99941902 -0.03408270
-0.99939228 -0.03485795
-0.99939130 -0.03488592
-0.99940152 -0.03459193
-0.99940815 -0.03439991
-0.99941125 -0.03430963
-0.99941087 -0.03432087
-0.99940699 -0.03443341
-0.99939961 -0.03464702
-0.99938866 -0.03496151
-0.99937405 -0.03537666
-0.99935566 -0.03589229
-0.99933335 -0.03650818
-0.99930694 -0.03722415
-0.99927622 -0.03804002
-0.99924094 -0.03895560
-0.99920085 -0.03997070
-0.99915565 -0.04108515
-0.99910501 -0.04229878
-0.99904857 -0.04361141
-0.99898596 -0.04502286
-0.99891675 -0.04653297
-0.99884052 -0.04814157
-0.99875679 -0.04984848
-0.99866507 -0.05165352
-0.99856482 -0.05355652
-0.99845550 -0.05555731
-0.99833653 -0.05765569
-0.99820729 -0.05985149
-0.99806716 -0.06214450
-0.99791547 -0.06453453
-0.99772808 -0.06736971
-0.99747638 -0.07099916
-0.99715147 -0.07542507
-0.99674243 -0.08065062
-0.99623621 -0.08667994
-0.99561760 -0.09351791
-0.99486915 -0.10117002
-0.99397112 -0.10964217
-0.99290139 -0.11894043
-0.99163538 -0.12907080
-0.99014601 -0.14003888
-0.98840362 -0.15184957
-0.98637597 -0.16450668
-0.98402822 -0.17801252
-0.98132298 -0.19236740
-0.97822034 -0.20756920
-0.97467807 -0.22361275
-0.97065179 -0.24048931
-0.96609524 -0.25818595
-0.96096069 -0.27668493
-0.95519937 -0.29596310
-0.94876209 -0.31599131
-0.94159988 -0.33673382
-0.93366487 -0.35814788
-0.92491116 -0.38018331
-0.91529582 -0.40278227
-0.90478006 -0.42587913
-0.89333031 -0.44940067
-0.88122303 -0.47270071
-0.86877952 -0.49519909
-0.85603508 -0.51691773
-0.84302112 -0.53788046
-0.82976525 -0.55811256
-0.81629145 -0.57764026
-0.80262020 -0.59649042
-0.78876866 -0.61469017
-0.77475087 -0.63226663
-0.76057789 -0.64924669
-0.74625803 -0.66565679
-0.73179696 -0.68152272
-0.71719792 -0.69686954
-0.70246183 -0.71172142
-0.68758748 -0.72610155
-0.67257158 -0.74003208
-0.65740894 -0.75353400
-0.64209253 -0.76662715
-0.62661358 -0.77933011
-0.61096164 -0.79166020
-0.59512467 -0.80363339
-0.57908904 -0.81526430
-0.56283962 -0.82656613
-0.54635979 -0.83755058
-0.52963146 -0.84822787
-0.51263511 -0.85860657
-0.49534974 -0.86869363
-0.47792355 -0.87840144
-0.46054097 -0.88763845
-0.44323371 -0.89640609
-0.42603236 -0.90470793
-0.40896626 -0.91254951
-0.39206334 -0.91993823
-0.37534999 -0.92688316
-0.35885099 -0.93339486
-0.34258939 -0.93948524
-0.32658654 -0.94516730
-0.31086200 -0.95045506
-0.29543357 -0.95536329
-0.28031731 -0.95990739
-0.26552760 -0.96410326
-0.25107715 -0.96796708
-0.23697707 -0.97151524
-0.22323699 -0.97476420
-0.20986510 -0.97773035
-0.19686823 -0.98042996
-0.18425200 -0.98287904
-0.17202085 -0.98509331
-0.16017817 -0.98708812
-0.14872639 -0.98887839
-0.13766707 -0.99047856
-0.12700101 -0.99190259
-0.11672829 -0.99316389
-0.10684842 -0.99427532
-0.09736037 -0.99524919
-0.08826267 -0.99609724
-0.07955346 -0.99683060
-0.07123059 -0.99745988
-0.06329167 -0.99799507
-0.05573410 -0.99844565
-0.04855518 -0.99882050
-0.04175211 -0.99912800
-0.03532204 -0.99937598
-0.02926215 -0.99957177
-0.02356965 -0.99972220
-0.01824183 -0.99983360
-0.01327609 -0.99991187
-0.00866997 -0.99996242
-0.00442117 -0.99999023
-0.00052758 -0.99999986
0.00301269 -0.99999546
0.00620131 -0.99998077
0.00903971 -0.99995914
0.01152905 -0.99993354
0.01367021 -0.99990656
0.01546378 -0.99988043
0.01691007 -0.99985701
0.01800905 -0.99983782
0.01876039 -0.99982401
0.01916343 -0.99981636
0.01921717 -0.99981533
0.01892027 -0.99982100
0.01827105 -0.99983307
0.01745305 -0.99984768
0.01665125 -0.99986136
0.01586587 -0.99987413
0.01509711 -0.99988603
0.01434520 -0.99989710
0.01361033 -0.99990738
0.01289270 -0.99991689
0.01219251 -0.99992567
0.01150995 -0.99993376
0.01084520 -0.99994119
0.01019844 -0.99994799
0.00956984 -0.99995421
0.00895957 -0.99995986
0.00836779 -0.99996499
0.00779466 -0.99996962
0.00724032 -0.99997379
0.00670493 -0.99997752
0.00618861 -0.99998085
0.00569150 -0.99998380
0.00521373 -0.99998641
0.00475540 -0.99998869
0.00431664 -0.99999068
0.00389754 -0.99999240
0.00349821 -0.99999388
0.00311873 -0.99999514
0.00275919 -0.99999619
0.00241968 -0.99999707
0.00210025 -0.99999779
0.00180097 -0.99999838
0.00152190 -0.99999884
0.00126309 -0.99999920
0.00102457 -0.99999948
0.00080640 -0.99999967
0.00060859 -0.99999981
0.00043116 -0.99999991
0.00027413 -0.99999996
0.00013751 -0.99999999
0.00002129 -1.00000000
-0.00007453 -1.00000000
-0.00014997 -0.99999999
-0.00020504 -0.99999998
-0.00023978 -0.99999997
-0.00025422 -0.99999997
-0.00024841 -0.99999997
-0.00022239 -0.99999998
-0.00017622 -0.99999998
-0.00010996 -0.99999999
-0.00002368 -1.00000000
0.00008254 -1.00000000
0.00020862 -0.99999998
0.00035447 -0.99999994
0.00052000 -0.99999986
0.00070510 -0.99999975
0.00090967 -0.99999959
0.00113359 -0.99999936
0.00137674 -0.99999905
0.00162078 -0.99999869
0.00184755 -0.99999829
0.00205719 -0.99999788
0.00224983 -0.99999747
0.00242558 -0.99999706
0.00258455 -0.99999666
0.00272683 -0.99999628
0.00285251 -0.99999593
0.00296165 -0.99999561
0.00305433 -0.99999534
0.00313060 -0.99999510
0.00319050 -0.99999491
0.00323406 -0.99999477
0.00326132 -0.99999468
0.00327228 -0.99999465
0.00326695 -0.99999466
0.00324532 -0.99999473
0.00320738 -0.99999486
0.00315310 -0.99999503
0.00308245 -0.99999525
0.00299538 -0.99999551
0.00289185 -0.99999582
0.00277177 -0.99999616
0.00263509 -0.99999653
0.00248171 -0.99999692
0.00231154 -0.99999733
0.00212446 -0.99999774
0.00192038 -0.99999816
0.00213266 -0.99999773
0.00319728 -0.99999489
0.00511836 -0.99998690
0.00790053 -0.99996879
0.01154882 -0.99993331
0.01606863 -0.99987089
0.02146559 -0.99976959
0.02774539 -0.99961502
0.03491365 -0.99939033
0.04297561 -0.99907612
0.05193597 -0.99865042
0.06179853 -0.99808864
0.07256587 -0.99736362
0.08423895 -0.99644558
0.09681675 -0.99530222
0.11029577 -0.99389881
0.12466955 -0.99219832
0.13992821 -0.99016165
0.15605789 -0.98774791
0.17304024 -0.98491476
0.19085193 -0.98161884
0.20946414 -0.97781633
0.22884219 -0.97346354
0.24894513 -0.96851759
0.26972552 -0.96293725
0.29112932 -0.95668371
0.31309586 -0.94972153
0.33555804 -0.94201953
0.35795405 -0.93373920
0.37978528 -0.92507467
0.40107515 -0.91604516
0.42184715 -0.90666696
0.44212473 -0.89695358
0.46193100 -0.88691587
0.48128864 -0.87656217
0.50021976 -0.86589849
0.51874575 -0.85492856
0.53688719 -0.84365405
0.55466378 -0.83207457
0.57209426 -0.82018788
0.58919631 -0.80798992
0.60598655 -0.79547489
0.62248040 -0.78263539
0.63869207 -0.76946243
0.65463452 -0.75594553
0.67031932 -0.74207278
0.68575668 -0.72783087
0.70095529 -0.71320522
0.71592231 -0.69817995
0.73066326 -0.68273802
0.74518192 -0.66686124
0.75948024 -0.65053037
0.77355824 -0.63372522
0.78741387 -0.61642469
0.80104291 -0.59860692
0.81443883 -0.58024942
0.82736650 -0.56166242
0.83960360 -0.54319959
0.85116321 -0.52490112
0.86206120 -0.50680420
0.87231574 -0.48894298
0.88194701 -0.47134857
0.89097673 -0.45404896
0.89942789 -0.43706919
0.90732435 -0.42043136
0.91469060 -0.40415480
0.92155147 -0.38825621
0.92793188 -0.37274981
0.93385664 -0.35764756
0.93935027 -0.34295929
0.94443685 -0.32869293
0.94913989 -0.31485468
0.95348224 -0.30144920
0.95748599 -0.28847979
0.96117240 -0.27594857
0.96456191 -0.26385663
0.96767403 -0.25220422
0.97052739 -0.24099086
0.97313968 -0.23021548
0.97552769 -0.21987661
0.97770731 -0.20997241
0.97969353 -0.20050086
0.98150045 -0.19145982
0.98318264 -0.18262501
0.98478490 -0.17377774
0.98630624 -0.16492424
0.98774587 -0.15607080
0.98910321 -0.14722375
0.99037789 -0.13838941
0.99156974 -0.12957408
0.99267881 -0.12078405
0.99370533 -0.11202553
0.99464976 -0.10330469
0.99551274 -0.09462761
0.99629512 -0.08600024
0.99699791 -0.07742844
0.99762233 -0.06891793
0.99816976 -0.06047427
0.99864172 -0.05210287
0.99903993 -0.04380895
0.99936621 -0.03559755
0.99962253 -0.02747352
0.99981100 -0.01944149
0.99993381 -0.01150588
0.99999326 -0.00367090
0.99999176 0.00405948
0.99993177 0.01168151
0.99981582 0.01919169
0.99964651 0.02658675
0.99942646 0.03386363
0.99915834 0.04101956
0.99887511 0.04741850
0.99862386 0.05244405
0.99842409 0.05611899
0.99828971 0.05846064
0.99822945 0.05948073
0.99824701 0.05918537
0.99834118 0.05757502
0.99850587 0.05464453
0.99872996 0.05038322
0.99899710 0.04477499
0.99928538 0.03779854
0.99956691 0.02942763
0.99980729 0.01963141
0.99996493 0.00837492
0.99999041 -0.00438023
0.99982561 -0.01867508
0.99940289 -0.03455219
0.99864426 -0.05205426
0.99746046 -0.07122244
0.99575031 -0.09209413
0.99340012 -0.11470045
0.99028352 -0.13906312
0.98626161 -0.16519089
0.98118390 -0.19307553
0.97488992 -0.22268734
0.96721194 -0.25397060
0.95797884 -0.28683888
0.94702125 -0.32117092
0.93500481 -0.35463503
0.92294889 -0.38492252
0.91119709 -0.41197071
0.90005517 -0.43577596
0.88978514 -0.45637967
0.88060307 -0.47385465
0.87267972 -0.48829305
0.86614297 -0.49979631
0.86108133 -0.50846725
0.85754774 -0.51440439
0.85556337 -0.51769810
0.85512095 -0.51842854
0.85618767 -0.51666495
0.85870742 -0.51246616
0.86121666 -0.50823801
0.86234820 -0.50631569
0.86215179 -0.50665007
0.86064893 -0.50919879
0.85783467 -0.51392575
0.85367877 -0.52079993
0.84812665 -0.52979353
0.84080233 -0.54134226
0.83124335 -0.55590871
0.81919608 -0.57351355
0.80433447 -0.59417680
0.78625548 -0.61790155
0.76447615 -0.64465201
0.73843503 -0.67432463
0.70931588 -0.70489076
0.67877185 -0.73434922
0.64690213 -0.76257304
0.61381863 -0.78944708
0.57964378 -0.81486999
0.54450809 -0.83875559
0.50854752 -0.86103392
0.47190082 -0.88165164
0.43470686 -0.90057201
0.39710227 -0.91777437
0.35921919 -0.93325322
0.32118341 -0.94701701
0.28311285 -0.95908660
0.24511638 -0.96949366
0.20848593 -0.97802537
0.17455186 -0.98464798
0.14342435 -0.98966128
0.11515825 -0.99334716
0.08976570 -0.99596291
0.06722784 -0.99773765
0.04750521 -0.99887099
0.03054643 -0.99953335
0.01629535 -0.99986722
0.00469656 -0.99998897
-0.00430024 -0.99999075
-0.01073711 -0.99994236
-0.01464558 -0.99989275
-0.01604513 -0.99987127
-0.01619164 -0.99986891
-0.01633437 -0.99986659
-0.01647333 -0.99986431
-0.01660851 -0.99986207
-0.01673993 -0.99985988
-0.01686756 -0.99985773
-0.01699142 -0.99985564
-0.01711150 -0.99985359
-0.01722779 -0.99985159
-0.01734031 -0.99984965
-0.01744905 -0.99984775
-0.01755400 -0.99984592
-0.01765517 -0.99984414
-0.01775255 -0.99984241
-0.01784615 -0.99984074
-0.01793596 -0.99983914
-0.01802198 -0.99983759
-0.01810421 -0.99983611
-0.01818266 -0.99983468
-0.01825731 -0.99983332
-0.01832817 -0.99983202
-0.01839525 -0.99983079
-0.01845853 -0.99982963
-0.01851802 -0.99982853
-0.01857371 -0.99982749
-0.01862561 -0.99982653
-0.01867372 -0.99982563
-0.01871804 -0.99982480
-0.01875856 -0.99982404
-0.01879528 -0.99982335
-0.01882821 -0.99982273
-0.01885735 -0.99982218
-0.01888269 -0.99982171
-0.01890423 -0.99982130
-0.01892198 -0.99982096
-0.01893594 -0.99982070
-0.01894610 -0.99982051
-0.01895246 -0.99982039
-0.01895503 -0.99982034
-0.01895380 -0.99982036
-0.01894877 -0.99982046
-0.01893995 -0.99982062
-0.01892734 -0.99982086
-0.01891093 -0.99982117
-0.01889073 -0.99982155
-0.01886673 -0.99982201
-0.01883894 -0.99982253
-0.01880736 -0.99982313
-0.01877199 -0.99982379
-0.01873282 -0.99982453
-0.01868986 -0.99982533
-0.01864311 -0.99982620
-0.01859257 -0.99982714
-0.01853824 -0.99982815
-0.01848012 -0.99982923
-0.01841822 -0.99983037
-0.01835252 -0.99983158
-0.01828304 -0.99983285
-0.01820978 -0.99983419
-0.01813273 -0.99983559
-0.01805189 -0.99983705
-0.01796728 -0.99983858
-0.01787888 -0.99984016
-0.01778670 -0.99984180
-0.01769074 -0.99984351
-0.01759101 -0.99984527
-0.01748749 -0.99984708
-0.01738020 -0.99984895
-0.01726914 -0.99985088
-0.01715430 -0.99985285
-0.01703569 -0.99985488
-0.01691331 -0.99985696
-0.01678717 -0.99985909
-0.01665725 -0.99986126
-0.01652357 -0.99986348
-0.01638612 -0.99986574
-0.01624492 -0.99986804
-0.01609995 -0.99987039
-0.01595122 -0.99987277
-0.01579873 -0.99987519
-0.01564249 -0.99987765
-0.01548250 -0.99988014
-0.01531875 -0.99988266
-0.01515125 -0.99988521
-0.01498000 -0.99988779
-0.01480501 -0.99989040
-0.01462627 -0.99989303
-0.01444380 -0.99989568
-0.01425758 -0.99989836
-0.01406762 -0.99990105
-0.01387393 -0.99990375
-0.01367650 -0.99990647
-0.01347534 -0.99990920
-0.01327046 -0.99991194
-0.01306185 -0.99991469
-0.01284951 -0.99991744
-0.01263345 -0.99992019
-0.01241368 -0.99992295
-0.01219018 -0.99992570
-0.01196298 -0.99992844
-0.01173206 -0.99993118
-0.01149743 -0.99993390
-0.01125910 -0.99993661
-0.01101706 -0.99993931
-0.01077132 -0.99994199
-0.01052189 -0.99994464
-0.01026876 -0.99994727
-0.01001194 -0.99994988
-0.00975143 -0.99995245
-0.00948723 -0.99995500
-0.00921936 -0.99995750
-0.00902102 -0.99995931
-0.00896540 -0.99995981
-0.00905246 -0.99995903
-0.00928216 -0.99995692
-0.00965450 -0.99995339
-0.01016952 -0.99994829
-0.01082724 -0.99994138
-0.01162773 -0.99993240
-0.01257109 -0.99992098
-0.01365742 -0.99990673
-0.01488685 -0.99988918
-0.01625952 -0.99986781
-0.01777561 -0.99984200
-0.01943529 -0.99981112
-0.02123877 -0.99977443
-0.02318626 -0.99973116
-0.02527797 -0.99968046
-0.02751414 -0.99962141
-0.02989503 -0.99955304
-0.03242087 -0.99947431
-0.03509193 -0.99938409
-0.03790846 -0.99928122
-0.04087071 -0.99916444
-0.04397894 -0.99903246
-0.04723339 -0.99888388
-0.05063431 -0.99871726
-0.05418192 -0.99853108
-0.05787643 -0.99832375
-0.06171804 -0.99809362
-0.06570690 -0.99783897
-0.06984317 -0.99755798
-0.07412695 -0.99724881
-0.07855833 -0.99690952
-0.08313734 -0.99653810
-0.08786398 -0.99613248
-0.09273818 -0.99569053
-0.09775986 -0.99521003
-0.10292884 -0.99468872
-0.10824489 -0.99412426
-0.11370772 -0.99351424
-0.11931696 -0.99285621
-0.12507216 -0.99214765
-0.13097278 -0.99138596
-0.13701820 -0.99056853
-0.14320771 -0.98969266
-0.14954046 -0.98875561
-0.15601554 -0.98775460
-0.16263190 -0.98668681
-0.16938837 -0.98554938
-0.17628366 -0.98433941
-0.18331635 -0.98305397
-0.19048488 -0.98169013
-0.19778755 -0.98024491
-0.20522252 -0.97871534
-0.21278777 -0.97709844
-0.22048115 -0.97539124
-0.22817904 -0.97361919
-0.23575924 -0.97181150
-0.24322167 -0.96997073
-0.25056636 -0.96809943
-0.25779340 -0.96620006
-0.26490298 -0.96427507
-0.27189535 -0.96232682
-0.27877083 -0.96035766
-0.28552980 -0.95836983
-0.29217272 -0.95636557
-0.29870009 -0.95434703
-0.30511247 -0.95231632
-0.31141048 -0.95027549
-0.31759476 -0.94822654
-0.32366601 -0.94617140
-0.32962496 -0.94411196
-0.33547240 -0.94205004
-0.34120911 -0.93998742
-0.34683592 -0.93792582
-0.35235370 -0.93586691
-0.35776332 -0.93381230
-0.36306568 -0.93176355
-0.36826168 -0.92972218
-0.37335227 -0.92768965
-0.37833837 -0.92566737
-0.38322093 -0.92365671
-0.38800091 -0.92165899
-0.39267927 -0.91967548
-0.39725697 -0.91770742
-0.40173497 -0.91575598
-0.40611424 -0.91382232
-0.41039573 -0.91190753
-0.41458039 -0.91001269
-0.41866918 -0.90813882
-0.42266303 -0.90628691
-0.42656286 -0.90445792
-0.43036961 -0.90265276
-0.43408418 -0.90087231
-0.43770745 -0.89911745
-0.44124031 -0.89738898
-0.44468363 -0.89568771
-0.44803824 -0.89401439
-0.45130498 -0.89236978
-0.45448465 -0.89075457
-0.45757806 -0.88916945
-0.46058597 -0.88761510
-0.46350912 -0.88609215
-0.46634826 -0.88460121
-0.46910408 -0.88314289
-0.47177727 -0.88171776
-0.47436848 -0.88032639
-0.47687835 -0.87896930
-0.47930750 -0.87764704
-0.48165650 -0.87636010
-0.48392591 -0.87510897
-0.48611626 -0.87389415
-0.48820759 -0.87272754
-0.49017966 -0.87162142
-0.49203262 -0.87057676
-0.49376661 -0.86959447
-0.49538174 -0.86867539
-0.49687814 -0.86782033
-0.49825591 -0.86703002
-0.49951515 -0.86630515
-0.50065594 -0.86564636
-0.50167836 -0.86505423
-0.50258246 -0.86452928
-0.50336827 -0.86407198
-0.50403583 -0.86368275
-0.50458512 -0.86336195
-0.50501614 -0.86310990
-0.50532886 -0.86292685
-0.50552322 -0.86281300
-0.50559915 -0.86276851
-0.50555655 -0.86279347
-0.50539532 -0.86288792
-0.50511533 -0.86305186
-0.50471641 -0.86328520
-0.50419840 -0.86358785
-0.50356111 -0.86395961
-0.50280432 -0.86440026
-0.50192781 -0.86490952
-0.50093133 -0.86548703
-0.49981461 -0.86613241
-0.49857738 -0.86684520
-0.49721933 -0.86762488
-0.49574016 -0.86847089
-0.49413954 -0.86938260
-0.49241715 -0.87035932
-0.49057263 -0.87140031
-0.48860564 -0.87250475
-0.48651581 -0.87367177
-0.48430278 -0.87490046
-0.48196618 -0.87618982
-0.47950565 -0.87753879
-0.47692081 -0.87894627
-0.47421132 -0.88041106
-0.47137680 -0.88193192
-0.46841691 -0.88350755
-0.46533132 -0.88513658
-0.46211971 -0.88681755
-0.45878177 -0.88854898
-0.45531721 -0.89032929
-0.45172578 -0.89215684
-0.44800724 -0.89402993
-0.44416139 -0.89594680
-0.44018806 -0.89790560
-0.43608711 -0.89990446
-0.43185846 -0.90194139
-0.42750206 -0.90401438
-0.42301790 -0.90612133
-0.41840604 -0.90826009
-0.41372580 -0.91040154
-0.40903621 -0.91251815
-0.40433690 -0.91461012
-0.39962750 -0.91667762
-0.39490765 -0.91872082
-0.39017697 -0.92073988
-0.38543508 -0.92273495
-0.38068162 -0.92470617
-0.37591620 -0.92665366
-0.37113844 -0.92857755
-0.36634796 -0.93047793
-0.36154436 -0.93235491
-0.35672728 -0.93420857
-0.35189630 -0.93603899
-0.34705105 -0.93784624
-0.34219112 -0.93963037
-0.33731613 -0.94139143
-0.33242567 -0.94312946
-0.32751935 -0.94484447
-0.32259677 -0.94653649
-0.31765752 -0.94820552
-0.31270120 -0.94985155
-0.30772741 -0.95147456
-0.30273573 -0.95307454
-0.29772578 -0.95465143
-0.29269712 -0.95620521
-0.28764936 -0.95773579
-0.28258209 -0.95924312
-0.27749488 -0.96072711
-0.27238734 -0.96218768
-0.26725905 -0.96362472
-0.26210959 -0.96503811
-0.25693855 -0.96642774
-0.25174552 -0.96779347
-0.24653009 -0.96913514
-0.24129183 -0.97045260
-0.23603033 -0.97174569
-0.23074518 -0.97301421
-0.22543597 -0.97425799
-0.22010228 -0.97547680
-0.21474371 -0.97667044
-0.20935983 -0.97783867
-0.20395023 -0.97898126
-0.19851452 -0.98009795
-0.19305227 -0.98118847
-0.18756309 -0.98225256
-0.18204656 -0.98328991
-0.17650229 -0.98430023
-0.17092987 -0.98528320
-0.16532891 -0.98623849
-0.15969901 -0.98716575
-0.15403977 -0.98806465
-0.14835081 -0.98893480
-0.14263175 -0.98977583
-0.13688219 -0.99058733
-0.13110177 -0.99136892
-0.12535703 -0.99211169
-0.11971559 -0.99280823
-0.11417860 -0.99346024
-0.10874715 -0.99406944
-0.10342227 -0.99463754
-0.09820490 -0.99516622
-0.09309594 -0.99565714
-0.08809620 -0.99611197
-0.08320646 -0.99653233
-0.07842741 -0.99691983
-0.07375972 -0.99727604
-0.06920397 -0.99760253
-0.06476072 -0.99790082
-0.06043046 -0.99817241
-0.05621364 -0.99841876
-0.05211068 -0.99864132
-0.04812195 -0.99884147
-0.04424776 -0.99902059
-0.04048841 -0.99918001
-0.03684415 -0.99932102
-0.03331522 -0.99944489
-0.02990180 -0.99955284
-0.02660407 -0.99964605
-0.02342215 -0.99972566
-0.02035616 -0.99979279
-0.01740620 -0.99984850
-0.01457234 -0.99989382
-0.01185463 -0.99992973
-0.00925310 -0.99995719
-0.00676779 -0.99997710
-0.00439870 -0.99999033
-0.00214581 -0.99999770
-0.00000912 -1.00000000
0.00201139 -0.99999798
0.00391577 -0.99999233
0.00570406 -0.99998373
0.00737628 -0.99997279
0.00893251 -0.99996010
0.01037279 -0.99994620
0.01169718 -0.99993159
0.01290574 -0.99991672
0.01399852 -0.99990202
0.01497559 -0.99988786
0.01583700 -0.99987459
0.01658282 -0.99986250
0.01721310 -0.99985184
0.01772790 -0.99984285
0.01812727 -0.99983569
0.01841125 -0.99983050
0.01857990 -0.99982738
0.01863326 -0.99982639
0.01857138 -0.99982754
0.01839428 -0.99983081
0.01810200 -0.99983615
0.01769459 -0.99984344
0.01717205 -0.99985255
0.01659751 -0.99986225
0.01603403 -0.99987145
0.01548161 -0.99988015
0.01494026 -0.99988839
0.01440996 -0.99989617
0.01389070 -0.99990352
0.01338250 -0.99991045
0.01288534 -0.99991698
0.01239921 -0.99992313
0.01192412 -0.99992891
0.01146006 -0.99993433
0.01100702 -0.99993942
0.01056501 -0.99994419
0.01013401 -0.99994865
0.00971402 -0.99995282
0.00930505 -0.99995671
0.00890708 -0.99996033
0.00852011 -0.99996370
0.00814414 -0.99996684
0.00777917 -0.99996974
0.00742518 -0.99997243
0.00708219 -0.99997492
0.00675017 -0.99997722
0.00642914 -0.99997933
0.00611908 -0.99998128
0.00581999 -0.99998306
0.00553187 -0.99998470
0.00525472 -0.99998619
0.00498853 -0.99998756
0.00473331 -0.99998880
0.00448903 -0.99998992
0.00425571 -0.99999094
0.00403335 -0.99999187
0.00382193 -0.99999270
0.00362145 -0.99999344
0.00343192 -0.99999411
0.00325332 -0.99999471
0.00308566 -0.99999524
0.00292894 -0.99999571
0.00278315 -0.99999613
0.00264829 -0.99999649
0.00252435 -0.99999681
0.00241134 -0.99999709
0.00230926 -0.99999733
0.00221809 -0.99999754
0.00213784 -0.99999771
0.00206851 -0.99999786
0.00201010 -0.99999798
0.00196260 -0.99999807
0.00192601 -0.99999815
0.00190033 -0.99999819
0.00188556 -0.99999822
0.00188169 -0.99999823
0.00188874 -0.99999822
0.00190668 -0.99999818
0.00193553 -0.99999813
0.00196966 -0.99999806
0.00200343 -0.99999799
0.00203684 -0.99999793
0.00206991 -0.99999786
0.00210261 -0.99999779
0.00213497 -0.99999772
0.00216697 -0.99999765
0.00219861 -0.99999758
0.00222990 -0.99999751
0.00226084 -0.99999744
0.00229142 -0.99999737
0.00232166 -0.99999730
0.00235153 -0.99999724
0.00238106 -0.99999717
0.00241023 -0.99999710
0.00243905 -0.99999703
0.00246752 -0.99999696
0.00249563 -0.99999689
0.00252340 -0.99999682
0.00255081 -0.99999675
0.00257787 -0.99999668
0.00260457 -0.99999661
0.00263093 -0.99999654
0.00265693 -0.99999647
0.00268258 -0.99999640
0.00270788 -0.99999633
0.00273283 -0.99999627
0.00275743 -0.99999620
0.00278167 -0.99999613
0.00280557 -0.99999606
0.00282911 -0.99999600
0.00285230 -0.99999593
0.00287514 -0.99999587
0.00289763 -0.99999580
0.00291977 -0.99999574
0.00294156 -0.99999567
0.00296300 -0.99999561
0.00298409 -0.99999555
0.00300483 -0.99999549
0.00302522 -0.99999542
0.00304525 -0.99999536
0.00306494 -0.99999530
0.00308428 -0.99999524
0.00310326 -0.99999518
0.00312190 -0.99999513
0.00314019 -0.99999507
0.00315812 -0.99999501
0.00317571 -0.99999496
0.00319295 -0.99999490
0.00320983 -0.99999485
0.00322637 -0.99999480
0.00324256 -0.99999474
0.00325840 -0.99999469
0.00327388 -0.99999464
0.00328902 -0.99999459
0.00330381 -0.99999454
0.00331825 -0.99999449
0.00333234 -0.99999445
0.00334608 -0.99999440
0.00335947 -0.99999436
0.00337251 -0.99999431
0.00338520 -0.99999427
0.00339754 -0.99999423
0.00340953 -0.99999419
0.00342117 -0.99999415
0.00343246 -0.99999411
0.00344341 -0.99999407
0.00345400 -0.99999403
0.00346424 -0.99999400
0.00347413 -0.99999397
0.00348368 -0.99999393
0.00349287 -0.99999390
0.00350172 -0.99999387
0.00351021 -0.99999384
0.00351835 -0.99999381
0.00352615 -0.99999378
0.00353359 -0.99999376
0.00354069 -0.99999373
0.00354743 -0.99999371
0.00355383 -0.99999369
0.00355987 -0.99999366
0.00356557 -0.99999364
0.00357091 -0.99999362
0.00357591 -0.99999361
0.00358055 -0.99999359
0.00358485 -0.99999357
0.00358879 -0.99999356
0.00359238 -0.99999355
0.00359562 -0.99999354
0.00359852 -0.99999353
0.00360106 -0.99999352
0.00360325 -0.99999351
0.00360509 -0.99999350
0.00360658 -0.99999350
0.00360771 -0.99999349
0.00360850 -0.99999349
0.00360894 -0.99999349
0.00360902 -0.99999349
0.00360875 -0.99999349
0.00360814 -0.99999349
0.00360717 -0.99999349
0.00360584 -0.99999350
0.00360417 -0.99999350
0.00360214 -0.99999351
0.00359977 -0.99999352
0.00359704 -0.99999353
0.00359396 -0.99999354
0.00359052 -0.99999355
0.00358673 -0.99999357
0.00358260 -0.99999358
0.00357810 -0.99999360
0.00357196 -0.99999362
0.00356286 -0.99999365
0.00355081 -0.99999370
0.00353581 -0.99999375
0.00351785 -0.99999381
0.00349694 -0.99999389
0.00347307 -0.99999397
0.00344624 -0.99999406
0.00341646 -0.99999416
0.00338372 -0.99999428
0.00334802 -0.99999440
0.00330937 -0.99999452
0.00326776 -0.99999466
0.00322320 -0.99999481
0.00317567 -0.99999496
0.00312519 -0.99999512
0.00307176 -0.99999528
0.00301537 -0.99999545
0.00295602 -0.99999563
0.00289372 -0.99999581
0.00282846 -0.99999600
0.00276025 -0.99999619
0.00268909 -0.99999638
0.00261497 -0.99999658
0.00253791 -0.99999678
0.00245789 -0.99999698
0.00237493 -0.99999718
0.00228902 -0.99999738
0.00220016 -0.99999758
0.00210835 -0.99999778
0.00201361 -0.99999797
0.00191591 -0.99999816
0.00181528 -0.99999835
0.00171171 -0.99999854
0.00160520 -0.99999871
0.00149576 -0.99999888
0.00138338 -0.99999904
0.00126807 -0.99999920
0.00114983 -0.99999934
0.00102866 -0.99999947
0.00090457 -0.99999959
0.00077755 -0.99999970
0.00064762 -0.99999979
0.00051476 -0.99999987
0.00037899 -0.99999993
0.00024030 -0.99999997
0.00009870 -1.00000000
-0.00004581 -1.00000000
-0.00019322 -0.99999998
-0.00034353 -0.99999994
-0.00049675 -0.99999988
-0.00065286 -0.99999979
-0.00081186 -0.99999967
-0.00097376 -0.99999953
-0.00113854 -0.99999935
-0.00130621 -0.99999915
-0.00147676 -0.99999891
-0.00165018 -0.99999864
-0.00182648 -0.99999833
-0.00200565 -0.99999799
-0.00218768 -0.99999761
-0.00237258 -0.99999719
-0.00256034 -0.99999672
-0.00275095 -0.99999622
-0.00294441 -0.99999567
-0.00314072 -0.99999507
-0.00333987 -0.99999442
-0.00354186 -0.99999373
-0.00374668 -0.99999298
-0.00395433 -0.99999218
-0.00416481 -0.99999133
-0.00437811 -0.99999042
-0.00459422 -0.99998945
-0.00481315 -0.99998842
-0.00503488 -0.99998732
-0.00525942 -0.99998617
-0.00548675 -0.99998495
-0.00571687 -0.99998366
-0.00594978 -0.99998230
-0.00618548 -0.99998087
-0.00642395 -0.99997937
-0.00666519 -0.99997779
-0.00690919 -0.99997613
-0.00715596 -0.99997440
-0.00740549 -0.99997258
-0.00765776 -0.99997068
-0.00791278 -0.99996869
-0.00817054 -0.99996662
-0.00843103 -0.99996446
-0.00869424 -0.99996220
-0.00896018 -0.99995986
-0.00922884 -0.99995741
-0.00950020 -0.99995487
-0.00977427 -0.99995223
-0.01005103 -0.99994949
-0.01033049 -0.99994664
-0.01061263 -0.99994368
-0.01089744 -0.99994062
-0.01118493 -0.99993745
-0.01147509 -0.99993416
-0.01176790 -0.99993076
-0.01206337 -0.99992723
-0.01236148 -0.99992359
-0.01266224 -0.99991983
-0.01296562 -0.99991594
-0.01327163 -0.99991193
-0.01358026 -0.99990778
-0.01389150 -0.99990351
-0.01420534 -0.99989910
-0.01452178 -0.99989455
-0.01484081 -0.99988987
-0.01516242 -0.99988504
-0.01530966 -0.99988280
-0.01510578 -0.99988590
-0.01455093 -0.99989413
-0.01364497 -0.99990690
-0.01238754 -0.99992327
-0.01077800 -0.99994192
-0.00881549 -0.99996114
-0.00649888 -0.99997888
-0.00382686 -0.99999268
-0.00079786 -0.99999968
0.00258987 -0.99999665
0.00633828 -0.99997991
0.01044948 -0.99994540
0.01492574 -0.99988860
0.01976945 -0.99980457
0.02498313 -0.99968787
0.03056936 -0.99953265
0.03653076 -0.99933253
0.04286999 -0.99908066
0.04958967 -0.99876968
0.05669238 -0.99839169
0.06418056 -0.99793830
0.07205653 -0.99740055
0.08032239 -0.99676894
0.08897998 -0.99603341
0.09803082 -0.99518338
0.10747604 -0.99420768
0.11731631 -0.99309460
0.12756187 -0.99183062
0.13822228 -0.99040123
0.14929629 -0.98879250
0.16078184 -0.98698997
0.17267592 -0.98497869
0.18497454 -0.98274331
0.19767257 -0.98026810
0.21076369 -0.97753704
0.22424027 -0.97453389
0.23809328 -0.97124229
0.25231221 -0.96764588
0.26688499 -0.96372839
0.28179792 -0.95947378
0.29703561 -0.95486640
0.31258094 -0.94989113
0.32841503 -0.94453352
0.34451722 -0.93878000
0.36086511 -0.93261802
0.37743456 -0.92603626
0.39419980 -0.91902477
0.41113344 -0.91157517
0.42820668 -0.90368083
0.44538935 -0.89533699
0.46265015 -0.88654094
0.47995681 -0.87729212
0.49727631 -0.86759223
0.51457510 -0.85744532
0.53181937 -0.84685782
0.54878110 -0.83596609
0.56527721 -0.82490101
0.58133983 -0.81366086
0.59699921 -0.80224182
0.61228374 -0.79063811
0.62722004 -0.77884211
0.64183293 -0.76684450
0.65614557 -0.75463434
0.67017940 -0.74219915
0.68395422 -0.72952493
0.69748819 -0.71659628
0.71079785 -0.70339634
0.72389811 -0.68990690
0.73680222 -0.67610834
0.74952177 -0.66197970
0.76206662 -0.64749863
0.77444485 -0.63264143
0.78666269 -0.61738303
0.79872441 -0.60169703
0.81063220 -0.58555567
0.82238605 -0.56892985
0.83398360 -0.55178923
0.84541993 -0.53410219
0.85668736 -0.51583598
0.86777528 -0.49695680
0.87866983 -0.47742992
0.88935368 -0.45721989
0.89980574 -0.43629076
0.90980259 -0.41504125
0.91913891 -0.39393358
0.92782125 -0.37302511
0.93586058 -0.35237050
0.94327190 -0.33202126
0.95007377 -0.31202538
0.95628781 -0.29242712
0.96193827 -0.27326684
0.96705148 -0.25458089
0.97165543 -0.23640161
0.97577927 -0.21875743
0.97945292 -0.20167293
0.98270668 -0.18516906
0.98557087 -0.16926330
0.98807553 -0.15396995
0.99025018 -0.13930032
0.99212357 -0.12526305
0.99372349 -0.11186435
0.99507665 -0.09910829
0.99620857 -0.08699706
0.99714344 -0.07553120
0.99790412 -0.06470990
0.99851207 -0.05453119
0.99898734 -0.04499216
0.99934857 -0.03608916
0.99961300 -0.02781800
0.99979648 -0.02017408
0.99991713 -0.01287367
0.99998413 -0.00563330
0.99999880 0.00155133
0.99996229 0.00868448
0.99987564 0.01577034
0.99973975 0.02281306
0.99955538 0.02981673
0.99932319 0.03678543
0.99904368 0.04372318
0.99871728 0.05063398
0.99834425 0.05752180
0.99792477 0.06439061
0.99745889 0.07124435
0.99694655 0.07808695
0.99638757 0.08492237
0.99578166 0.09175452
0.99512840 0.09858737
0.99442727 0.10542487
0.99367762 0.11227102
0.99287869 0.11912981
0.99202957 0.12600530
0.99112924 0.13290155
0.99017656 0.13982270
0.98917021 0.14677291
0.98810878 0.15375641
0.98699068 0.16077749
0.98581416 0.16784050
0.98457734 0.17494988
0.98321139 0.18247015
0.98163535 0.19076697
0.97982731 0.19984604
0.97776317 0.20971214
0.97541661 0.22036885
0.97275911 0.23181826
0.96975999 0.24406056
0.96638648 0.25709369
0.96260387 0.27091289
0.95837565 0.28551028
0.95366378 0.30087438
0.94842900 0.31698963
0.94263119 0.33383594
0.93622986 0.35138819
0.92918466 0.36961583
0.92145609 0.38848253
0.91300615 0.40794580
0.90379915 0.42795688
0.89380262 0.44846057
0.88298811 0.46939535
0.87133221 0.49069357
0.85881738 0.51228186
0.84543287 0.53408170
0.83117543 0.55601026
0.81605002 0.57798129
0.80007027 0.59990630
0.78325876 0.62169583
0.76564715 0.64326079
0.74732409 0.66445971
0.72839005 0.68516271
0.70890534 0.70530363
0.68893520 0.72482293
0.66854869 0.74366838
0.64781748 0.76179559
0.62681469 0.77916837
0.60561370 0.79575879
0.58428699 0.81154711
0.56290514 0.82652151
0.54153593 0.84067760
0.52024352 0.85401796
0.49908786 0.86655139
0.47812418 0.87829224
0.45804002 0.88893157
0.43939087 0.89829598
0.42203899 0.90657768
0.40585846 0.91393595
0.39073484 0.92050328
0.37656440 0.92639044
0.36325321 0.93169046
0.35071612 0.93648182
0.33887575 0.94083114
0.32766152 0.94479518
0.31700869 0.94842263
0.30685747 0.95175548
0.29715215 0.95483014
0.28784024 0.95767844
0.27859410 0.96040894
0.26912000 0.96310665
0.25941872 0.96576495
0.24949167 0.96837694
0.23934095 0.97093559
0.22896934 0.97343363
0.21838040 0.97586372
0.20757842 0.97821838
0.19656854 0.98049009
0.18535670 0.98267131
0.17394970 0.98475454
0.16235522 0.98673238
0.15058177 0.98859756
0.13863879 0.99034301
0.12653653 0.99196195
0.11428614 0.99344787
0.10189956 0.99479469
0.08938956 0.99599674
0.07676963 0.99704886
0.06405400 0.99794643
0.05125755 0.99868547
0.03839572 0.99926261
0.02548449 0.99967522
0.01254027 0.99992137
-0.00042019 0.99999991
-0.01337986 0.99991049
-0.02632158 0.99965353
-0.03922808 0.99923028
-0.05201062 0.99864653
-0.06458500 0.99791221
-0.07694120 0.99703563
-0.08906988 0.99602538
-0.10096238 0.99489024
-0.11261070 0.99363918
-0.12400751 0.99228128
-0.13514615 0.99082568
-0.14602059 0.98928155
-0.15662547 0.98765807
-0.16695602 0.98596434
-0.17700808 0.98420940
-0.18677806 0.98240214
-0.19626292 0.98055131
-0.20546012 0.97866549
-0.21436764 0.97675305
-0.22298389 0.97482213
-0.23130772 0.97288064
-0.23933838 0.97093622
-0.24707549 0.96899624
-0.25451898 0.96706778
-0.26166911 0.96515764
-0.26852641 0.96327232
-0.27509163 0.96141801
-0.28136577 0.95960059
-0.28735000 0.95782565
-0.29304566 0.95609845
-0.29845421 0.95442395
-0.30331516 0.95289029
-0.30737230 0.95158934
-0.31063276 0.95053000
-0.31310241 0.94971937
-0.31478580 0.94916274
-0.31568609 0.94886368
-0.31580503 0.94882411
-0.31514289 0.94904423
-0.31369852 0.94952264
-0.31146930 0.95025622
-0.30845123 0.95124016
-0.30463898 0.95246790
-0.30002591 0.95393105
-0.29460424 0.95561935
-0.28836513 0.95752052
-0.28129883 0.95962022
-0.27339488 0.96190189
-0.26464231 0.96434664
-0.25502987 0.96693317
-0.24454635 0.96963760
-0.23318088 0.97243338
-0.22092328 0.97529119
-0.20776452 0.97817887
-0.19369714 0.98106137
-0.17871573 0.98390075
-0.16281749 0.98665620
-0.14600282 0.98928417
-0.12827584 0.99173853
-0.11019946 0.99390949
-0.09234047 0.99572749
-0.07471102 0.99720523
-0.05732198 0.99835574
-0.04018302 0.99919234
-0.02330257 0.99972846
-0.00668791 0.99997764
0.00965480 0.99995339
0.02572049 0.99966917
0.04150508 0.99913829
0.05700547 0.99837387
0.07221945 0.99738877
0.08714569 0.99619558
0.10178358 0.99480657
0.11613330 0.99323364
0.13019565 0.99148832
0.14397206 0.98958175
0.15746452 0.98752465
0.17067549 0.98532729
0.18360791 0.98299956
0.19626511 0.98055087
0.20865078 0.97799021
0.22076892 0.97532614
0.23262379 0.97256680
0.24421991 0.96971988
0.25556198 0.96679267
0.26665487 0.96379208
0.27750360 0.96072460
0.28811328 0.95759633
0.29848913 0.95441303
0.30863642 0.95118009
0.31856047 0.94790254
0.32826661 0.94458511
0.33776019 0.94123220
0.34704655 0.93784790
0.35613103 0.93443603
0.36501891 0.93100010
0.37371546 0.92754340
0.38222586 0.92406893
0.39055527 0.92057948
0.39870879 0.91707759
0.40669142 0.91356559
0.41450811 0.91004562
0.42216373 0.90651960
0.42966308 0.90298928
0.43701086 0.89945623
0.44421171 0.89592185
0.45127018 0.89238738
0.45819072 0.88885391
0.46497772 0.88532238
0.47163548 0.88179361
0.47816823 0.87826826
0.48458010 0.87474689
0.49087515 0.87122993
0.49705738 0.86771767
0.50330018 0.86411164
0.50977206 0.86030950
0.51646931 0.85630570
0.52338771 0.85209466
0.53052253 0.84767084
0.53786852 0.84302874
0.54541991 0.83816295
0.55317033 0.83306818
0.56111287 0.82773930
0.56924002 0.82217139
0.57754369 0.81635977
0.58601520 0.81030006
0.59464527 0.80398819
0.60342402 0.79742050
0.61234101 0.79059376
0.62138522 0.78350521
0.63054509 0.77615262
0.63980854 0.76853434
0.64916299 0.76064934
0.65859539 0.75249725
0.66809230 0.74407841
0.67763989 0.73539389
0.68722402 0.72644555
0.69683029 0.71723604
0.70644410 0.70776884
0.71605071 0.69804826
0.72563533 0.68807948
0.73518316 0.67786852
0.74459192 0.66751995
0.75377637 0.65713102
0.76274691 0.64669710
0.77151332 0.63621317
0.78008478 0.62567382
0.78846991 0.61507333
0.79667676 0.60440561
0.80471282 0.59366428
0.81258505 0.58284263
0.82029989 0.57193364
0.82786323 0.56093001
0.83528045 0.54982413
0.84255641 0.53860812
0.84969545 0.52727378
0.85670140 0.51581267
0.86357756 0.50421602
0.87032671 0.49247479
0.87695108 0.48057966
0.88345235 0.46852102
0.88983165 0.45628898
0.89608953 0.44387335
0.90222594 0.43126368
0.90824020 0.41844922
0.91413100 0.40541895
0.91989635 0.39216159
0.92553356 0.37866559
0.93103921 0.36491916
0.93640909 0.35091028
0.94154584 0.33688490
0.94636100 0.32311121
0.95086380 0.30960947
0.95506432 0.29639864
0.95897331 0.28349637
0.96260214 0.27091902
0.96596264 0.25868161
0.96906698 0.24679788
0.97192756 0.23528031
0.97455693 0.22414011
0.97696767 0.21338736
0.97917232 0.20303097
0.98118326 0.19307879
0.98301268 0.18353765
0.98467251 0.17441347
0.98617432 0.16571125
0.98752931 0.15743524
0.98874828 0.14958890
0.98984153 0.14217507
0.99081888 0.13519595
0.99168964 0.12865323
0.99246257 0.12254810
0.99314588 0.11688137
0.99374720 0.11165345
0.99427360 0.10686446
0.99473154 0.10251424
0.99512691 0.09860242
0.99546501 0.09512846
0.99576513 0.09193368
0.99604416 0.08885957
0.99630328 0.08590562
0.99654360 0.08307137
0.99676620 0.08035633
0.99697210 0.07776005
0.99716228 0.07528208
0.99733765 0.07292197
0.99749909 0.07067931
0.99764743 0.06855368
0.99778344 0.06654470
0.99790787 0.06465198
0.99802140 0.06287518
0.99812467 0.06121396
0.99821828 0.05966801
0.99830278 0.05823703
0.99837870 0.05692075
0.99844649 0.05571894
0.99850659 0.05463136
0.99855938 0.05365781
0.99860521 0.05279813
0.99864437 0.05205217
0.99867713 0.05141981
0.99870371 0.05090095
0.99872429 0.05049552
0.99873901 0.05020348
0.99874797 0.05002483
0.99875124 0.04995956
0.99875275 0.04992949
0.99875640 0.04985639
0.99876219 0.04974024
0.99877011 0.04958101
0.99878013 0.04937868
0.99879223 0.04913324
0.99880639 0.04884465
0.99882256 0.04851289
0.99884070 0.04813794
0.99886076 0.04771978
0.99888270 0.04725838
0.99890645 0.04675371
0.99893194 0.04620576
0.99895912 0.04561450
0.99898789 0.04497990
0.99901819 0.04430194
0.99904991 0.04358059
0.99908298 0.04281583
0.99911729 0.04200763
0.99915273 0.04115598
0.99918920 0.04026084
0.99922658 0.03932220
0.99926475 0.03834003
0.99930358 0.03731430
0.99934293 0.03624500
0.99938268 0.03513211
0.99942266 0.03397559
0.99946274 0.03277545
0.99950275 0.03153164
0.99954254 0.03024417
0.99958193 0.02891300
0.99962075 0.02753813
0.99965883 0.02611955
0.99969596 0.02465723
0.99973198 0.02315118
0.99976666 0.02160138
0.99979982 0.02000782
0.99983125 0.01837050
0.99986072 0.01668941
0.99988802 0.01496457
0.99991293 0.01319596
0.99993520 0.01138359
0.99995461 0.00952748
0.99997091 0.00762763
0.99998385 0.00568406
0.99999317 0.00369677
0.99999861 0.00166580
0.99999992 -0.00040883
0.99999681 -0.00252710
0.99998901 -0.00468897
0.99997623 -0.00689441
0.99995820 -0.00914338
0.99993461 -0.01143583
0.99990517 -0.01377172
0.99986956 -0.01615099
0.99982750 -0.01857358
0.99978007 -0.02097164
0.99972905 -0.02327736
0.99967506 -0.02549070
0.99961873 -0.02761166
0.99956063 -0.02964022
0.99950134 -0.03157638
0.99944139 -0.03342014
0.99938129 -0.03517152
0.99932153 -0.03683051
0.99926256 -0.03839715
0.99920482 -0.03987143
0.99914872 -0.04125339
0.99909464 -0.04254304
0.99904293 -0.04374040
0.99899394 -0.04484549
0.99894795 -0.04585834
0.99890527 -0.04677896
0.99886613 -0.04760737
0.99883076 -0.04834360
0.99879938 -0.04898766
0.99877216 -0.04953956
0.99874925 -0.04999931
0.99873078 -0.05036694
0.99871685 -0.05064243
0.99870753 -0.05082581
0.99870288 -0.05091707
0.99870293 -0.05091620
0.99870767 -0.05082322
0.99871707 -0.05063811
0.99873109 -0.05036085
0.99874965 -0.04999145
0.99877264 -0.04952988
0.99879995 -0.04897613
0.99883141 -0.04833018
0.99886686 -0.04759200
0.99890608 -0.04676158
0.99894885 -0.04583889
0.99899490 -0.04482389
0.99904397 -0.04371657
0.99909575 -0.04251690
0.99914989 -0.04122485
0.99920606 -0.03984038
0.99926385 -0.03836348
0.99932287 -0.03679412
0.99938267 -0.03513227
0.99944280 -0.03337791
0.99950277 -0.03153103
0.99956207 -0.02959161
0.99962016 -0.02755964
0.99967647 -0.02543512
0.99973042 -0.02321805
0.99978139 -0.02090844
0.99982874 -0.01850630
0.99987181 -0.01601167
0.99990989 -0.01342457
0.99994138 -0.01082772
0.99996552 -0.00830386
0.99998287 -0.00585304
0.99999396 -0.00347530
0.99999931 -0.00117069
0.99999944 0.00106077
0.99999482 0.00321905
0.99998593 0.00530414
0.99997324 0.00731602
0.99995717 0.00925469
0.99993817 0.01112015
0.99991663 0.01291239
0.99989295 0.01463143
0.99986752 0.01627728
0.99984068 0.01784994
0.99981278 0.01934943
0.99978416 0.02077577
0.99975512 0.02212899
0.99972597 0.02340909
0.99969698 0.02461610
0.99966841 0.02575004
0.99964052 0.02681093
0.99961354 0.02779881
0.99958768 0.02871369
0.99956314 0.02955559
0.99954011 0.03032453
0.99951875 0.03102055
0.99949921 0.03164365
0.99948164 0.03219386
0.99946615 0.03267120
0.99945285 0.03307568
0.99944182 0.03340733
0.99943313 0.03366614
0.99942685 0.03385215
0.99942301 0.03396535
0.99942164 0.03400576
0.99942274 0.03397339
0.99942631 0.03386824
0.99943232 0.03369031
0.99944074 0.03343962
0.99945151 0.03311615
0.99946456 0.03271991
0.99947980 0.03225090
0.99949714 0.03170912
0.99951645 0.03109455
0.99953759 0.03040719
0.99956043 0.02964704
0.99958479 0.02881409
0.99961049 0.02790832
0.99963733 0.02692974
0.99966510 0.02587832
0.99969357 0.02475407
0.99972250 0.02355697
0.99975161 0.02228701
0.99978065 0.02094419
0.99980930 0.01952849
0.99983636 0.01809012
0.99986089 0.01667928
0.99988301 0.01529598
0.99990283 0.01394023
0.99992047 0.01261204
0.99993602 0.01131142
0.99994961 0.01003838
0.99996134 0.00879292
0.99997131 0.00757504
0.99997962 0.00638477
0.99998636 0.00522209
0.99999165 0.00408701
0.99999556 0.00297954
0.99999820 0.00189967
0.99999964 0.00084741
0.99999998 -0.00017723
0.99999931 -0.00117427
0.99999770 -0.00214370
0.99999524 -0.00308551
0.99999200 -0.00399971
0.99998806 -0.00488631
0.99998350 -0.00574530
0.99997837 -0.00657668
0.99997276 -0.00738046
0.99996673 -0.00815663
0.99996035 -0.00890520
0.99995367 -0.00962618
0.99994675 -0.01031956
0.99993966 -0.01098535
0.99993244 -0.01162355
0.99992516 -0.01223417
0.99991786 -0.01281720
0.99991058 -0.01337265
0.99990338 -0.01390053
0.99989630 -0.01440084
0.99988938 -0.01487357
0.99988266 -0.01531874
0.99987618 -0.01573634
0.99986996 -0.01612638
0.99986405 -0.01648887
0.99985847 -0.01682380
0.99985325 -0.01713118
0.99984842 -0.01741101
0.99984399 -0.01766330
0.99984000 -0.01788804
0.99983645 -0.01808524
0.99983337 -0.01825491
0.99983076 -0.01839703
0.99982865 -0.01851162
0.99982703 -0.01859868
0.99982592 -0.01865821
0.99982532 -0.01869021
0.99982524 -0.01869468
0.99982567 -0.01867162
0.99982661 -0.01862104
0.99982807 -0.01854293
0.99982967 -0.01845625
0.99983107 -0.01837994
0.99983228 -0.01831400
0.99983330 -0.01825844
0.99983413 -0.01821324
0.99983476 -0.01817842
0.99983520 -0.01815397
0.99983546 -0.01813989
0.99983553 -0.01813618
0.99983541 -0.01814284
0.99983510 -0.01815988
0.99983460 -0.01818730
0.99983391 -0.01822510
0.99983303 -0.01827328
0.99983196 -0.01833184
0.99983069 -0.01840080
0.99982923 -0.01848016
0.99982756 -0.01856991
0.99982570 -0.01867007
0.99982363 -0.01878064
0.99982135 -0.01890163
0.99981886 -0.01903304
0.99981615 -0.01917488
0.99981321 -0.01932716
0.99981005 -0.01948989
0.99980666 -0.01966307
0.99980303 -0.01984671
0.99979916 -0.02004082
0.99979504 -0.02024542
0.99979066 -0.02046051
0.99978602 -0.02068609
0.99978111 -0.02092219
0.99977592 -0.02116882
0.99977044 -0.02142597
0.99976466 -0.02169368
0.99975859 -0.02197195
0.99975220 -0.02226078
0.99974549 -0.02256021
0.99973844 -0.02287023
0.99973106 -0.02319087
0.99972332 -0.02352214
0.99971521 -0.02386405
0.99970673 -0.02421662
0.99969787 -0.02457986
0.99968861 -0.02495380
0.99967893 -0.02533844
0.99966883 -0.02573381
0.99965829 -0.02613993
0.99964731 -0.02655680
0.99963585 -0.02698446
0.99962392 -0.02742291
0.99961150 -0.02787218
0.99959856 -0.02833229
0.99958510 -0.02880325
0.99957110 -0.02928510
0.99955654 -0.02977784
0.99954319 -0.03022274
0.99953291 -0.03056070
0.99952583 -0.03079140
0.99952202 -0.03091477
0.99952152 -0.03093097
0.99952432 -0.03084040
0.99953037 -0.03064370
0.99953958 -0.03034173
0.99955183 -0.02993557
0.99956695 -0.02942654
0.99958473 -0.02881616
0.99960494 -0.02810613
0.99962733 -0.02729837
0.99965159 -0.02639498
0.99967741 -0.02539821
0.99970446 -0.02431050
0.99973236 -0.02313442
0.99976076 -0.02187266
0.99978928 -0.02052807
0.99981751 -0.01910357
0.99984507 -0.01760220
0.99987156 -0.01602709
0.99989658 -0.01438141
0.99991975 -0.01266840
0.99994069 -0.01089137
0.99995902 -0.00905361
0.99997438 -0.00715848
0.99998643 -0.00520931
0.99999596 -0.00284290
0.99999995 0.00030137
0.99999109 0.00422124
0.99996021 0.00892087
0.99989616 0.01441061
0.99978559 0.02070690
0.99961261 0.02783222
0.99935843 0.03581518
0.99900087 0.04469065
0.99851377 0.05449998
0.99786625 0.06529121
0.99702186 0.07711941
0.99593752 0.09004698
0.99456223 0.10414395
0.99283561 0.11948831
0.99068602 0.13616611
0.98802848 0.15427160
0.98476210 0.17390691
0.98076714 0.19518152
0.97590161 0.21821102
0.96999743 0.24311516
0.96285619 0.27001475
0.95424466 0.29902696
0.94389044 0.33025875
0.93147802 0.36379762
0.91664633 0.39969927
0.89898878 0.43797166
0.87852762 0.47769155
0.85552580 0.51776018
0.82994338 0.55784764
0.80179800 0.59759516
0.77117155 0.63662740
0.73821331 0.67456735
0.70313873 0.71105269
0.66622335 0.74575227
0.62779244 0.77838079
0.58820689 0.80871049
0.54784709 0.83657849
0.50709615 0.86188949
0.46632424 0.88461387
0.42587529 0.90478187
0.38629672 0.92237457
0.34799714 0.93749560
0.31105216 0.95039284
0.27549866 0.96130145
0.24134242 0.97044002
0.20856502 0.97800850
0.17712982 0.98418750
0.14698689 0.98913844
0.11807707 0.99300443
0.09033524 0.99591141
0.06369275 0.99796956
0.03807941 0.99927472
0.01342492 0.99990988
-0.01034016 0.99994654
-0.03210357 0.99948455
-0.05081517 0.99870807
-0.06662677 0.99777797
-0.07967371 0.99682100
-0.09007161 0.99593529
-0.09791445 0.99519484
-0.10327341 0.99465301
-0.10619626 0.99434519
-0.10670691 0.99429052
-0.10480525 0.99449277
-0.10046690 0.99494040
-0.09364311 0.99560583
-0.08426071 0.99644374
-0.07222229 0.99738856
-0.05920137 0.99824606
-0.04698152 0.99889576
-0.03560969 0.99936577
-0.02512893 0.99968422
-0.01557834 0.99987865
-0.00699305 0.99997555
0.00059569 0.99999982
0.00716049 0.99997436
0.01267768 0.99991964
0.01712722 0.99985332
0.02049260 0.99979000
0.02276072 0.99974094
0.02392186 0.99971383
0.02396959 0.99971269
0.02346288 0.99972471
0.02296334 0.99973631
0.02247102 0.99974749
0.02198595 0.99975828
0.02150815 0.99976867
0.02103766 0.99977868
0.02057452 0.99978832
0.02011875 0.99979760
0.01967038 0.99980652
0.01922946 0.99981510
0.01879599 0.99982334
0.01837002 0.99983126
0.01795157 0.99983886
0.01754068 0.99984615
0.01713736 0.99985314
0.01674165 0.99985985
0.01635357 0.99986627
0.01597314 0.99987242
0.01560040 0.99987831
0.01523536 0.99988394
0.01487806 0.99988932
0.01452851 0.99989446
0.01418674 0.99989936
0.01385276 0.99990405
0.01352661 0.99990851
0.01320830 0.99991277
0.01289785 0.99991682
0.01259528 0.99992068
0.01230062 0.99992434
0.01201387 0.99992783
0.01173506 0.99993114
0.01146421 0.99993428
0.01120133 0.99993726
0.01094644 0.99994009
0.01069955 0.99994276
0.01046067 0.99994529
0.01022983 0.99994767
0.01000704 0.99994993
0.00979230 0.99995205
0.00958563 0.99995406
0.00938705 0.99995594
0.00919656 0.99995771
0.00901417 0.99995937
0.00883990 0.99996093
0.00867375 0.99996238
0.00851573 0.99996374
0.00836585 0.99996501
0.00822411 0.99996618
0.00809053 0.99996727
0.00796510 0.99996828
0.00784784 0.99996921
0.00773875 0.99997006
0.00763782 0.99997083
0.00754507 0.99997154
0.00746050 0.99997217
0.00738411 0.99997274
0.00731192 0.99997327
0.00723994 0.99997379
0.00716818 0.99997431
0.00709664 0.99997482
0.00702532 0.99997532
0.00695421 0.99997582
0.00688332 0.99997631
0.00681265 0.99997679
0.00674219 0.99997727
0.00667195 0.99997774
0.00660192 0.99997821
0.00653211 0.99997867
0.00646251 0.99997912
0.00639313 0.99997956
0.00632396 0.99998000
0.00625501 0.99998044
0.00618627 0.99998086
0.00611775 0.99998129
0.00604944 0.99998170
0.00598134 0.99998211
0.00591346 0.99998252
0.00584579 0.99998291
0.00577833 0.99998331
0.00571109 0.99998369
0.00564406 0.99998407
0.00557724 0.99998445
0.00551063 0.99998482
0.00544424 0.99998518
0.00537805 0.99998554
0.00531208 0.99998589
0.00524632 0.99998624
0.00518077 0.99998658
0.00511543 0.99998692
0.00505031 0.99998725
0.00498539 0.99998757
0.00492068 0.99998789
0.00485618 0.99998821
0.00479190 0.99998852
0.00472782 0.99998882
0.00466395 0.99998912
0.00460030 0.99998942
0.00453685 0.99998971
0.00447361 0.99998999
0.00441058 0.99999027
0.00434775 0.99999055
0.00428514 0.99999082
0.00422274 0.99999108
0.00416054 0.99999134
0.00409855 0.99999160
0.00403677 0.99999185
0.00397519 0.99999210
0.00391382 0.99999234
0.00385267 0.99999258
0.00379171 0.99999281
0.00373097 0.99999304
0.00367043 0.99999326
0.00361009 0.99999348
0.00354997 0.99999370
0.00349005 0.99999391
0.00343033 0.99999412
0.00337082 0.99999432
0.00331152 0.99999452
0.00325242 0.99999471
0.00319353 0.99999490
0.00313484 0.99999509
0.00307636 0.99999527
0.00301808 0.99999545
0.00296001 0.99999562
0.00290214 0.99999579
0.00284448 0.99999595
0.00278702 0.99999612
0.00272976 0.99999627
0.00267271 0.99999643
0.00261586 0.99999658
0.00255922 0.99999673
0.00250278 0.99999687
0.00244654 0.99999701
0.00239050 0.99999714
0.00233467 0.99999727
0.00227904 0.99999740
0.00222361 0.99999753
0.00216839 0.99999765
0.00211337 0.99999777
0.00205855 0.99999788
0.00200393 0.99999799
0.00194951 0.99999810
0.00189530 0.99999820
0.00184129 0.99999830
0.00178748 0.99999840
0.00173387 0.99999850
0.00168046 0.99999859
0.00162725 0.99999868
0.00157424 0.99999876
0.00152144 0.99999884
0.00146883 0.99999892
0.00141643 0.99999900
0.00136422 0.99999907
0.00131222 0.99999914
0.00126042 0.99999921
0.00120881 0.99999927
0.00115741 0.99999933
0.00110620 0.99999939
0.00105520 0.99999944
0.00100439 0.99999950
0.00095379 0.99999955
0.00090338 0.99999959
0.00085317 0.99999964
0.00080317 0.99999968
0.00075336 0.99999972
0.00070375 0.99999975
0.00065433 0.99999979
0.00060548 0.99999982
0.00055756 0.99999984
0.00051056 0.99999987
0.00046449 0.99999989
0.00041934 0.99999991
0.00037513 0.99999993
0.00033183 0.99999994
0.00028947 0.99999996
0.00024803 0.99999997
0.00020751 0.99999998
0.00016792 0.99999999
0.00012926 0.99999999
0.00009153 1.00000000
0.00005472 1.00000000
0.00001884 1.00000000
-0.00001611 1.00000000
-0.00005014 1.00000000
-0.00008323 1.00000000
-0.00011541 0.99999999
-0.00014665 0.99999999
-0.00017697 0.99999998
-0.00020636 0.99999998
-0.00023482 0.99999997
-0.00026236 0.99999997
-0.00028897 0.99999996
-0.00031465 0.99999995
-0.00033940 0.99999994
-0.00036323 0.99999993
-0.00038613 0.99999993
-0.00040810 0.99999992
-0.00042914 0.99999991
-0.00044926 0.99999990
-0.00046844 0.99999989
-0.00048670 0.99999988
-0.00050403 0.99999987
-0.00052044 0.99999986
-0.00053591 0.99999986
-0.00055046 0.99999985
-0.00056408 0.99999984
-0.00057677 0.99999983
-0.00058854 0.99999983
-0.00059937 0.99999982
-0.00060928 0.99999981
-0.00061826 0.99999981
-0.00062631 0.99999980
-0.00063344 0.99999980
-0.00063963 0.99999980
-0.00064490 0.99999979
-0.00064924 0.99999979
-0.00065265 0.99999979
-0.00065513 0.99999979
-0.00065668 0.99999978
-0.00065730 0.99999978
-0.00065700 0.99999978
-0.00065577 0.99999978
-0.00065361 0.99999979
-0.00065052 0.99999979
-0.00064650 0.99999979
-0.00064155 0.99999979
-0.00063568 0.99999980
-0.00062888 0.99999980
-0.00062114 0.99999981
-0.00061248 0.99999981
-0.00060289 0.99999982
-0.00059238 0.99999982
-0.00058093 0.99999983
-0.00056855 0.99999984
-0.00055525 0.99999985
-0.00054102 0.99999985
-0.00052585 0.99999986
-0.00050976 0.99999987
-0.00049275 0.99999988
-0.00047480 0.99999989
-0.00045592 0.99999990
-0.00043612 0.99999990
-0.00041538 0.99999991
-0.00039372 0.99999992
-0.00037113 0.99999993
-0.00034761 0.99999994
-0.00032316 0.99999995
-0.00029779 0.99999996
-0.00027148 0.99999996
-0.00024424 0.99999997
-0.00021608 0.99999998
-0.00018699 0.99999998
-0.00015697 0.99999999
-0.00012602 0.99999999
-0.00009414 1.00000000
-0.00006134 1.00000000
-0.00002760 1.00000000
0.00000706 1.00000000
0.00004266 1.00000000
0.00007918 1.00000000
0.00011663 0.99999999
0.00015500 0.99999999
0.00019431 0.99999998
0.00023455 0.99999997
0.00027571 0.99999996
0.00031780 0.99999995
0.00036082 0.99999993
0.00040477 0.99999992
0.00044965 0.99999990
0.00049545 0.99999988
0.00054219 0.99999985
0.00058985 0.99999983
0.00063844 0.99999980
0.00068796 0.99999976
0.00073840 0.99999973
0.00078978 0.99999969
0.00084208 0.99999965
0.00089531 0.99999960
0.00094947 0.99999955
0.00100456 0.99999950
0.00106058 0.99999944
0.00111752 0.99999938
0.00117539 0.99999931
0.00123419 0.99999924
0.00129392 0.99999916
0.00135457 0.99999908
0.00141616 0.99999900
0.00147867 0.99999891
0.00154211 0.99999881
0.00160647 0.99999871
0.00167177 0.99999860
0.00173799 0.99999849
0.00180513 0.99999837
0.00187321 0.99999825
0.00194221 0.99999811
0.00201214 0.99999798
0.00208300 0.99999783
0.00215479 0.99999768
0.00222750 0.99999752
0.00230114 0.99999735
0.00237571 0.99999718
0.00245120 0.99999700
0.00252762 0.99999681
0.00260497 0.99999661
0.00268324 0.99999640
0.00276244 0.99999618
0.00284257 0.99999596
0.00292362 0.99999573
0.00300560 0.99999548
0.00308851 0.99999523
0.00317234 0.99999497
0.00325710 0.99999470
0.00334279 0.99999441
0.00342940 0.99999412
0.00351694 0.99999382
0.00360541 0.99999350
0.00369480 0.99999317
0.00378511 0.99999284
0.00387636 0.99999249
0.00396852 0.99999213
0.00406162 0.99999175
0.00415564 0.99999137
0.00425058 0.99999097
0.00434645 0.99999055
0.00444325 0.99999013
0.00454097 0.99998969
0.00463961 0.99998924
0.00473918 0.99998877
0.00483968 0.99998829
0.00494110 0.99998779
0.00504344 0.99998728
0.00514672 0.99998676
0.00525091 0.99998621
0.00535603 0.99998566
0.00546207 0.99998508
0.00556904 0.99998449
0.00567693 0.99998389
0.00578575 0.99998326
0.00589549 0.99998262
0.00600615 0.99998196
0.00611774 0.99998129
0.00623025 0.99998059
0.00634369 0.99997988
0.00645805 0.99997915
0.00657333 0.99997840
0.00668953 0.99997762
0.00680666 0.99997683
0.00692471 0.99997602
0.00704369 0.99997519
0.00716359 0.99997434
0.00728441 0.99997347
0.00740615 0.99997257
0.00752881 0.99997166
0.00765240 0.99997072
0.00777691 0.99996976
0.00790234 0.99996878
0.00802869 0.99996777
0.00815597 0.99996674
0.00828417 0.99996569
0.00841328 0.99996461
0.00854332 0.99996351
0.00867429 0.99996238
0.00880617 0.99996122
0.00893897 0.99996005
0.00907270 0.99995884
0.00920734 0.99995761
0.00934291 0.99995635
0.00947939 0.99995507
0.00961680 0.99995376
0.00975513 0.99995242
0.00989438 0.99995105
0.01003454 0.99994965
0.01017563 0.99994823
0.01031764 0.99994677
0.01046056 0.99994529
0.01060441 0.99994377
0.01074917 0.99994223
0.01089485 0.99994065
0.01104146 0.99993904
0.01118898 0.99993740
0.01133742 0.99993573
0.01148678 0.99993402
0.01163705 0.99993229
0.01178825 0.99993052
0.01194036 0.99992871
0.01209339 0.99992687
0.01224734 0.99992500
0.01240220 0.99992309
0.01255799 0.99992115
0.01271468 0.99991917
0.01271468 0.99991917
0.01271468 0.99991917
0.01271468 0.99991917
0.01271468 0.99991917
0.01271468 0.99991917
0.01271468 0.99991917
0.01271468 0.99991917
0.01271468 0.99991917
0.01271468 0.99991917
0.01271468 0.99991917
0.01271468 0.99991917
0.01271468 0.99991917
0.01271468 0.99991917
0.01271468 0.99991917
0.01271468 0.99991917
0.01271468 0.99991917
0.01271468 0.99991917
0.01271468 0.99991917
0.01271468 0.99991917
0.01271468 0.99991917
0.01271468 0.99991917
0.01271468 0.99991917
0.01271468 0.99991917
0.01271468 0.99991917
0.01271468 0.99991917
0.01271468 0.99991917
0.01271468 0.99991917
0.01271468 0.99991917
0.01271468 0.99991917
0.01271468 0.99991917
0.01271468 0.99991917
0.01271468 0.99991917
0.01271468 0.99991917
0.01271468 0.99991917
0.01271468 0.99991917
0.01271468 0.99991917
0.01271468 0.99991917
0.01271468 0.99991917
0.01271468 0.99991917
0.01271468 0.99991917
0.01271468 0.99991917
0.01271468 0.99991917
0.01271468 0.99991917
0.01271468 0.99991917
0.01271468 0.99991917
0.01271468 0.99991917
0.01271468 0.99991917
0.01271468 0.99991917
0.01271468 0.99991917
0.01271468 0.99991917
0.01271468 0.99991917
0.01271468 0.99991917
0.01271468 0.99991917
0.01271468 0.99991917
0.01271468 0.99991917
