-0.95390876 -0.30009677
-0.98854042 -0.15095640
-0.99976401 0.02172385
-0.97838237 0.20680410
-0.92201945 0.38714357
-0.83750220 0.54643395
-0.73713276 0.67574795
-0.63254026 0.77452748
-0.53120997 0.84724021
-0.43638316 0.89976094
-0.34836612 0.93735855
-0.26642509 0.96385563
-0.19219067 0.98135760
-0.12731436 0.99186242
-0.07255279 0.99736457
-0.02804287 0.99960672
0.00642387 0.99997937
0.03118365 0.99951367
0.04654985 0.99891597
0.05271831 0.99860942
0.04971338 0.99876353
0.04221949 0.99910836
0.03501735 0.99938670
0.02812904 0.99960430
0.02157543 0.99976722
0.01537599 0.99988178
0.00954864 0.99995441
0.00410963 0.99999156
-0.00092657 0.99999957
-0.00554738 0.99998461
-0.00974216 0.99995254
-0.01350224 0.99990884
-0.01682101 0.99985852
-0.01969385 0.99980606
-0.02211816 0.99975536
-0.02409332 0.99970971
-0.02562063 0.99967174
-0.02670326 0.99964340
-0.02734614 0.99962602
-0.02755592 0.99962026
-0.02727337 0.99962801
-0.02643736 0.99965047
-0.02504631 0.99968629
-0.02308983 0.99973339
-0.02054853 0.99978886
-0.01739338 0.99984872
-0.01358477 0.99990772
-0.00907108 0.99995886
-0.00378665 0.99999283
0.00235084 0.99999724
0.02365290 0.99972023
0.07504687 0.99718001
0.15604436 0.98775005
0.26243191 0.96495051
0.38458019 0.92309159
0.47623209 0.87931962
0.51231027 0.85880044
0.50275843 0.86442695
0.44617012 0.89494817
0.36279471 0.93186909
0.28152265 0.95955458
0.20547882 0.97866156
0.13705560 0.99056336
0.07780038 0.99696896
0.02851419 0.99959339
-0.01054223 0.99994443
-0.03942646 0.99922247
-0.05832889 0.99829742
-0.06744060 0.99772329
-0.07352452 0.99729341
-0.08325797 0.99652803
-0.09666001 0.99531746
-0.11375634 0.99350868
-0.13457108 0.99090394
-0.15911577 0.98725993
-0.18737556 0.98228835
-0.21929261 0.97565914
-0.25474725 0.96700767
-0.29136473 0.95661204
-0.32686467 0.94507116
-0.36122130 0.93248012
-0.39442186 0.91892948
-0.42646501 0.90450406
-0.45735913 0.88928209
-0.48712075 0.87333463
-0.51577304 0.85672526
-0.54334431 0.83950995
-0.56986681 0.82173707
-0.59537551 0.80344757
-0.61990705 0.78467525
-0.64349891 0.76544703
-0.66618854 0.74578336
-0.68801276 0.72569858
-0.70900714 0.70520130
-0.72920548 0.68429479
-0.74863943 0.66297738
-0.76733806 0.64124278
-0.78532756 0.61908047
-0.80263089 0.59647603
-0.81926755 0.57341144
-0.83525326 0.54986543
-0.85059972 0.52581377
-0.86531433 0.50122960
-0.87939993 0.47608379
-0.89285451 0.45034524
-0.90567093 0.42398133
-0.91783663 0.39695834
-0.92933332 0.36924191
-0.94013667 0.34079766
-0.95021606 0.31159179
-0.95953427 0.28159187
-0.96804731 0.25076764
-0.97570419 0.21909205
-0.98244693 0.18654232
-0.98821051 0.15310121
-0.99292318 0.11875839
-0.99650678 0.08351191
-0.99885325 0.04787673
-0.99992236 0.01246065
-0.99974467 -0.02259646
-0.99836486 -0.05716296
-0.99584014 -0.09111763
-0.99223825 -0.12435138
-0.98763538 -0.15676849
-0.98211398 -0.18828734
-0.97576062 -0.21884063
-0.96866391 -0.24837519
-0.96154365 -0.27465217
-0.95529752 -0.29564617
-0.95020826 -0.31161557
-0.94647482 -0.32277765
-0.94422700 -0.32929525
-0.94353630 -0.33126916
-0.94442243 -0.32873434
-0.94685555 -0.32165910
-0.95075390 -0.30994680
-0.95538648 -0.29535854
-0.96007781 -0.27973307
-0.96478354 -0.26304510
-0.96945443 -0.24527150
-0.97403623 -0.22639217
-0.97846960 -0.20639099
-0.98269011 -0.18525697
-0.98662849 -0.16298532
-0.99021097 -0.13957876
-0.99335985 -0.11504871
-0.99578841 -0.09168120
-0.99741791 -0.07181580
-0.99845743 -0.05552254
-0.99908190 -0.04284104
-0.99942897 -0.03378968
-0.99959741 -0.02837299
-0.99964650 -0.02658704
-0.99959599 -0.02842266
-0.99942636 -0.03386658
-0.99934592 -0.03616263
-0.99959155 -0.02857860
-0.99993848 -0.01109206
-0.99986645 0.01634247
-0.99855626 0.05371596
-0.99698227 0.07762961
-0.99789656 0.06482634
-0.99989075 0.01478158
-0.99733811 -0.07291561
-0.98071491 -0.19544375
-0.94982490 -0.31278212
-0.91930192 -0.39355301
-0.89609600 -0.44386029
-0.88338170 -0.46865421
-0.88243796 -0.47042879
-0.89358824 -0.44888757
-0.91619536 -0.40073191
-0.94757222 -0.31954169
-0.98045437 -0.19674660
-0.99965245 -0.02636230
-0.98749234 0.15766697
-0.94941859 0.31401327
-0.89897442 0.43800114
-0.84635437 0.53262020
-0.79729359 0.60359170
-0.76841586 0.63995083
-0.77499595 0.63196619
-0.81692293 0.57674685
-0.88947578 0.45698232
-0.96915541 0.24645040
-0.99998552 -0.00538170
-0.97500962 -0.22216265
-0.91744336 -0.39786642
-0.84187452 -0.53967332
-0.75374718 -0.65716450
-0.65234674 -0.75792066
-0.53291052 -0.84617160
-0.38783972 -0.92172683
-0.20855859 -0.97800987
-0.01198447 -0.99992818
0.16996115 -0.98545076
0.32798281 -0.94468369
0.46042433 -0.88769895
0.56999139 -0.82165067
0.66341471 -0.74825191
0.74962423 -0.66186367
0.83299747 -0.55327680
0.91265687 -0.40872661
0.97753334 -0.21078087
0.99971101 0.02403936
0.96616292 0.25793257
0.87906446 0.47670293
0.74378693 0.66841679
0.56875134 0.82250952
0.43041610 0.90263059
0.40013151 0.91645773
0.47880744 0.87791995
0.67101524 0.74144355
0.86880380 0.49515650
0.97239594 0.23333696
0.99999710 0.00240673
0.98381365 -0.17919457
0.94341599 -0.33161162
0.89015343 -0.45566091
0.84867315 -0.52891765
0.83228271 -0.55435141
0.84624458 -0.53279462
0.88855238 -0.45877519
0.93385057 -0.35766341
0.96426171 -0.26495159
0.98281423 -0.18459739
0.99295229 -0.11851474
0.99774207 -0.06716220
0.99954312 -0.03022507
0.99997447 -0.00714617
0.99999678 0.00253918
0.99999952 -0.00097564
0.99994995 -0.01000481
0.99985891 -0.01679773
0.99977269 -0.02132049
0.99972285 -0.02354194
0.99972542 -0.02343276
0.99978021 -0.02096494
0.99987019 -0.01611194
0.99996084 -0.00884936
0.99999964 0.00084373
0.99991572 0.01298274
0.99961974 0.02757486
0.99900423 0.04461566
0.99794444 0.06408507
0.99630007 0.08594289
0.99391786 0.11012400
0.99063543 0.13653364
0.98628636 0.16504307
0.98070645 0.19548622
0.97374119 0.22765783
0.96610286 0.25815744
0.95886109 0.28387569
0.95234460 0.30502419
0.94680453 0.32180923
0.94242605 0.33441463
0.93933897 0.34299022
0.93762636 0.34764466
0.93733063 0.34844123
0.93845704 0.34539598
0.94097444 0.33847763
0.94481335 0.32760913
0.94986139 0.31267128
0.95595635 0.29350888
0.96287705 0.26994035
0.97033306 0.24177212
0.97795428 0.20881914
0.98528272 0.17093261
0.99176959 0.12803547
0.99678162 0.08016483
0.99953962 0.03034068
0.99982980 -0.01844900
0.99781108 -0.06612899
0.99363399 -0.11265650
0.98743651 -0.15801623
0.97934105 -0.20221549
0.96945243 -0.24527940
0.95785670 -0.28724650
0.94462054 -0.32816465
0.92979120 -0.36808740
0.91339668 -0.40707063
0.89544628 -0.44516959
0.87593119 -0.48243607
0.85482536 -0.51891580
0.83208647 -0.55464594
0.80765704 -0.58965253
0.78146589 -0.62394796
0.75342981 -0.65752834
0.72345573 -0.69037077
0.69180777 -0.72208172
0.65887776 -0.75225002
0.62475910 -0.78081756
0.58954530 -0.80773531
0.55332921 -0.83296266
0.51620237 -0.85646665
0.47825462 -0.87822122
0.43957382 -0.89820647
0.40024570 -0.91640787
0.36035392 -0.93281566
0.31998016 -0.94742424
0.27920436 -0.96023170
0.23810492 -0.97123944
0.19675908 -0.98045187
0.15524313 -0.98787629
0.11363277 -0.99352282
0.07200334 -0.99740439
0.03042999 -0.99953690
-0.01101212 -0.99993936
-0.04715535 -0.99888757
-0.07319838 -0.99731740
-0.08955347 -0.99598202
-0.09647642 -0.99533527
-0.09400868 -0.99557138
-0.08194845 -0.99663657
-0.05984556 -0.99820765
-0.02702563 -0.99963474
0.01733669 -0.99984971
0.07406096 -0.99725372
0.11901725 -0.99289219
0.12625671 -0.99199760
0.09604459 -0.99537703
0.03153166 -0.99950275
-0.06045939 -0.99817066
-0.15963459 -0.98717617
-0.26227643 -0.96499279
-0.38285225 -0.92380959
-0.53746002 -0.84328923
-0.73671203 -0.67620661
-0.90911817 -0.41653829
-0.98354477 -0.18066456
-0.99963516 -0.02701002
-0.99892513 0.04635277
-0.99847980 0.05511895
-0.99927575 0.03805218
-0.99967726 0.02540426
-0.99986492 0.01643585
-0.99994267 0.01070747
-0.99996787 0.00801587
-0.99997655 0.00684802
-0.99998361 0.00572582
-0.99998915 0.00465881
-0.99999332 0.00365635
-0.99999628 0.00272733
-0.99999823 0.00188000
-0.99999937 0.00112172
-0.99999989 0.00045880
-0.99999999 -0.00010371
-0.99999982 -0.00059264
-0.99999946 -0.00103771
-0.99999896 -0.00143924
-0.99999838 -0.00179749
-0.99999777 -0.00211273
-0.99999716 -0.00238520
-0.99999658 -0.00261514
-0.99999607 -0.00280274
-0.99999565 -0.00294819
-0.99999534 -0.00305166
-0.99999515 -0.00311330
-0.99999509 -0.00313325
-0.99999516 -0.00311162
-0.99999535 -0.00304851
-0.99999567 -0.00294400
-0.99999609 -0.00279816
-0.99999659 -0.00261104
-0.99999716 -0.00238265
-0.99999777 -0.00211303
-0.99999838 -0.00180216
-0.99999895 -0.00145002
-0.99999944 -0.00105658
-0.99999981 -0.00062178
-0.99999999 -0.00014555
-0.99999993 0.00037218
-0.99999957 0.00093154
-0.99999883 0.00153263
-0.99999763 0.00217560
-0.99999591 0.00286059
-0.99999356 0.00358778
-0.99999051 0.00435735
-0.99998664 0.00516952
-0.99998185 0.00602450
-0.99997604 0.00692253
-0.99996908 0.00786386
-0.99996085 0.00884878
-0.99995122 0.00987757
-0.99994004 0.01095054
-0.99993464 0.01143341
-0.99994286 0.01068968
-0.99996201 0.00871706
-0.99998480 0.00551420
-0.99999942 0.00108090
-0.99998950 -0.00458171
-0.99993421 -0.01147087
-0.99980826 -0.01958180
-0.99958210 -0.02890723
-0.99922206 -0.03943694
-0.99889589 -0.04697869
-0.99887756 -0.04736691
-0.99917471 -0.04061888
-0.99964241 -0.02674038
-0.99998352 -0.00574115
-0.99975058 0.02233349
-0.99835380 0.05735582
-0.99508179 0.09905675
-0.98914221 0.14696151
-0.97972797 0.20033247
-0.96363771 0.26721222
-0.93334822 0.35897228
-0.87760686 0.47938107
-0.77873050 0.62735859
-0.61705606 0.78691920
-0.42734173 0.90409018
-0.26935509 0.96304093
-0.15041111 0.98862354
-0.06568767 0.99784023
-0.00884387 0.99996089
0.02773457 0.99961532
0.04767850 0.99886273
0.05016196 0.99874110
0.03454973 0.99940298
0.00039002 0.99999992
-0.03390344 0.99942511
-0.04952935 0.99877267
-0.04637366 0.99892416
-0.02454055 0.99969884
0.00303077 0.99999541
0.02366156 0.99972003
0.03748961 0.99929702
0.04463856 0.99900320
0.04519123 0.99897835
0.03917695 0.99923229
0.02657124 0.99964692
0.00730735 0.99997330
-0.01869960 0.99982515
-0.05151400 0.99867227
-0.07861946 0.99690470
-0.08749775 0.99616472
-0.07796846 0.99695583
-0.04950760 0.99877375
-0.00137897 0.99999905
0.06689388 0.99776010
0.15465451 0.98796861
0.25896530 0.96588662
0.37376149 0.92752485
0.46732665 0.88408472
0.52079963 0.85367895
0.54222235 0.84023504
0.53468268 0.84505292
0.49589224 0.86838406
0.42267683 0.90628047
0.30943652 0.95092010
0.14686030 0.98915724
-0.06355442 0.99797837
-0.29603917 0.95517580
-0.46832288 0.88355740
-0.55355050 0.83281561
-0.58132196 0.81367363
-0.56277873 0.82660759
-0.49266242 0.87022051
-0.39088221 0.92044071
-0.29493431 0.95551753
-0.21271363 0.97711458
-0.14941836 0.98877407
-0.09990175 0.99499731
-0.05707936 0.99836964
-0.02089015 0.99978178
0.00885879 0.99996076
0.03241812 0.99947439
0.05004336 0.99874705
0.06195957 0.99807866
0.06833959 0.99766212
0.06929188 0.99759643
0.06485534 0.99789468
0.05499956 0.99848638
0.03963006 0.99921442
0.01859934 0.99982702
-0.00827464 0.99996576
-0.04117991 0.99915175
-0.08026890 0.99677325
-0.12560123 0.99208081
-0.17707067 0.98419814
-0.23432081 0.97215933
-0.29666197 0.95498255
-0.35945905 0.93316086
-0.41879594 0.90808037
-0.47481972 0.88008309
-0.52771861 0.84941925
-0.57769719 0.81625116
-0.62495625 0.78065978
-0.66967657 0.74265287
-0.71200566 0.70217372
-0.75204620 0.65911039
-0.78984563 0.61330570
-0.82538622 0.56456850
-0.85857550 0.51268715
-0.88923725 0.45744629
-0.91710405 0.39864791
-0.94181284 0.33613773
-0.96290597 0.26983714
-0.97984077 0.19978005
-0.99201091 0.12615212
-0.99878265 0.04932773
-0.99962708 -0.02730760
-0.99492589 -0.10061049
-0.98534835 -0.17055390
-0.97144721 -0.23725580
-0.95364715 -0.30092710
-0.93224450 -0.36182895
-0.90741353 -0.42023884
-0.87921567 -0.47642397
-0.84761007 -0.53061960
-0.81246471 -0.58301038
-0.77356836 -0.63371286
-0.73064466 -0.68275792
-0.68336983 -0.73007238
-0.63139637 -0.77546026
-0.57438534 -0.81858505
-0.51204915 -0.85895615
-0.44420613 -0.89592462
-0.37084512 -0.92869473
-0.29219450 -0.95635891
-0.21497633 -0.97661926
-0.14591219 -0.98929755
-0.08498178 -0.99638251
-0.03177012 -0.99949520
0.01431405 -0.99989755
0.06145156 -0.99811007
0.11803533 -0.99300940
0.18496438 -0.98274523
0.26283513 -0.96484076
0.35149704 -0.93618899
0.43886574 -0.89855265
0.51221330 -0.85885827
0.57089631 -0.82102217
0.61561319 -0.78804848
0.64771619 -0.76188171
0.66867700 -0.74355300
0.67977512 -0.73342060
0.68196597 -0.73138390
0.67586276 -0.73702750
0.65744945 -0.75349865
0.62073658 -0.78401920
0.56073322 -0.82799653
0.46894303 -0.88322842
0.33402594 -0.94256388
0.18405188 -0.98291653
0.06607242 -0.99781483
-0.01166003 -0.99993202
-0.04867502 -0.99881467
-0.04678757 -0.99890486
-0.02750900 -0.99962156
-0.01119827 -0.99993730
0.00227468 -0.99999741
0.01302246 -0.99991520
0.02113773 -0.99977657
0.02669151 -0.99964372
0.02973230 -0.99955790
0.03028548 -0.99954129
0.02835304 -0.99959797
0.02523340 -0.99968159
0.02223699 -0.99975273
0.01936612 -0.99981246
0.01662296 -0.99986183
0.01400958 -0.99990186
0.01152790 -0.99993355
0.00917975 -0.99995787
0.00696679 -0.99997573
0.00489059 -0.99998804
0.00295257 -0.99999564
0.00115401 -0.99999933
-0.00050391 -0.99999987
-0.00202019 -0.99999796
-0.00339391 -0.99999424
-0.00462433 -0.99998931
-0.00571083 -0.99998369
-0.00665290 -0.99997787
-0.00745021 -0.99997225
-0.00810252 -0.99996717
-0.00865219 -0.99996257
-0.00914177 -0.99995821
-0.00957139 -0.99995419
-0.00994117 -0.99995059
-0.01025123 -0.99994745
-0.01050166 -0.99994486
-0.01069257 -0.99994283
-0.01082403 -0.99994142
-0.01089611 -0.99994064
-0.01090887 -0.99994050
-0.01086234 -0.99994100
-0.01075658 -0.99994215
-0.01059159 -0.99994391
-0.01036740 -0.99994626
-0.01008400 -0.99994916
-0.00974138 -0.99995255
-0.00933953 -0.99995639
-0.00887840 -0.99996059
-0.00835797 -0.99996507
-0.00777816 -0.99996975
-0.00713892 -0.99997452
-0.00644017 -0.99997926
-0.00568183 -0.99998386
-0.00486380 -0.99998817
-0.00398597 -0.99999206
-0.00304822 -0.99999535
-0.00205042 -0.99999790
-0.00099244 -0.99999951
0.00012587 -0.99999999
0.00130468 -0.99999915
0.00254414 -0.99999676
0.00384445 -0.99999261
0.00520578 -0.99998645
0.00662833 -0.99997803
0.00811232 -0.99996709
0.00965796 -0.99995336
0.01126546 -0.99993654
0.01293508 -0.99991634
0.01293508 -0.99991634
0.01293508 -0.99991634
0.01293508 -0.99991634
0.01293508 -0.99991634
0.01293508 -0.99991634
0.01293508 -0.99991634
0.01293508 -0.99991634
0.01293508 -0.99991634
0.01293508 -0.99991634
0.01293508 -0.99991634
0.01293508 -0.99991634
0.01293508 -0.99991634
0.01293508 -0.99991634
0.01293508 -0.99991634
0.01293508 -0.99991634
0.01293508 -0.99991634
0.01293508 -0.99991634
0.01293508 -0.99991634
0.01293508 -0.99991634
0.01293508 -0.99991634
0.01293508 -0.99991634
0.01293508 -0.99991634
0.01293508 -0.99991634
0.01293508 -0.99991634
0.01293508 -0.99991634
0.01293508 -0.99991634
0.01293508 -0.99991634
0.01293508 -0.99991634
0.01293508 -0.99991634
0.01293508 -0.99991634
0.01293508 -0.99991634
0.01293508 -0.99991634
0.01293508 -0.99991634
0.01293508 -0.99991634
0.01293508 -0.99991634
0.01293508 -0.99991634
0.01293508 -0.99991634
0.01293508 -0.99991634
0.01293508 -0.99991634
0.01293508 -0.99991634
0.01293508 -0.99991634
0.01293508 -0.99991634
0.01293508 -0.99991634
0.01293508 -0.99991634
0.01293508 -0.99991634
