-0.95109858 -0.30888752
-0.99841416 0.05629530
-0.88250126 0.47031003
-0.65191034 0.75829606
-0.43311829 0.90133709
-0.26114625 0.96529925
-0.12286686 0.99242316
-0.02248892 0.99974709
0.03415554 0.99941653
0.04709330 0.99889050
0.03824920 0.99926823
0.02868442 0.99958852
0.01834362 0.99983174
0.00716266 0.99997435
-0.00493236 0.99998784
-0.01802628 0.99983751
-0.03221617 0.99948092
-0.04761293 0.99886586
-0.05627517 0.99841530
-0.04992359 0.99875304
-0.02823106 0.99960142
0.00897173 0.99995975
0.06145654 0.99810976
0.15802405 0.98743526
0.31702918 0.94841578
0.41154224 0.91139069
0.35683053 0.93416914
0.23111399 0.97292668
0.12558293 0.99208313
0.04775608 0.99885903
0.00046294 0.99999989
-0.03823800 0.99926866
-0.09090953 0.99585915
-0.15733764 0.98754487
-0.23645911 0.97164144
-0.31784514 0.94814264
-0.39252861 0.91973980
-0.46090122 0.88745144
-0.52351601 0.85201584
-0.58098864 0.81391167
-0.63392948 0.77339086
-0.68289929 0.73051253
-0.72838036 0.68517301
-0.77075617 0.63713022
-0.81029416 0.58602335
-0.84712727 0.53139005
-0.88123152 0.47268489
-0.91239807 0.40930401
-0.94020009 0.34062264
-0.96395821 0.26605368
-0.98271294 0.18513584
-0.99522005 0.09765782
-0.99993507 0.01139584
-0.99791473 -0.06454607
-0.99164421 -0.12900292
-0.98334550 -0.18174604
-0.97479157 -0.22311743
-0.96728026 -0.25371027
-0.96168943 -0.27414126
-0.95855432 -0.28490984
-0.95813336 -0.28632231
-0.96044785 -0.27845991
-0.96529060 -0.26117820
-0.97220408 -0.23413506
-0.98043270 -0.19685457
-0.98886108 -0.14884141
-0.99596312 -0.08976336
-0.99980575 -0.01970922
-0.99816799 0.06050343
-0.99370616 0.11201820
-0.99514970 0.09837208
-0.99983212 0.01832292
-0.99153032 -0.12987538
-0.94302661 -0.33271731
-0.88346352 -0.46849995
-0.88066838 -0.47373326
-0.93960681 -0.34225583
-0.99996988 0.00776192
-0.92884001 0.37048110
-0.86058442 0.50930782
-0.86694392 0.49840570
-0.93864196 0.34489312
-0.99624146 0.08661962
-0.97382987 -0.22727823
-0.80537571 -0.59276469
-0.45305542 -0.89148235
-0.10002308 -0.99498512
0.20893661 -0.97792919
0.56574640 -0.82457929
0.83600904 -0.54871567
0.93715203 -0.34892130
0.99995236 0.00976109
0.70022922 0.71391809
0.45372409 0.89114222
0.65720561 0.75371134
0.99323349 0.11613456
0.94323608 -0.33212302
0.89087877 -0.45424114
0.91689088 -0.39913796
0.96502041 -0.26217478
0.98837018 -0.15206706
0.99649316 -0.08367431
0.99806693 -0.06214819
0.99819147 -0.06011477
0.99873992 -0.05018531
0.99947256 -0.03247451
0.99997604 -0.00692275
0.99964481 0.02665071
0.99765273 0.06847644
0.99292599 0.11873495
0.98413541 0.17741899
0.96973563 0.24415735
0.95296891 0.30306809
0.94060370 0.33950653
0.93504326 0.35453364
0.93728097 0.34857480
0.94705167 0.32108120
0.96268773 0.27061473
0.98071329 0.19545188
0.99548371 0.09493252
0.99989449 -0.01452602
0.99308652 -0.11738471
0.97680570 -0.21412761
0.95214225 -0.30565526
0.91953276 -0.39301337
0.87879700 -0.47719580
0.82917963 -0.55898224
0.76939812 -0.63876954
0.69772748 -0.71636329
0.61615775 -0.78762277
0.52965595 -0.84821258
0.44067406 -0.89766718
0.35137724 -0.93623396
0.26347305 -0.96466676
0.17816195 -0.98400118
0.09617701 -0.99536425
0.01787106 -0.99984030
-0.04136534 -0.99914409
-0.06831958 -0.99766349
-0.06420845 -0.99793651
-0.02689563 -0.99963825
0.04959374 -0.99876947
0.05507578 -0.99848218
-0.10333478 -0.99464663
-0.32808882 -0.94464688
-0.75044868 -0.66092872
-0.99978813 -0.02058409
-0.99514181 0.09845189
-0.99973382 0.02307160
-0.99992552 -0.01220468
-0.99977668 -0.02113276
-0.99995973 -0.00897415
-0.99997066 0.00765997
-0.99994262 0.01071218
-0.99997516 0.00704879
-0.99999253 0.00386523
-0.99999932 0.00116796
-0.99999946 -0.00103787
-0.99999622 -0.00274846
-0.99999215 -0.00396131
-0.99998907 -0.00467525
-0.99998804 -0.00489043
-0.99998938 -0.00460827
-0.99999266 -0.00383147
-0.99999671 -0.00256401
-0.99999967 -0.00081109
-0.99999899 0.00142088
-0.99999150 0.00412428
-0.99997343 0.00729035
-0.99994049 0.01090920
-0.99988795 0.01496986
-0.99988131 0.01540654
-0.99996655 0.00817892
-0.99997666 -0.00683183
-0.99955212 -0.02992589
-0.99810359 -0.06155673
-0.99774601 -0.06710358
-0.99996063 -0.00887305
-0.99300547 0.11806835
-0.95129713 0.30827548
-0.86279802 0.50554879
-0.73129347 0.68206294
-0.53990468 0.84172617
-0.26915684 0.96309636
-0.01444283 0.99989570
0.11915439 0.99287574
0.15263129 0.98828320
0.09826146 0.99516063
0.01053890 0.99994446
-0.05042367 0.99872792
-0.08263885 0.99657956
-0.08492602 0.99638726
-0.05568459 0.99844841
0.00724988 0.99997372
0.10517364 0.99445387
0.23507427 0.97197741
0.38550275 0.92270669
0.47035536 0.88247710
0.43213684 0.90180804
0.24461259 0.96962090
-0.14331908 0.98967653
-0.43250279 0.90163259
-0.46741915 0.88403582
-0.38550670 0.92270504
-0.25996025 0.96561932
-0.12519789 0.99213179
-0.02403200 0.99971119
0.04171554 0.99912953
0.07371495 0.99727935
0.07351023 0.99729446
0.04033108 0.99918637
-0.02827919 0.99960006
-0.13410969 0.99096649
-0.27477092 0.96150972
-0.41900225 0.90798520
-0.54342514 0.83945763
-0.65138476 0.75874758
-0.74591111 0.66604550
-0.82876662 0.55959440
-0.89976023 0.43638462
-0.95607570 0.29311986
-0.99178457 0.12791935
-0.99909552 -0.04252234
-0.97987453 -0.19961438
-0.93949100 -0.34257359
-0.88122326 -0.47270030
-0.80614636 -0.59171619
-0.71354736 -0.70060700
-0.60162325 -0.79877998
-0.46854685 -0.88343865
-0.31406727 -0.94940073
-0.15367747 -0.98812106
0.00325730 -0.99999469
0.16549224 -0.98621109
0.34208210 -0.93967007
0.50213795 -0.86478754
0.60279226 -0.79789817
0.64839617 -0.76130310
0.64845938 -0.76124926
0.60061691 -0.79953695
0.48341776 -0.87538978
0.25609879 -0.96665061
0.03055329 -0.99953314
-0.02754459 -0.99962058
-0.00678144 -0.99997701
0.00697418 -0.99997568
0.01422488 -0.99989882
0.01521955 -0.99988418
0.01306288 -0.99991468
0.01081797 -0.99994148
0.00848794 -0.99996398
0.00607628 -0.99998154
0.00358680 -0.99999357
0.00102362 -0.99999948
-0.00160886 -0.99999871
-0.00430596 -0.99999073
-0.00679561 -0.99997691
-0.00880992 -0.99996119
-0.01035018 -0.99994644
-0.01141747 -0.99993482
-0.01201265 -0.99992785
-0.01213633 -0.99992635
-0.01178889 -0.99993051
-0.01097049 -0.99993982
-0.00968102 -0.99995314
-0.00792018 -0.99996863
-0.00568742 -0.99998383
-0.00298202 -0.99999555
0.00019693 -0.99999998
0.00385049 -0.99999259
0.00797982 -0.99996816
0.01258618 -0.99992079
0.01767086 -0.99984386
0.01767086 -0.99984386
0.01767086 -0.99984386
0.01767086 -0.99984386
0.01767086 -0.99984386
0.01767086 -0.99984386
0.01767086 -0.99984386
0.01767086 -0.99984386
0.01767086 -0.99984386
0.01767086 -0.99984386
0.01767086 -0.99984386
0.01767086 -0.99984386
0.01767086 -0.99984386
0.01767086 -0.99984386
0.01767086 -0.99984386
0.01767086 -0.99984386
0.01767086 -0.99984386
0.01767086 -0.99984386
0.01767086 -0.99984386
0.01767086 -0.99984386
0.01767086 -0.99984386
0.01767086 -0.99984386
0.01767086 -0.99984386
0.01767086 -0.99984386
0.01767086 -0.99984386
0.01767086 -0.99984386
0.01767086 -0.99984386
0.01767086 -0.99984386
0.01767086 -0.99984386
0.01767086 -0.99984386
0.01767086 -0.99984386
0.01767086 -0.99984386
0.01767086 -0.99984386
0.01767086 -0.99984386
0.01767086 -0.99984386
0.01767086 -0.99984386
0.01767086 -0.99984386
0.01767086 -0.99984386
0.01767086 -0.99984386
0.01767086 -0.99984386
0.01767086 -0.99984386
0.01767086 -0.99984386
0.01767086 -0.99984386
0.01767086 -0.99984386
0.01767086 -0.99984386
0.01767086 -0.99984386
