-0.00350162 0.99999387
-0.00569838 0.99998376
-0.00750640 0.99997183
-0.00893227 0.99996011
-0.00998199 0.99995018
-0.01066097 0.99994317
-0.01097407 0.99993978
-0.01092559 0.99994031
-0.01051929 0.99994467
-0.00975845 0.99995239
-0.00864581 0.99996262
-0.00718367 0.99997420
-0.00537385 0.99998556
-0.00321773 0.99999482
-0.00071628 0.99999974
0.00212996 0.99999773
0.00532081 0.99998584
0.00885649 0.99996078
0.01273753 0.99991887
0.01696481 0.99985609
0.02153952 0.99976800
0.02646311 0.99964979
0.03173731 0.99949624
0.03736407 0.99930172
0.04334554 0.99906014
0.04968406 0.99876498
0.05638210 0.99840926
0.06344224 0.99798551
0.07086711 0.99748577
0.07865939 0.99690155
0.08682174 0.99622386
0.09535674 0.99544316
0.10426686 0.99454936
0.11355440 0.99353178
0.12322141 0.99237920
0.13326965 0.99107982
0.14370050 0.98962122
0.15451491 0.98799046
0.16571328 0.98617398
0.17729541 0.98415768
0.18926042 0.98192693
0.20160660 0.97946658
0.21433138 0.97676100
0.22743121 0.97379415
0.24090144 0.97054958
0.25473624 0.96701057
0.26892850 0.96316014
0.28346970 0.95898119
0.29834987 0.95445658
0.31355746 0.94956923
0.32907927 0.94430230
0.34490038 0.93863930
0.36100409 0.93256423
0.37737188 0.92606180
0.39398340 0.91911755
0.41031913 0.91194200
0.42587958 0.90477985
0.44067482 0.89766681
0.45471697 0.89063600
0.46801981 0.88371797
0.48059837 0.87694082
0.49246860 0.87033021
0.50364702 0.86390953
0.51415050 0.85769999
0.52399592 0.85172077
0.53320004 0.84598919
0.54177924 0.84052082
0.54974937 0.83532965
0.55712561 0.83042824
0.56392235 0.82582782
0.57015307 0.82153848
0.57583025 0.81756928
0.58096530 0.81392833
0.58556848 0.81062294
0.58964887 0.80765971
0.59321426 0.80504462
0.59627117 0.80278310
0.59882476 0.80088008
0.60087883 0.79934012
0.60243574 0.79816739
0.60349641 0.79736572
0.60406025 0.79693865
0.60459101 0.79653607
0.60555462 0.79580374
0.60695177 0.79473866
0.60878190 0.79333763
0.61104318 0.79159727
0.61373249 0.78951405
0.61684540 0.78708434
0.62037614 0.78430444
0.62431757 0.78117064
0.62866120 0.77767930
0.63339714 0.77382690
0.63851411 0.76961011
0.64399947 0.76502593
0.64983919 0.76007172
0.65601792 0.75474532
0.66251896 0.74904514
0.66932439 0.74297030
0.67641504 0.73652067
0.68377064 0.72969700
0.69136984 0.72250103
0.69919036 0.71493555
0.70720906 0.70700448
0.71540211 0.69871297
0.72374508 0.69006743
0.73221312 0.68107558
0.74078110 0.67174650
0.74942381 0.66209060
0.75607799 0.65448153
0.75884635 0.65126970
0.75783903 0.65244157
0.75301712 0.65800093
0.74419147 0.66796636
0.73101697 0.68235928
0.71298410 0.70118020
0.68941115 0.72437025
0.65944427 0.75175346
0.62207673 0.78295628
0.57620560 0.81730478
0.52074899 0.85370984
0.45484650 0.89056985
0.37814737 0.92574541
0.29833617 0.95446086
0.22437553 0.97450276
0.15778271 0.98747386
0.09931808 0.99505574
0.04917092 0.99879038
0.00716311 0.99997434
-0.02707785 0.99963333
-0.05399222 0.99854136
-0.07400439 0.99725792
-0.08747223 0.99616696
-0.09465872 0.99550978
-0.09571772 0.99540852
-0.09068841 0.99587932
-0.08276307 0.99656925
-0.07516978 0.99717075
-0.06791470 0.99769113
-0.06100352 0.99813755
-0.05444151 0.99851696
-0.04823352 0.99883609
-0.04238403 0.99910139
-0.03689717 0.99931907
-0.03177673 0.99949499
-0.02702620 0.99963473
-0.02264881 0.99974348
-0.01864753 0.99982612
-0.01502512 0.99988712
-0.01178412 0.99993056
-0.00892688 0.99996015
-0.00645561 0.99997916
-0.00437236 0.99999044
-0.00267905 0.99999641
-0.00137748 0.99999905
-0.00046934 0.99999989
0.00004380 1.00000000
0.00016044 0.99999999
-0.00012082 0.99999999
-0.00080126 0.99999968
-0.00188209 0.99999823
-0.00336441 0.99999434
-0.00524919 0.99998622
-0.00721404 0.99997398
-0.00893506 0.99996008
-0.01041102 0.99994580
-0.01164087 0.99993224
-0.01262381 0.99992032
-0.01335922 0.99991076
-0.01384669 0.99990413
-0.01408603 0.99990079
-0.01407722 0.99990091
-0.01382047 0.99990449
-0.01331617 0.99991134
-0.01256493 0.99992106
-0.01156755 0.99993309
-0.01032503 0.99994670
-0.00883857 0.99996094
-0.00710958 0.99997473
-0.00513967 0.99998679
-0.00293065 0.99999571
-0.00048454 0.99999988
0.00219643 0.99999759
0.00510984 0.99998694
0.00825303 0.99996594
0.01162316 0.99993245
0.01521717 0.99988421
0.01903178 0.99981888
0.02306350 0.99973400
0.02730863 0.99962705
0.03077425 0.99952636
0.03248267 0.99947230
0.03244763 0.99947344
0.03067586 0.99952939
0.02716711 0.99963091
0.02191448 0.99975985
0.01490477 0.99988892
0.00611921 0.99998128
-0.00446578 0.99999003
-0.01687743 0.99985757
-0.03114521 0.99951487
-0.04729908 0.99888077
-0.06536726 0.99786127
-0.08537365 0.99634900
-0.10733461 0.99422295
-0.13125535 0.99134859
-0.15712573 0.98757861
-0.18491576 0.98275437
-0.21457071 0.97670846
-0.24600633 0.96926822
-0.27910435 0.96026078
-0.31370885 0.94951922
-0.34962383 0.93689016
-0.38661282 0.92224212
-0.42440081 0.90547444
-0.46267893 0.88652592
-0.49975612 0.86616616
-0.53427612 0.84531002
-0.56641818 0.82411798
-0.59636502 0.80271338
-0.62429724 0.78118689
-0.65038945 0.75960092
-0.67480769 0.73799362
-0.69770790 0.71638236
-0.71923511 0.69476676
-0.73952317 0.67313110
-0.75869481 0.65144622
-0.77686194 0.62967096
-0.79412602 0.60775313
-0.81057844 0.58563008
-0.82630092 0.56322890
-0.84136569 0.54046626
-0.85583562 0.51724790
-0.86976406 0.49346780
-0.88319443 0.46900704
-0.89615939 0.44373229
-0.90867966 0.41749403
-0.92076215 0.39012441
-0.93239738 0.36143481
-0.94355595 0.33121317
-0.95418378 0.29922119
-0.96419574 0.26519159
-0.97346738 0.22882583
-0.98146853 0.19162338
-0.98782438 0.15557308
-0.99264377 0.12107165
-0.99607722 0.08848828
-0.99830744 0.05815714
-0.99953863 0.03037324
-0.99998546 0.00539174
-0.99986271 -0.01656983
-0.99937580 -0.03532711
-0.99871276 -0.05072298
-0.99803738 -0.06262101
-0.99748350 -0.07089900
-0.99715010 -0.07544324
-0.99709682 -0.07614416
-0.99720053 -0.07477362
-0.99731923 -0.07317346
-0.99745198 -0.07134103
-0.99759764 -0.06927450
-0.99775479 -0.06697293
-0.99792182 -0.06443632
-0.99809686 -0.06166562
-0.99827786 -0.05866278
-0.99846253 -0.05543074
-0.99864846 -0.05197350
-0.99883307 -0.04829604
-0.99901364 -0.04440437
-0.99918740 -0.04030546
-0.99934553 -0.03617344
-0.99948217 -0.03217754
-0.99959896 -0.02831820
-0.99969748 -0.02459578
-0.99977925 -0.02101065
-0.99984576 -0.01756313
-0.99989841 -0.01425352
-0.99993859 -0.01108211
-0.99996760 -0.00804918
-0.99998671 -0.00515498
-0.99999712 -0.00239975
-0.99999998 0.00021627
-0.99999637 0.00269284
-0.99998735 0.00502975
-0.99997389 0.00722677
-0.99995691 0.00928366
-0.99993728 0.01120021
-0.99991581 0.01297618
-0.99989325 0.01461134
-0.99987030 0.01610543
-0.99984759 0.01745821
-0.99982571 0.01866940
-0.99980517 0.01973873
-0.99978644 0.02066590
-0.99976991 0.02145062
-0.99975593 0.02209257
-0.99974478 0.02259139
-0.99973669 0.02294675
-0.99973181 0.02315828
-0.99973025 0.02322557
-0.99973204 0.02314823
-0.99973717 0.02292583
-0.99974554 0.02255793
-0.99975700 0.02204406
-0.99977134 0.02138374
-0.99978828 0.02057648
-0.99980747 0.01962176
-0.99982851 0.01851904
-0.99985090 0.01726778
-0.99987410 0.01586741
-0.99989750 0.01431734
-0.99992040 0.01261700
-0.99994205 0.01076577
-0.99996160 0.00876303
-0.99997817 0.00660818
-0.99999075 0.00430057
-0.99999831 0.00183957
-0.99999970 -0.00077544
-0.99999372 -0.00354511
-0.99997907 -0.00647007
-0.99995439 -0.00955095
-0.99991823 -0.01278835
-0.99986905 -0.01618288
-0.99980524 -0.01973513
-0.99973230 -0.02313725
-0.99966023 -0.02606569
-0.99959371 -0.02850279
-0.99953665 -0.03043819
-0.99949206 -0.03186887
-0.99946197 -0.03279894
-0.99944742 -0.03323922
-0.99944851 -0.03320661
-0.99946445 -0.03272328
-0.99949375 -0.03181582
-0.99953433 -0.03051431
-0.99958371 -0.02885133
-0.99963917 -0.02686112
-0.99969790 -0.02457870
-0.99975635 -0.02207361
-0.99981191 -0.01939465
-0.99986313 -0.01654464
-0.99990853 -0.01352503
-0.99994658 -0.01033605
-0.99997566 -0.00697684
-0.99999406 -0.00344558
-0.99999997 0.00026051
-0.99999141 0.00414505
-0.99996628 0.00821250
-0.99992227 0.01246814
-0.99985688 0.01691804
-0.99976736 0.02156910
-0.99971283 0.02396350
-0.99976426 0.02171210
-0.99988918 0.01488696
-0.99999383 0.00351308
-0.99992282 -0.01242370
-0.99945649 -0.03296562
-0.99830681 -0.05816802
-0.99611346 -0.08807940
-0.99244184 -0.12271594
-0.98678585 -0.16202992
-0.97857872 -0.20587298
-0.96721559 -0.25395668
-0.95209078 -0.30581553
-0.93265082 -0.36078034
-0.91004460 -0.41451035
-0.88613491 -0.46342736
-0.86141631 -0.50789953
-0.83625967 -0.54833363
-0.81092853 -0.58514521
-0.78559658 -0.61873905
-0.76036377 -0.64949745
-0.73526998 -0.67777434
-0.71030595 -0.70389307
-0.68542126 -0.72814675
-0.66052966 -0.75079995
-0.63551182 -0.77209114
-0.61021573 -0.79223530
-0.58459854 -0.81132271
-0.55886932 -0.82925574
-0.53323208 -0.84596900
-0.50789147 -0.86142106
-0.48304741 -0.87559420
-0.45889031 -0.88849293
-0.43559706 -0.90014177
-0.41332796 -0.91058223
-0.39222458 -0.91986949
-0.37240864 -0.92806886
-0.35398175 -0.93525233
-0.33702588 -0.94149538
-0.32160436 -0.94687414
-0.30776337 -0.95146293
-0.29341495 -0.95598518
-0.27643031 -0.96103396
-0.25677819 -0.96647036
-0.23442630 -0.97213389
-0.20934799 -0.97784120
-0.18152968 -0.98338547
-0.15097925 -0.98853693
-0.11773506 -0.99304504
-0.08187508 -0.99664260
-0.04352571 -0.99905231
-0.00286904 -0.99999588
0.03985210 -0.99920559
0.08433280 -0.99643764
0.12475427 -0.99218767
0.15574828 -0.98779678
0.17774344 -0.98407686
0.19121301 -0.98154856
0.19659949 -0.98048388
0.19427863 -0.98094639
0.18455236 -0.98282268
0.16864596 -0.98567669
0.14722277 -0.98910336
0.11939836 -0.99284643
0.08382368 -0.99648060
0.03855101 -0.99925663
-0.01914822 -0.99981666
-0.09222173 -0.99573850
-0.18348953 -0.98302166
-0.29561774 -0.95530631
-0.42863966 -0.90347554
-0.57639811 -0.81716903
-0.72359557 -0.69022421
-0.84892969 -0.52850580
-0.92878246 -0.37062534
-0.96842889 -0.24928994
-0.98665838 -0.16280428
-0.99445590 -0.10515445
-0.99746971 -0.07109271
-0.99835251 -0.05737830
-0.99857650 -0.05333820
-0.99877897 -0.04940217
-0.99896106 -0.04557183
-0.99912396 -0.04184878
-0.99926879 -0.03823455
-0.99939671 -0.03473059
-0.99950883 -0.03133831
-0.99960627 -0.02805905
-0.99969009 -0.02489411
-0.99976138 -0.02184472
-0.99982115 -0.01891204
-0.99987043 -0.01609720
-0.99991020 -0.01340126
-0.99994141 -0.01082522
-0.99996497 -0.00837003
-0.99998178 -0.00603659
-0.99999268 -0.00382575
-0.99999849 -0.00173828
-0.99999997 0.00022505
-0.99999787 0.00206358
-0.99999287 0.00377666
-0.99998562 0.00536371
-0.99997672 0.00682417
-0.99996673 0.00815758
-0.99995616 0.00936347
-0.99994549 0.01044145
-0.99993512 0.01139118
-0.99992543 0.01221235
-0.99991673 0.01290470
-0.99990930 0.01346803
-0.99990336 0.01390215
-0.99989908 0.01420696
-0.99989657 0.01438237
-0.99989591 0.01442834
-0.99989711 0.01434489
-0.99990014 0.01413208
-0.99990491 0.01378999
-0.99991130 0.01331876
-0.99991912 0.01271860
-0.99992812 0.01198972
-0.99993803 0.01113240
-0.99994852 0.01014697
-0.99995919 0.00903378
-0.99996963 0.00779325
-0.99997935 0.00642584
-0.99998784 0.00493205
-0.99999451 0.00331243
-0.99999877 0.00156758
-0.99999995 -0.00030184
-0.99999737 -0.00229516
-0.99999027 -0.00441161
-0.99997789 -0.00665040
-0.99995940 -0.00901070
-0.99993397 -0.01149158
-0.99990266 -0.01395245
-0.99986789 -0.01625423
-0.99983074 -0.01839819
-0.99979219 -0.02038554
-0.99975316 -0.02221734
-0.99971448 -0.02389460
-0.99967691 -0.02541820
-0.99964111 -0.02678892
-0.99960771 -0.02800745
-0.99957725 -0.02907436
-0.99955019 -0.02999014
-0.99952695 -0.03075516
-0.99950785 -0.03136969
-0.99949317 -0.03183390
-0.99948312 -0.03214786
-0.99947785 -0.03231152
-0.99947742 -0.03232474
-0.99948186 -0.03218725
-0.99949111 -0.03189872
-0.99950505 -0.03145866
-0.99952352 -0.03086650
-0.99954624 -0.03012156
-0.99957292 -0.02922304
-0.99960315 -0.02817005
-0.99963647 -0.02696157
-0.99967236 -0.02559646
-0.99971019 -0.02407350
-0.99975676 -0.02205483
-0.99981567 -0.01919969
-0.99987984 -0.01550194
-0.99993999 -0.01095487
-0.99998459 -0.00555128
-0.99999974 0.00071632
-0.99996914 0.00785562
-0.99987400 0.01587425
-0.99969294 0.02477954
-0.99940199 0.03457828
-0.99897450 0.04527635
-0.99838111 0.05687839
-0.99758979 0.06938736
-0.99656584 0.08280410
-0.99527201 0.09712688
-0.99366861 0.11235079
-0.99171375 0.12846729
-0.98936361 0.14546355
-0.98657283 0.16332195
-0.98329493 0.18201947
-0.97948292 0.20152717
-0.97508996 0.22180975
-0.97007008 0.24282510
-0.96437908 0.26452408
-0.95797542 0.28685031
-0.95082122 0.30974021
-0.94288330 0.33312323
-0.93453880 0.35586125
-0.92625870 0.37688834
-0.91814523 0.39624405
-0.91028832 0.41397485
-0.90276617 0.43013166
-0.89564602 0.44476759
-0.88898507 0.45793617
-0.88283149 0.46968985
-0.87722536 0.48007881
-0.87219966 0.48915004
-0.86778113 0.49694659
-0.86399110 0.50350708
-0.86084617 0.50886528
-0.85835881 0.51304985
-0.85653790 0.51608413
-0.85538905 0.51798607
-0.85491498 0.51876814
-0.85511562 0.51843734
-0.85598828 0.51699522
-0.85752762 0.51443794
-0.85972551 0.51075635
-0.86257091 0.50593618
-0.86604956 0.49995816
-0.87014359 0.49279827
-0.87483109 0.48442808
-0.88008555 0.47481514
-0.88587529 0.46392346
-0.89186526 0.45230119
-0.89774215 0.44052132
-0.90350246 0.42858290
-0.90914256 0.41648506
-0.91465867 0.40422707
-0.92004687 0.39180831
-0.92530314 0.37922829
-0.93042329 0.36648669
-0.93540303 0.35358332
-0.94023793 0.34051818
-0.94492345 0.32729142
-0.94945491 0.31390343
-0.95382756 0.30035477
-0.95803650 0.28664623
-0.96207677 0.27277882
-0.96594330 0.25875381
-0.96963096 0.24457271
-0.97313452 0.23023730
-0.97644872 0.21574964
-0.97956824 0.20111207
-0.98248774 0.18632726
-0.98520185 0.17139814
-0.98770520 0.15632801
-0.98999243 0.14112046
-0.99205823 0.12577944
-0.99389731 0.11030925
-0.99550448 0.09471450
-0.99683548 0.07949224
-0.99787557 0.06514865
-0.99866270 0.05169931
-0.99923311 0.03915606
-0.99962105 0.02752748
-0.99985855 0.01681932
-0.99997525 0.00703491
-0.99999834 -0.00182436
-0.99995238 -0.00975875
-0.99985938 -0.01676977
-0.99973868 -0.02285987
-0.99960702 -0.02803221
-0.99947853 -0.03229038
-0.99936476 -0.03563822
-0.99927471 -0.03807966
-0.99921488 -0.03961859
-0.99918929 -0.04025881
-0.99919952 -0.04000390
-0.99924477 -0.03885727
-0.99932184 -0.03682214
-0.99942518 -0.03390157
-0.99954693 -0.03009858
-0.99967696 -0.02541621
-0.99980282 -0.01985766
-0.99990986 -0.01342646
-0.99998123 -0.00612667
-0.99999793 0.00203692
-0.99994922 0.01007737
-0.99985526 0.01701379
-0.99973889 0.02285058
-0.99961924 0.02759286
-0.99951172 0.03124616
-0.99942807 0.03381617
-0.99937646 0.03530852
-0.99936153 0.03572867
-0.99938444 0.03508185
-0.99944297 0.03337300
-0.99953150 0.03060684
-0.99964114 0.02678794
-0.99975971 0.02192088
-0.99987182 0.01601043
-0.99995894 0.00906177
-0.99999942 0.00108082
-0.99996859 -0.00792550
-0.99983891 -0.01794882
-0.99958002 -0.02897900
-0.99915900 -0.04100365
-0.99854052 -0.05400768
-0.99768717 -0.06797286
-0.99655976 -0.08287731
-0.99511772 -0.09869509
-0.99331960 -0.11539574
-0.99112356 -0.13294390
-0.98904357 -0.14762387
-0.98777785 -0.15586826
-0.98747486 -0.15777641
-0.98817550 -0.15332703
-0.98981314 -0.14237260
-0.99220203 -0.12464004
-0.99501354 -0.09973993
-0.99770870 -0.06765609
-0.99959771 -0.02836228
-0.99982714 0.01859299
-0.99729220 0.07354091
-0.99063277 0.13655299
-0.97828523 0.20726314
-0.95862306 0.28467847
-0.93254984 0.36104126
-0.90320283 0.42921400
-0.87226926 0.48902591
-0.84116784 0.54077414
-0.81100048 0.58504549
-0.78256719 0.62256613
-0.75641420 0.65409293
-0.73289269 0.68034425
-0.71221491 0.70196148
-0.69450166 0.71949110
-0.67981994 0.73337906
-0.66821152 0.74397135
-0.65971417 0.75151661
-0.65444287 0.75611145
-0.65255397 0.75774225
-0.65412022 0.75639060
-0.65916813 0.75199559
-0.66767439 0.74445343
-0.67955943 0.73362046
-0.69467819 0.71932066
-0.71280923 0.70135797
-0.73364340 0.67953466
-0.75677480 0.65367568
-0.78169675 0.62365872
-0.80780650 0.58944776
-0.83442167 0.55112655
-0.86081018 0.50892616
-0.88505457 0.46548728
-0.90608460 0.42309657
-0.92435201 0.38154078
-0.94021826 0.34057251
-0.95396425 0.29992033
-0.96579830 0.25929450
-0.97586169 0.21838948
-0.98423164 0.17688439
-0.99092140 0.13444247
-0.99587733 0.09071017
-0.99897266 0.04531694
-0.99999775 -0.00212323
-0.99864672 -0.05200693
-0.99465309 -0.10327259
-0.98801411 -0.15436361
-0.97877426 -0.20494133
-0.96702475 -0.25468242
-0.95289867 -0.30328885
-0.93656418 -0.35049613
-0.91821635 -0.39607920
-0.89806838 -0.43985587
-0.87634283 -0.48168791
-0.85326361 -0.52147983
-0.82904889 -0.55917612
-0.80390551 -0.59475703
-0.77802467 -0.62823372
-0.75157909 -0.65964299
-0.72472136 -0.68904205
-0.69758336 -0.71650363
-0.67027652 -0.74211144
-0.64289263 -0.76595631
-0.61550515 -0.78813286
-0.58817073 -0.80873679
-0.56093082 -0.82786268
-0.53381336 -0.84560233
-0.50683439 -0.86204344
-0.47999954 -0.87726874
-0.45330541 -0.89135526
-0.42674082 -0.90437397
-0.40028785 -0.91638946
-0.37377012 -0.92752137
-0.34699393 -0.93786737
-0.31990917 -0.94744822
-0.29246373 -0.95627662
-0.26460394 -0.96435717
-0.23627497 -0.97168623
-0.20742129 -0.97825171
-0.17798721 -0.98403280
-0.14791751 -0.98899970
-0.11715818 -0.99311327
-0.08565736 -0.99632465
-0.05336637 -0.99857500
-0.02024111 -0.99979513
0.01375648 -0.99990538
0.04865651 -0.99881557
0.08447911 -0.99642525
0.12123197 -0.99262420
0.15890777 -0.98729343
0.19748134 -0.98030665
0.23690668 -0.97153241
0.27711407 -0.96083703
0.31800740 -0.94808823
0.35946195 -0.93315974
0.40132289 -0.91593665
0.44340487 -0.89632144
0.48549305 -0.87424053
0.52734564 -0.84965085
0.56753372 -0.82335015
0.60485061 -0.79633896
0.63939982 -0.76887441
0.67131487 -0.74117228
0.70074879 -0.71340811
0.72786548 -0.68571994
0.75283275 -0.65821185
0.77581708 -0.63095790
0.79697972 -0.60400607
0.81647411 -0.57738205
0.83444411 -0.55109258
0.85102300 -0.52512842
0.86633302 -0.49946682
0.88048524 -0.47407356
0.89357971 -0.44890455
0.90570570 -0.42390705
0.91694199 -0.39902054
0.92735722 -0.37417720
0.93701011 -0.34930223
0.94594958 -0.32431374
0.95421471 -0.29912254
0.96183457 -0.27363163
0.96882772 -0.24773545
0.97520147 -0.22131899
0.98095074 -0.19425665
0.98605649 -0.16641094
0.99048357 -0.13763103
0.99439778 -0.10570271
0.99766220 -0.06833835
0.99967937 -0.02532123
0.99972512 0.02344542
0.99696350 0.07787022
0.99048796 0.13759941
0.97939570 0.20195066
0.96289510 0.26987595
0.94043369 0.33997717
0.91181963 0.41059099
0.87730084 0.47994086
0.83757089 0.54632866
0.79369174 0.60832017
0.74695223 0.66487771
0.70203793 0.71213955
0.66283257 0.74876765
0.62915381 0.77728082
0.60060056 0.79954922
0.57672446 0.81693874
0.55711391 0.83043608
0.54143279 0.84074403
0.52943779 0.84834877
0.52098782 0.85356411
0.51605303 0.85655664
0.51472849 0.85735324
0.51725681 0.85583024
0.52406485 0.85167836
0.53579629 0.84434729
0.55306635 0.83313721
0.57639135 0.81717379
0.60616863 0.79533615
0.64254853 0.76624499
0.68524804 0.72830977
0.73331748 0.67988637
0.78491787 0.61959982
0.83723475 0.54684365
0.88669807 0.46234892
0.92960555 0.36855599
0.96300871 0.26947027
0.98546053 0.16990450
0.99722776 0.07440963
0.99997202 -0.00748014
0.99748165 -0.07092508
0.99287816 -0.11913418
0.98793847 -0.15484693
0.98363251 -0.18018624
0.98046384 -0.19669942
0.97866830 -0.20544671
0.97832305 -0.20708457
0.97940033 -0.20192821
0.98178561 -0.18999213
0.98526895 -0.17101197
0.98951158 -0.14445360
0.99398478 -0.10951834
0.99742544 -0.07171115
0.99929524 -0.03753690
0.99997234 -0.00743788
0.99983385 0.01822836
0.99923230 0.03917677
0.99847649 0.05517879
0.99781662 0.06604540
0.99743257 0.07161189
0.99742436 0.07172625
0.99780351 0.06624308
0.99848502 0.05502428
0.99927971 0.03794817
0.99988857 0.01492804
0.99995538 -0.00944663
0.99953598 -0.03046027
0.99884722 -0.04800237
0.99807607 -0.06200127
0.99737454 -0.07241567
0.99685658 -0.07922721
0.99659648 -0.08243456
0.99662827 -0.08204937
0.99694598 -0.07809423
0.99750452 -0.07060268
0.99822108 -0.05962110
0.99897740 -0.04521240
0.99962287 -0.02746105
0.99995965 -0.00898304
0.99997033 0.00770321
0.99974364 0.02264190
0.99935617 0.03587828
0.99887329 0.04745676
0.99835014 0.05741956
0.99783247 0.06580549
0.99735756 0.07264919
0.99695489 0.07798044
0.99664681 0.08182376
0.99644904 0.08419806
0.99637101 0.08511650
0.99641615 0.08458637
0.99658203 0.08260909
0.99686031 0.07918031
0.99723668 0.07429002
0.99769058 0.06792286
0.99819486 0.06005842
0.99871536 0.05067173
0.99921030 0.03973386
0.99962966 0.02721274
0.99991453 0.01307415
0.99999631 -0.00271698
0.99979606 -0.02019503
0.99922384 -0.03939176
0.99817825 -0.06033398
0.99654614 -0.08304086
0.99431814 -0.10644923
0.99158527 -0.12945525
0.98837860 -0.15201231
0.98473188 -0.17407793
0.98068097 -0.19561398
0.97626336 -0.21658682
0.97151761 -0.23696737
0.96648290 -0.25673101
0.96119853 -0.27585756
0.95570352 -0.29433107
0.95003625 -0.31213958
0.94423410 -0.32927490
0.93833319 -0.34573230
0.93236816 -0.36151019
0.92637199 -0.37660980
0.92037587 -0.39103487
0.91440911 -0.40479128
0.90849910 -0.41788681
0.90267128 -0.43033076
0.89694914 -0.44213373
0.89135430 -0.45330731
0.88590650 -0.46386386
0.88062371 -0.47381630
0.87552221 -0.48317788
0.87061666 -0.49196203
0.86592020 -0.50018217
0.86144456 -0.50785162
0.85739117 -0.51466531
0.85396476 -0.52033085
0.85117833 -0.52487661
0.84904165 -0.52832592
0.84756167 -0.53069692
0.84674280 -0.53200248
0.84658710 -0.53225020
0.84709446 -0.53144236
0.84826253 -0.52957595
0.85008674 -0.52664270
0.85256014 -0.52262913
0.85567313 -0.51751666
0.85941316 -0.51128174
0.86376434 -0.50389598
0.86870690 -0.49532648
0.87421664 -0.48553607
0.88026422 -0.47448382
0.88681449 -0.46212559
0.89382561 -0.44841475
0.90124824 -0.43330315
0.90902470 -0.41674225
0.91708812 -0.39868456
0.92536171 -0.37908534
0.93375815 -0.35790461
0.94217922 -0.33510942
0.95051571 -0.31067650
0.95864784 -0.28459500
0.96611370 -0.25811689
0.97258330 -0.23255477
0.97813112 -0.20798921
0.98283498 -0.18448684
0.98677414 -0.16210120
0.99002758 -0.14087368
0.99267264 -0.12083475
0.99478385 -0.10200531
0.99643213 -0.08439793
0.99768407 -0.06801830
0.99860160 -0.05286637
0.99924164 -0.03893765
0.99965609 -0.02622422
0.99989172 -0.01471575
0.99999032 -0.00440032
0.99998879 0.00473481
0.99991932 0.01270253
0.99980956 0.01951538
0.99968281 0.02518509
0.99955820 0.02972220
0.99945086 0.03313577
0.99937205 0.03543316
0.99932927 0.03661985
0.99932635 0.03669941
0.99936350 0.03567333
0.99943734 0.03354116
0.99954084 0.03030044
0.99964711 0.02656404
0.99973667 0.02294759
0.99981080 0.01945135
0.99987078 0.01607558
0.99991781 0.01282051
0.99995309 0.00968636
0.99997773 0.00667333
0.99999285 0.00378160
0.99999949 0.00101136
0.99999866 -0.00163723
0.99999133 -0.00416401
0.99997842 -0.00656883
0.99996082 -0.00885155
0.99993937 -0.01101201
0.99991484 -0.01305008
0.99988801 -0.01496560
0.99985957 -0.01675843
0.99983018 -0.01842843
0.99980047 -0.01997544
0.99977101 -0.02139929
0.99974233 -0.02269983
0.99971491 -0.02387688
0.99968919 -0.02493025
0.99966558 -0.02585976
0.99964442 -0.02666521
0.99962602 -0.02734638
0.99961063 -0.02790305
0.99959848 -0.02833498
0.99958974 -0.02864192
0.99958451 -0.02882361
0.99958289 -0.02887977
0.99958490 -0.02881013
0.99959053 -0.02861436
0.99959970 -0.02829217
0.99961230 -0.02784321
0.99962818 -0.02726715
0.99964712 -0.02656362
0.99966887 -0.02573226
0.99969311 -0.02477269
0.99971948 -0.02368451
0.99974758 -0.02246731
0.99977693 -0.02112068
0.99980703 -0.01964420
0.99983731 -0.01803741
0.99986715 -0.01629989
0.99989587 -0.01443117
0.99992273 -0.01243081
0.99994697 -0.01029833
0.99996773 -0.00803329
0.99998412 -0.00563520
0.99999518 -0.00310360
0.99999990 -0.00043804
0.99999721 0.00236195
0.99998597 0.00529683
0.99996598 0.00824816
0.99993849 0.01109093
0.99990455 0.01381618
0.99986525 0.01641578
0.99982171 0.01888247
0.99977504 0.02120994
0.99972635 0.02339286
0.99967668 0.02542694
0.99962704 0.02730891
0.99957835 0.02903654
0.99953145 0.03060860
0.99948707 0.03202487
0.99944587 0.03328605
0.99940836 0.03439370
0.99937314 0.03540222
0.99933841 0.03636947
0.99930403 0.03730228
0.99926985 0.03820683
0.99923574 0.03908881
0.99920154 0.03995358
0.99916708 0.04080622
0.99913219 0.04165164
0.99909669 0.04249471
0.99906037 0.04334034
0.99902299 0.04419357
0.99898430 0.04505964
0.99894401 0.04594420
0.99909752 0.04247519
0.99955867 0.02970636
0.99998126 0.00612276
0.99952133 -0.03093715
0.99631255 -0.08579799
0.98626374 -0.16517821
0.96037367 -0.27871566
0.90142613 -0.43293294
0.78688001 -0.61710603
0.60626241 -0.79526466
0.38734514 -0.92193478
0.18050019 -0.98357495
0.01549887 -0.99987989
-0.09929484 -0.99505806
-0.17432771 -0.98468769
-0.22444432 -0.97448692
-0.25814900 -0.96610511
-0.28034484 -0.95989936
-0.29389706 -0.95583708
-0.30045838 -0.95379493
-0.30089802 -0.95365632
-0.29551519 -0.95533804
-0.28412279 -0.95878790
-0.26603677 -0.96396288
-0.23997495 -0.97077908
-0.20384472 -0.97900323
-0.15948235 -0.98720078
-0.11076167 -0.99384700
-0.05804842 -0.99831377
-0.00202501 -0.99999795
0.05629751 -0.99841404
0.11562310 -0.99329316
0.17447526 -0.98466156
0.22609712 -0.97410477
0.26430796 -0.96443833
0.28883180 -0.95737986
0.29966346 -0.95404497
0.29684609 -0.95492534
0.28036887 -0.95989234
0.25019380 -0.96819578
0.21451538 -0.97672061
0.18157829 -0.98337649
0.15143663 -0.98846697
0.12409802 -0.99226996
0.09953638 -0.99503392
0.07770308 -0.99697655
0.05853625 -0.99828528
0.04196829 -0.99911894
0.02793180 -0.99960983
0.01636408 -0.99986610
0.00721059 -0.99997400
0.00042741 -0.99999991
-0.00401687 -0.99999193
-0.00709605 -0.99997482
-0.00976959 -0.99995228
-0.01203738 -0.99992755
-0.01389934 -0.99990340
-0.01535550 -0.99988210
-0.01640588 -0.99986541
-0.01705056 -0.99985463
-0.01728966 -0.99985052
-0.01712329 -0.99985339
-0.01655159 -0.99986301
-0.01557473 -0.99987871
-0.01419289 -0.99989928
-0.01240629 -0.99992304
-0.01021518 -0.99994782
-0.00792950 -0.99996856
-0.00585905 -0.99998284
-0.00400382 -0.99999198
-0.00236378 -0.99999721
-0.00093886 -0.99999956
0.00027103 -0.99999996
0.00126603 -0.99999920
0.00204629 -0.99999791
0.00261200 -0.99999659
0.00296337 -0.99999561
0.00310063 -0.99999519
0.00302402 -0.99999543
0.00273383 -0.99999626
0.00234244 -0.99999726
0.00196200 -0.99999808
0.00159249 -0.99999873
0.00123387 -0.99999924
0.00088610 -0.99999961
0.00054915 -0.99999985
0.00022299 -0.99999998
-0.00009241 -1.00000000
-0.00039709 -0.99999992
-0.00069106 -0.99999976
-0.00097435 -0.99999953
-0.00124699 -0.99999922
-0.00150901 -0.99999886
-0.00176041 -0.99999845
-0.00200124 -0.99999800
-0.00223150 -0.99999751
-0.00245121 -0.99999700
-0.00266039 -0.99999646
-0.00285906 -0.99999591
-0.00304723 -0.99999536
-0.00322491 -0.99999480
-0.00339211 -0.99999425
-0.00354885 -0.99999370
-0.00369514 -0.99999317
-0.00383097 -0.99999266
-0.00395637 -0.99999217
-0.00407132 -0.99999171
-0.00417585 -0.99999128
-0.00426995 -0.99999088
-0.00435361 -0.99999052
-0.00442685 -0.99999020
-0.00448966 -0.99998992
-0.00454204 -0.99998968
-0.00458398 -0.99998949
-0.00461548 -0.99998935
-0.00463653 -0.99998925
-0.00464712 -0.99998920
-0.00464725 -0.99998920
-0.00463691 -0.99998925
-0.00461607 -0.99998935
-0.00458474 -0.99998949
-0.00454289 -0.99998968
-0.00449052 -0.99998992
-0.00442759 -0.99999020
-0.00435410 -0.99999052
-0.00427002 -0.99999088
-0.00417534 -0.99999128
-0.00407002 -0.99999172
-0.00395405 -0.99999218
-0.00382741 -0.99999268
-0.00369005 -0.99999319
-0.00354197 -0.99999373
-0.00338311 -0.99999428
-0.00321347 -0.99999484
-0.00303852 -0.99999538
-0.00286379 -0.99999590
-0.00268932 -0.99999638
-0.00251512 -0.99999684
-0.00234123 -0.99999726
-0.00216767 -0.99999765
-0.00199446 -0.99999801
-0.00182165 -0.99999834
-0.00164924 -0.99999864
-0.00147728 -0.99999891
-0.00130577 -0.99999915
-0.00113476 -0.99999936
-0.00096427 -0.99999954
-0.00079432 -0.99999968
-0.00062494 -0.99999980
-0.00045615 -0.99999990
-0.00028798 -0.99999996
-0.00012046 -0.99999999
0.00004639 -1.00000000
0.00021255 -0.99999998
0.00037798 -0.99999993
0.00054268 -0.99999985
0.00070660 -0.99999975
0.00086973 -0.99999962
0.00103205 -0.99999947
0.00119353 -0.99999929
0.00135414 -0.99999908
0.00151388 -0.99999885
0.00167270 -0.99999860
0.00183060 -0.99999832
0.00198755 -0.99999802
0.00214352 -0.99999770
0.00229851 -0.99999736
0.00245248 -0.99999699
0.00260542 -0.99999661
0.00275730 -0.99999620
0.00290812 -0.99999577
0.00305784 -0.99999532
0.00320646 -0.99999486
0.00335395 -0.99999438
0.00350029 -0.99999387
0.00364548 -0.99999336
0.00378948 -0.99999282
0.00393229 -0.99999227
0.00407389 -0.99999170
0.00421426 -0.99999112
0.00435339 -0.99999052
0.00449127 -0.99998991
0.00462787 -0.99998929
0.00476320 -0.99998866
0.00489722 -0.99998801
0.00502994 -0.99998735
0.00516134 -0.99998668
0.00529140 -0.99998600
0.00542198 -0.99998530
0.00555510 -0.99998457
0.00569099 -0.99998381
0.00582991 -0.99998301
0.00597214 -0.99998217
0.00611796 -0.99998129
0.00626766 -0.99998036
0.00642155 -0.99997938
0.00657997 -0.99997835
0.00674327 -0.99997726
0.00691183 -0.99997611
0.00708607 -0.99997489
0.00726641 -0.99997360
0.00745333 -0.99997222
0.00764734 -0.99997076
0.00784900 -0.99996920
0.00805890 -0.99996753
0.00827771 -0.99996574
0.00850616 -0.99996382
0.00874502 -0.99996176
0.00899518 -0.99995954
0.00925759 -0.99995715
0.00953334 -0.99995456
0.00982359 -0.99995175
0.01012967 -0.99994869
0.01045307 -0.99994537
0.01079544 -0.99994173
0.01114989 -0.99993784
0.01150787 -0.99993378
0.01186873 -0.99992956
0.01223171 -0.99992519
0.01259603 -0.99992067
0.01296083 -0.99991600
0.01332517 -0.99991122
0.01368810 -0.99990631
0.01404856 -0.99990131
0.01440550 -0.99989624
0.01475780 -0.99989110
0.01510429 -0.99988592
0.01544381 -0.99988074
0.01577517 -0.99987556
0.01609717 -0.99987043
0.01640862 -0.99986537
0.01670836 -0.99986041
0.01699524 -0.99985557
0.01726817 -0.99985089
0.01752611 -0.99984641
0.01776808 -0.99984214
0.01799319 -0.99983811
0.01820062 -0.99983436
0.01838966 -0.99983090
0.01855972 -0.99982775
0.01871029 -0.99982495
0.01884760 -0.99982237
0.01897819 -0.99981990
0.01910211 -0.99981754
0.01921943 -0.99981529
0.01933020 -0.99981315
0.01943447 -0.99981113
0.01953229 -0.99980923
0.01962371 -0.99980744
0.01970876 -0.99980576
0.01978748 -0.99980421
0.01985991 -0.99980277
0.01992609 -0.99980146
0.01998604 -0.99980026
0.02003978 -0.99979918
0.02008735 -0.99979823
0.02012876 -0.99979740
0.02016404 -0.99979669
0.02019318 -0.99979610
0.02021622 -0.99979563
0.02023315 -0.99979529
0.02024399 -0.99979507
0.02024873 -0.99979497
0.02024738 -0.99979500
0.02023994 -0.99979515
0.02022640 -0.99979543
0.02020676 -0.99979582
0.02018100 -0.99979634
0.02014802 -0.99979701
0.02010671 -0.99979784
0.02005707 -0.99979884
0.01999910 -0.99980000
0.01993278 -0.99980132
0.01985813 -0.99980281
0.01977514 -0.99980445
0.01968381 -0.99980626
0.01958415 -0.99980821
0.01947617 -0.99981032
0.01935987 -0.99981258
0.01923526 -0.99981499
0.01910235 -0.99981753
0.01896115 -0.99982022
0.01881169 -0.99982304
0.01865396 -0.99982600
0.01848800 -0.99982908
0.01831381 -0.99983229
0.01813143 -0.99983561
0.01794086 -0.99983905
0.01774214 -0.99984260
0.01753529 -0.99984624
0.01732034 -0.99984999
0.01709730 -0.99985383
0.01686622 -0.99985776
0.01662713 -0.99986176
0.01638005 -0.99986584
0.01610195 -0.99987036
0.01577171 -0.99987562
0.01539291 -0.99988152
0.01496986 -0.99988795
0.01450746 -0.99989476
0.01401102 -0.99990184
0.01348613 -0.99990906
0.01293846 -0.99991629
0.01237360 -0.99992344
0.01179696 -0.99993041
0.01121363 -0.99993713
0.01062829 -0.99994352
0.01004518 -0.99994955
0.00946805 -0.99995518
0.00892107 -0.99996021
0.00842060 -0.99996455
0.00795944 -0.99996832
0.00753166 -0.99997164
0.00713227 -0.99997457
0.00675704 -0.99997717
0.00640236 -0.99997950
0.00606508 -0.99998161
0.00574243 -0.99998351
0.00543192 -0.99998525
0.00513132 -0.99998683
0.00483854 -0.99998829
0.00455164 -0.99998964
0.00426399 -0.99999091
0.00397022 -0.99999212
0.00367036 -0.99999326
0.00336442 -0.99999434
0.00305239 -0.99999534
0.00273430 -0.99999626
0.00241017 -0.99999710
0.00208001 -0.99999784
0.00174384 -0.99999848
0.00140169 -0.99999902
0.00105357 -0.99999944
0.00069951 -0.99999976
0.00033954 -0.99999994
-0.00002632 -1.00000000
-0.00039803 -0.99999992
-0.00077557 -0.99999970
-0.00115890 -0.99999933
-0.00154798 -0.99999880
-0.00194278 -0.99999811
-0.00234326 -0.99999725
-0.00274938 -0.99999622
-0.00316110 -0.99999500
-0.00357838 -0.99999360
-0.00400117 -0.99999200
-0.00442942 -0.99999019
-0.00486308 -0.99998818
-0.00530211 -0.99998594
-0.00574853 -0.99998348
-0.00620436 -0.99998075
-0.00666958 -0.99997776
-0.00714416 -0.99997448
-0.00762806 -0.99997091
-0.00812125 -0.99996702
-0.00862369 -0.99996282
-0.00913533 -0.99995827
-0.00965614 -0.99995338
-0.01018608 -0.99994812
-0.01072509 -0.99994248
-0.01127314 -0.99993646
-0.01183017 -0.99993002
-0.01239614 -0.99992316
-0.01297098 -0.99991587
-0.01355465 -0.99990813
-0.01414709 -0.99989992
-0.01474825 -0.99989124
-0.01535806 -0.99988206
-0.01597647 -0.99987237
-0.01660341 -0.99986215
-0.01723881 -0.99985140
-0.01788262 -0.99984009
-0.01853476 -0.99982822
-0.01919517 -0.99981576
-0.01986377 -0.99980270
-0.02054049 -0.99978902
-0.02122527 -0.99977472
-0.02191802 -0.99975977
-0.02261867 -0.99974417
-0.02332714 -0.99972789
-0.02404335 -0.99971092
-0.02476722 -0.99969325
-0.02549867 -0.99967486
-0.02623761 -0.99965573
-0.02698397 -0.99963587
-0.02773765 -0.99961524
-0.02849857 -0.99959383
-0.02926663 -0.99957164
-0.03004176 -0.99954864
-0.03082385 -0.99952483
-0.03161283 -0.99950019
-0.03240858 -0.99947470
-0.03321103 -0.99944836
-0.03402007 -0.99942115
-0.03483562 -0.99939306
-0.03565756 -0.99936407
-0.03648581 -0.99933417
-0.03732027 -0.99930336
-0.03816083 -0.99927161
-0.03900740 -0.99923892
-0.03985987 -0.99920528
-0.04071815 -0.99917067
-0.04158213 -0.99913509
-0.04187316 -0.99912293
-0.04101491 -0.99915853
-0.03900912 -0.99923885
-0.03585542 -0.99935699
-0.03155145 -0.99950213
-0.02609302 -0.99965952
-0.01947437 -0.99981036
-0.01168851 -0.99993169
-0.00272754 -0.99999628
0.00741681 -0.99997250
0.01875270 -0.99982415
0.03128751 -0.99951043
0.04502708 -0.99898577
0.05997495 -0.99819988
0.07351423 -0.99729417
0.08303066 -0.99654699
0.08852308 -0.99607413
0.08997663 -0.99594388
0.08735839 -0.99617695
0.08061574 -0.99674525
0.06967764 -0.99756956
0.05445910 -0.99851600
0.03486929 -0.99939188
0.01082395 -0.99994142
-0.01773736 -0.99984268
-0.05082894 -0.99870737
-0.08839193 -0.99608577
-0.13085140 -0.99140199
-0.17883719 -0.98387868
-0.23242979 -0.97261318
-0.29151287 -0.95656691
-0.35567279 -0.93461054
-0.42409628 -0.90561711
-0.49549404 -0.86861134
-0.56504877 -0.82505751
-0.62914452 -0.77728834
-0.68795839 -0.72575014
-0.74167710 -0.67075709
-0.79045783 -0.61251646
-0.83440069 -0.55115832
-0.87186237 -0.48975097
-0.90186214 -0.43202394
-0.92551003 -0.37872311
-0.94390405 -0.33021984
-0.95804641 -0.28661313
-0.96880534 -0.24782296
-0.97690691 -0.21366538
-0.98294351 -0.18390771
-0.98738994 -0.15830701
-0.99062138 -0.13663558
-0.99293045 -0.11869761
-0.99454167 -0.10434015
-0.99562296 -0.09346084
-0.99642744 -0.08445324
-0.99712601 -0.07576097
-0.99772615 -0.06739826
-0.99823552 -0.05937880
-0.99866185 -0.05171574
-0.99901287 -0.04442168
-0.99929630 -0.03750866
-0.99951975 -0.03098817
-0.99969066 -0.02487116
-0.99981628 -0.01916800
-0.99990355 -0.01388858
-0.99995912 -0.00904223
-0.99998925 -0.00463779
-0.99999977 -0.00068361
-0.99999605 0.00281245
-0.99998293 0.00584300
-0.99996471 0.00840110
-0.99994508 0.01048025
-0.99992710 0.01207441
-0.99991317 0.01317797
-0.99990497 0.01378575
-0.99990349 0.01389301
-0.99990893 0.01349546
-0.99992075 0.01258927
-0.99993760 0.01117109
-0.99995733 0.00923807
-0.99997696 0.00678789
-0.99999105 0.00423170
-0.99999803 0.00198396
-1.00000000 0.00004743
-0.99999876 -0.00157550
-0.99999584 -0.00288276
-0.99999250 -0.00387263
-0.99998968 -0.00454374
-0.99998802 -0.00489505
-0.99998787 -0.00492586
-0.99998925 -0.00463583
-0.99999190 -0.00402494
-0.99999522 -0.00309352
-0.99999830 -0.00184226
-0.99999996 -0.00027218
-0.99999870 0.00161533
-0.99999271 0.00381853
-0.99997993 0.00633532
-0.99995802 0.00916325
-0.99992436 0.01229947
-0.99987611 0.01574079
-0.99981018 0.01948363
-0.99972327 0.02352401
-0.99961190 0.02785759
-0.99947240 0.03247965
-0.99930094 0.03738504
-0.99909356 0.04256826
-0.99884621 0.04802340
-0.99857047 0.05345115
-0.99828384 0.05856086
-0.99799080 0.06335901
-0.99769542 0.06785165
-0.99740143 0.07204439
-0.99711221 0.07594240
-0.99683084 0.07955043
-0.99656014 0.08287277
-0.99630262 0.08591331
-0.99606057 0.08867548
-0.99583605 0.09116229
-0.99563089 0.09337634
-0.99544671 0.09531976
-0.99528494 0.09699428
-0.99514683 0.09840118
-0.99503343 0.09954133
-0.99494563 0.10041514
-0.99488413 0.10102257
-0.99484949 0.10136316
-0.99484207 0.10143598
-0.99486207 0.10123964
-0.99490952 0.10077230
-0.99498426 0.10003162
-0.99508596 0.09901477
-0.99521410 0.09771843
-0.99536794 0.09613878
-0.99554653 0.09427144
-0.99574057 0.09219935
-0.99594189 0.08999858
-0.99615111 0.08765257
-0.99636880 0.08514234
-0.99659553 0.08244605
-0.99683181 0.07953829
-0.99707807 0.07638930
-0.99733458 0.07296393
-0.99760140 0.06922033
-0.99787821 0.06510818
-0.99816417 0.06056645
-0.99845756 0.05552032
-0.99875537 0.04987699
-0.99905885 0.04337521
-0.99935895 0.03580057
-0.99963190 0.02713052
-0.99984915 0.01736879
-0.99997855 0.00655017
-0.99998619 -0.00525610
-0.99983898 -0.01794476
-0.99950767 -0.03137559
-0.99896992 -0.04537721
-0.99821314 -0.05975383
-0.99723636 -0.07429428
-0.99605103 -0.08878261
-0.99468042 -0.10300906
-0.99321019 -0.11633364
-0.99173337 -0.12831571
-0.99028582 -0.13904673
-0.98889628 -0.14860734
-0.98758777 -0.15706810
-0.98637869 -0.16449034
-0.98528373 -0.17092682
-0.98431456 -0.17642236
-0.98348044 -0.18101441
-0.98278866 -0.18473347
-0.98224484 -0.18760348
-0.98185329 -0.18964210
-0.98161709 -0.19086092
-0.98153832 -0.19126557
-0.98161808 -0.19085580
-0.98185651 -0.18962539
-0.98225275 -0.18756207
-0.98280485 -0.18464730
-0.98350959 -0.18085599
-0.98436225 -0.17615608
-0.98535628 -0.17050807
-0.98648287 -0.16386442
-0.98773038 -0.15616882
-0.98908361 -0.14735538
-0.99052290 -0.13734764
-0.99202294 -0.12605750
-0.99355124 -0.11338400
-0.99499125 -0.09996208
-0.99623959 -0.08664112
-0.99728526 -0.07363498
-0.99812840 -0.06115313
-0.99877960 -0.04938940
-0.99925814 -0.03851198
-0.99958934 -0.02865577
-0.99980162 -0.01991768
-0.99992367 -0.01235517
-0.99998207 -0.00598778
-0.99999968 -0.00080092
-0.99999472 0.00324867
-0.99998061 0.00622666
-0.99996626 0.00821480
-0.99995642 0.00933619
-0.99995278 0.00971829
-0.99995545 0.00943877
-0.99996341 0.00855477
-0.99997474 0.00710739
-0.99998687 0.00512490
-0.99999655 0.00262490
-0.99999993 -0.00038407
-0.99999239 -0.00390154
-0.99996852 -0.00793449
-0.99992191 -0.01249694
-0.99984493 -0.01760995
-0.99972848 -0.02330178
-0.99956717 -0.02941908
-0.99935943 -0.03578742
-0.99910033 -0.04240907
-0.99878469 -0.04928644
-0.99840701 -0.05642200
-0.99796153 -0.06381832
-0.99744218 -0.07147799
-0.99684254 -0.07940366
-0.99615591 -0.08759794
-0.99537521 -0.09606345
-0.99449303 -0.10480276
-0.99350158 -0.11381832
-0.99239272 -0.12311252
-0.99115792 -0.13268755
-0.98978826 -0.14254546
-0.98827444 -0.15268804
-0.98660676 -0.16311683
-0.98477514 -0.17383304
-0.98276909 -0.18483755
-0.98057775 -0.19613078
-0.97818987 -0.20771273
-0.97559386 -0.21958285
-0.97277776 -0.23174002
-0.96972930 -0.24418248
-0.96643593 -0.25690775
-0.96288482 -0.26991261
-0.95906295 -0.28319298
-0.95502075 -0.29653898
-0.95082073 -0.30974172
-0.94646780 -0.32279824
-0.94196688 -0.33570582
-0.93732288 -0.34846209
-0.93254069 -0.36106489
-0.92762519 -0.37351240
-0.92258119 -0.38580300
-0.91741346 -0.39793536
-0.91212670 -0.40990839
-0.90672553 -0.42172124
-0.90121451 -0.43337328
-0.89559809 -0.44486410
-0.88988061 -0.45619349
-0.88406632 -0.46736146
-0.87815937 -0.47836818
-0.87216378 -0.48921401
-0.86608344 -0.49989947
-0.85992213 -0.51042525
-0.85368350 -0.52079217
-0.84737107 -0.53100120
-0.84098822 -0.54105342
-0.83453822 -0.55095005
-0.82802418 -0.56069240
-0.82144907 -0.57028188
-0.81481576 -0.57971999
-0.80811268 -0.58902793
-0.80132686 -0.59822676
-0.79445892 -0.60731789
-0.78750934 -0.61630272
-0.78047852 -0.62518260
-0.77336677 -0.63395886
-0.76617431 -0.64263281
-0.75890126 -0.65120571
-0.75154766 -0.65967880
-0.74411346 -0.66805326
-0.73659854 -0.67633024
-0.72900269 -0.68451083
-0.72132563 -0.69259608
-0.71356700 -0.70058699
-0.70572637 -0.70848450
-0.69780324 -0.71628949
-0.68979704 -0.72400279
-0.68170715 -0.73162515
-0.67353287 -0.73915727
-0.66527344 -0.74659979
-0.65692806 -0.75395326
-0.64849587 -0.76121817
-0.63997595 -0.76839494
-0.63136734 -0.77548391
-0.62266902 -0.78248533
-0.61387995 -0.78939939
-0.60499904 -0.79622620
-0.59602516 -0.80296576
-0.58695714 -0.80961801
-0.57779380 -0.81618278
-0.56853391 -0.82265983
-0.55917624 -0.82904882
-0.54971951 -0.83534930
-0.54016246 -0.84156076
-0.53050379 -0.84768257
-0.52074220 -0.85371398
-0.51087639 -0.85965418
-0.50090505 -0.86550224
-0.49082690 -0.87125711
-0.48064063 -0.87691766
-0.47034498 -0.88248264
-0.45993869 -0.88795068
-0.44942053 -0.89332032
-0.43878930 -0.89858998
-0.42804384 -0.90375797
-0.41718302 -0.90882250
-0.40620578 -0.91378163
-0.39511109 -0.91863335
-0.38389800 -0.92337551
-0.37256561 -0.92800585
-0.36111311 -0.93252202
-0.34953977 -0.93692153
-0.33784495 -0.94120178
-0.32602810 -0.94536008
-0.31416281 -0.94936912
-0.30232534 -0.95320480
-0.29051903 -0.95686921
-0.27874709 -0.96036454
-0.26701253 -0.96369306
-0.25531822 -0.96685708
-0.24366684 -0.96985899
-0.23206093 -0.97270125
-0.22050285 -0.97538633
-0.20899481 -0.97791675
-0.19753886 -0.98029506
-0.18613690 -0.98252382
-0.17479067 -0.98460562
-0.16350177 -0.98654304
-0.15227165 -0.98833868
-0.14110164 -0.98999512
-0.12999290 -0.99151493
-0.11894648 -0.99290067
-0.10796331 -0.99415488
-0.09704417 -0.99528008
-0.08618975 -0.99627874
-0.07540061 -0.99715332
-0.06467720 -0.99790624
-0.05401986 -0.99853986
-0.04342884 -0.99905652
-0.03290430 -0.99945851
-0.02244628 -0.99974805
-0.01205474 -0.99992734
-0.00172959 -0.99999850
0.00852940 -0.99996362
0.01872248 -0.99982472
0.02885001 -0.99958375
0.03891239 -0.99924263
0.04891011 -0.99880318
0.05884372 -0.99826721
0.06871379 -0.99763641
0.07852100 -0.99691246
0.08826603 -0.99609694
0.09794964 -0.99519137
0.10757262 -0.99419723
0.11713580 -0.99311591
0.12664007 -0.99194873
0.13608632 -0.99069698
0.14547550 -0.98936185
0.15480858 -0.98794448
0.16408656 -0.98644594
0.17331046 -0.98486724
0.18248133 -0.98320932
0.19160024 -0.98147305
0.20066828 -0.97965925
0.20968654 -0.97776866
0.21865616 -0.97580197
0.22757825 -0.97375980
0.23645395 -0.97164270
0.24427381 -0.96970630
0.25003425 -0.96823699
0.25374389 -0.96727144
0.25540849 -0.96683323
0.25503031 -0.96693306
0.25260769 -0.96756878
0.24813517 -0.96872542
0.24160394 -0.97037495
0.23300276 -0.97247607
0.22231924 -0.97497392
0.20954168 -0.97779972
0.19466118 -0.98087054
0.17767436 -0.98408934
0.15858636 -0.98734511
0.13918374 -0.99026657
0.12117858 -0.99263072
0.10447902 -0.99452709
0.08900208 -0.99603144
0.07467379 -0.99720802
0.06142935 -0.99811143
0.04921321 -0.99878830
0.03797921 -0.99927853
0.02769095 -0.99961653
0.01832230 -0.99983213
0.00985829 -0.99995141
0.00229644 -0.99999736
-0.00435121 -0.99999053
-0.00990789 -0.99995092
-0.01410512 -0.99990052
-0.01677921 -0.99985922
-0.01776690 -0.99984216
-0.01690898 -0.99985703
-0.01405477 -0.99990123
-0.00906732 -0.99995889
-0.00182941 -0.99999833
0.00774973 -0.99996997
0.01972726 -0.99980540
0.03411937 -0.99941776
0.05089441 -0.99870404
0.06996716 -0.99754930
0.09119508 -0.99583305
0.11153578 -0.99376042
0.12797154 -0.99177784
0.14040871 -0.99009363
0.14882016 -0.98886428
0.15323561 -0.98818968
0.15373318 -0.98811240
0.15043270 -0.98862025
0.14349100 -0.98965162
0.13309875 -0.99110278
0.11947845 -0.99283679
0.10288279 -0.99469349
0.08359261 -0.99650001
0.06191396 -0.99808149
0.04078524 -0.99916794
0.02264832 -0.99974349
0.00714325 -0.99997449
-0.00601766 -0.99998189
-0.01706109 -0.99985445
-0.02616142 -0.99965773
-0.03344716 -0.99944049
-0.03900527 -0.99923900
-0.04288354 -0.99908008
-0.04509103 -0.99898288
-0.04559646 -0.99895994
-0.04432420 -0.99901720
-0.04114731 -0.99915309
-0.03587667 -0.99935622
-0.02808318 -0.99960559
-0.01746288 -0.99984751
-0.00405024 -0.99999180
0.01198771 -0.99992814
0.03034965 -0.99953934
0.05061394 -0.99871829
0.07226823 -0.99738523
0.09475077 -0.99550103
0.11749657 -0.99307329
0.13998075 -0.99015423
0.16175219 -0.98683141
0.18245400 -0.98321439
0.20183014 -0.97942054
0.22052005 -0.97538244
0.23956605 -0.97088007
0.25935008 -0.96578338
0.28022765 -0.95993357
0.30255330 -0.95313247
0.32669999 -0.94512810
0.35307522 -0.93559494
0.38213485 -0.92410657
0.41439417 -0.91009751
0.45043354 -0.89280996
0.49089233 -0.87122025
0.53643849 -0.84393942
0.58768967 -0.80908643
0.64176595 -0.76690056
0.69453940 -0.71945467
0.74462699 -0.66748082
0.79077452 -0.61210755
0.83200954 -0.55476132
0.86774477 -0.49701008
0.89780725 -0.44038862
0.92239480 -0.38624840
0.94198278 -0.33566119
0.95721317 -0.28938373
0.96879258 -0.24787281
0.97741443 -0.21133156
0.98370897 -0.17976836
0.98837908 -0.15200917
0.99192922 -0.12679280
0.99458805 -0.10389708
0.99653981 -0.08311679
0.99793286 -0.06426514
0.99888669 -0.04717385
0.99949767 -0.03169250
0.99984356 -0.01768745
0.99998730 -0.00504055
0.99997982 0.00635217
0.99986251 0.01658184
0.99966898 0.02572791
0.99942661 0.03385925
0.99915770 0.04103514
0.99888044 0.04730608
0.99860962 0.05271454
0.99835726 0.05729550
0.99813306 0.06107699
0.99794474 0.06408043
0.99779835 0.06632089
0.99769844 0.06780726
0.99764821 0.06854232
0.99764956 0.06852266
0.99770311 0.06773857
0.99780812 0.06617372
0.99796240 0.06380482
0.99816207 0.06060104
0.99837656 0.05695824
0.99857855 0.05329994
0.99876763 0.04963086
0.99894347 0.04595596
0.99910578 0.04228039
0.99925438 0.03860949
0.99938910 0.03494878
0.99950991 0.03130392
0.99961682 0.02768073
0.99970991 0.02408508
0.99978938 0.02052298
0.99985548 0.01700043
0.99990855 0.01352351
0.99994901 0.01009824
0.99997735 0.00673063
0.99999413 0.00342660
0.99999998 0.00019199
0.99999560 -0.00296753
0.99998172 -0.00604642
0.99995914 -0.00903937
0.99992870 -0.01194128
0.99989125 -0.01474730
0.99984769 -0.01745287
0.99979890 -0.02005373
0.99974581 -0.02254595
0.99968930 -0.02492592
0.99963027 -0.02719043
0.99957176 -0.02926246
0.99951730 -0.03106710
0.99946832 -0.03260481
0.99942603 -0.03387644
0.99939140 -0.03488320
0.99936517 -0.03562671
0.99934786 -0.03610891
0.99933977 -0.03633208
0.99934098 -0.03629886
0.99935135 -0.03601216
0.99937056 -0.03547524
0.99939806 -0.03469163
0.99943317 -0.03366513
0.99947499 -0.03239982
0.99952248 -0.03090003
0.99957446 -0.02917033
0.99962959 -0.02721552
0.99968643 -0.02504061
0.99974344 -0.02265081
0.99979895 -0.02005152
0.99985124 -0.01724834
0.99989851 -0.01424699
0.99993891 -0.01105337
0.99997056 -0.00767352
0.99999154 -0.00411359
0.99999993 -0.00037984
0.99999380 0.00352136
0.99997121 0.00758755
0.99993008 0.01182490
0.99986812 0.01624037
0.99978279 0.02084161
0.99967132 0.02563691
0.99953063 0.03063529
0.99935731 0.03584652
0.99914757 0.04128119
0.99889720 0.04695077
0.99860153 0.05286763
0.99825531 0.05904517
0.99785271 0.06549788
0.99738718 0.07224138
0.99685138 0.07929261
0.99623709 0.08666982
0.99553503 0.09439281
0.99473476 0.10248294
0.99382450 0.11096333
0.99279092 0.11985903
0.99161893 0.12919710
0.99029142 0.13900687
0.98878892 0.14932006
0.98708928 0.16017100
0.98516726 0.17159683
0.98299400 0.18363770
0.98053648 0.19633696
0.97775690 0.20974140
0.97423056 0.22555447
0.96936873 0.24560998
0.96281085 0.27017635
0.95408346 0.29954090
0.94257847 0.33398477
0.92753254 0.37374242
0.90801393 0.41893998
0.88292821 0.46950801
0.85105976 0.52506883
0.81117052 0.58480970
0.76217451 0.64737162
0.70338820 0.71080591
0.63481695 0.77266257
0.55738710 0.83025274
0.47771869 0.87851286
0.40279470 0.91529035
0.33407132 0.94254780
0.27216424 0.96225081
0.21710931 0.97614730
0.16859514 0.98568539
0.12613551 0.99201302
0.08918263 0.99601529
0.05719482 0.99836304
0.02967312 0.99955966
0.00617873 0.99998091
-0.01366071 0.99990669
-0.03015052 0.99954537
-0.04403106 0.99903016
-0.05590413 0.99843614
-0.06581574 0.99783179
-0.07380744 0.99727251
-0.07991501 0.99680168
-0.08416750 0.99645162
-0.08658656 0.99624433
-0.08718602 0.99619205
-0.08597166 0.99629758
-0.08294123 0.99655444
-0.07808460 0.99694674
-0.07138412 0.99744890
-0.06281519 0.99802518
-0.05234711 0.99862895
-0.04102932 0.99915794
-0.02992010 0.99955229
-0.01899817 0.99981952
-0.00824229 0.99996603
0.00236882 0.99999719
0.01285662 0.99991735
0.02324286 0.99972985
0.03354975 0.99943705
0.04380008 0.99904032
0.05401743 0.99853999
0.06422639 0.99793535
0.07445274 0.99722454
0.08472377 0.99640448
0.09340066 0.99562860
0.09870165 0.99511707
0.10048068 0.99493901
0.09864776 0.99512241
0.09317251 0.99564998
0.08408740 0.99645838
0.07149047 0.99744128
0.05554690 0.99845608
0.03648877 0.99933406
0.01461208 0.99989324
-0.00972977 0.99995266
-0.03613628 0.99934687
-0.06417376 0.99793874
-0.09339196 0.99562942
-0.11852800 0.99295071
-0.13538056 0.99079367
-0.14479877 0.98946112
-0.14728198 0.98909454
-0.14301518 0.98972049
-0.13188665 0.99126480
-0.11348805 0.99353936
-0.08710003 0.99619957
-0.05167035 0.99866420
-0.00580121 0.99998317
0.05221767 0.99863573
0.12425534 0.99225028
0.21193169 0.97728448
0.30807953 0.95136061
0.40280059 0.91528776
0.49303004 0.87001229
0.57615013 0.81734388
0.65034903 0.75963553
0.71475681 0.69937308
0.76935969 0.63881583
0.81477631 0.57977544
0.85199876 0.52354381
0.88217085 0.47092950
0.90643299 0.42234965
0.92583199 0.37793536
0.94128013 0.33762660
0.95354604 0.30124732
0.96326300 0.26855986
0.97094518 0.23930202
0.97700620 0.21321089
0.98177687 0.19003733
0.98552087 0.16955417
0.98844798 0.15156050
0.99072483 0.13588344
0.99248348 0.12237871
0.99382816 0.11093059
0.99484047 0.10145171
0.99558322 0.09388319
0.99610320 0.08819529
0.99651182 0.08345170
0.99689634 0.07872541
0.99725651 0.07402334
0.99759221 0.06935255
0.99790344 0.06472028
0.99819032 0.06013390
0.99845307 0.05560087
0.99869207 0.05112873
0.99890779 0.04672506
0.99910083 0.04239742
0.99927190 0.03815337
0.99942182 0.03400038
0.99955152 0.02994583
0.99966202 0.02599696
0.99975442 0.02216081
0.99982989 0.01844424
0.99988968 0.01485384
0.99993506 0.01139593
0.99996738 0.00807651
0.99998799 0.00490123
0.99999824 0.00187539
0.99999950 -0.00099613
0.99999312 -0.00370885
0.99998041 -0.00625875
0.99996265 -0.00864226
0.99994107 -0.01085627
0.99991682 -0.01289817
0.99989094 -0.01476849
0.99986437 -0.01646950
0.99983796 -0.01800155
0.99981248 -0.01936511
0.99978861 -0.02056073
0.99976693 -0.02158904
0.99974795 -0.02245075
0.99973208 -0.02314666
0.99971965 -0.02367765
0.99971089 -0.02404465
0.99970596 -0.02424868
0.99970493 -0.02429085
0.99970781 -0.02417231
0.99971449 -0.02389428
0.99972482 -0.02345805
0.99973856 -0.02286498
0.99975540 -0.02211649
0.99977496 -0.02121405
0.99979678 -0.02015920
0.99982037 -0.01895353
0.99984513 -0.01759870
0.99987044 -0.01609642
0.99989562 -0.01444845
0.99991990 -0.01265661
0.99994251 -0.01072278
0.99996260 -0.00864887
0.99997928 -0.00643687
0.99999272 -0.00381706
0.99999986 -0.00052512
0.99999412 0.00342796
0.99996776 0.00803009
0.99991198 0.01326803
0.99981705 0.01912740
0.99967246 0.02559262
0.99946695 0.03264695
0.99918874 0.04027242
0.99882562 0.04844987
0.99836509 0.05715892
0.99779455 0.06637797
0.99710139 0.07608427
0.99627319 0.08625389
0.99528267 0.09701760
0.99408853 0.10857256
0.99265236 0.12100117
0.99092755 0.13439714
0.98885721 0.14886714
0.98637161 0.16453282
0.98338486 0.18153296
0.97979059 0.20002598
0.97545642 0.22019257
0.97021674 0.24223846
0.96386340 0.26639698
0.95613359 0.29293099
0.94669429 0.32213339
0.93535228 0.35371755
0.92198945 0.38721499
0.90629678 0.42264186
0.88793435 0.45997020
0.86653669 0.49911338
0.84172281 0.53990991
0.81311231 0.58210684
0.78034864 0.62534471
0.74312996 0.66914712
0.70124651 0.71291889
0.65462155 0.75595677
0.60335044 0.79747617
0.54773051 0.83665482
0.48827344 0.87269069
0.42726474 0.90412656
0.36746712 0.93003651
0.31010240 0.95070316
0.25612216 0.96664442
0.20618438 0.97851316
0.16067234 0.98700780
0.11973915 0.99280539
0.08336183 0.99651934
0.05139415 0.99867845
0.02361154 0.99972121
-0.00025363 0.99999997
-0.02048663 0.99979013
-0.03737296 0.99930139
-0.05123714 0.99868652
-0.06247028 0.99804682
-0.07138371 0.99744893
-0.07821382 0.99693661
-0.08313600 0.99653821
-0.08627467 0.99627139
-0.08771019 0.99614603
-0.08748322 0.99616599
-0.08559703 0.99632984
-0.08201785 0.99663086
-0.07667336 0.99705626
-0.06944928 0.99758548
-0.06018361 0.99818732
-0.04865826 0.99881549
-0.03585880 0.99935687
-0.02299548 0.99973557
-0.01014351 0.99994855
0.00261613 0.99999658
0.01519795 0.99988450
0.02751343 0.99962143
0.03947272 0.99922065
0.05098652 0.99869934
0.06196802 0.99807814
0.07233480 0.99738041
0.08201066 0.99663145
0.09092726 0.99585754
0.09902553 0.99508489
0.10500112 0.99447210
0.10758584 0.99419580
0.10679652 0.99428090
0.10266755 0.99471572
0.09525074 0.99545331
0.08461649 0.99641359
0.07085618 0.99748654
0.05408531 0.99853632
0.03444698 0.99940653
0.01211518 0.99992661
-0.01270287 0.99991932
-0.03976564 0.99920903
-0.06879835 0.99763059
-0.09949616 0.99503795
-0.12660368 0.99195338
-0.14563747 0.98933803
-0.15724175 0.98756014
-0.16180895 0.98682210
-0.15948393 0.98720052
-0.15016562 0.98866086
-0.13350284 0.99104843
-0.10888598 0.99405425
-0.07544080 0.99715028
-0.03203973 0.99948660
0.02263940 0.99974370
0.08995355 0.99594596
0.17095295 0.98527919
0.25891131 0.96590110
0.34533379 0.93847993
0.42814337 0.90371082
0.50557452 0.86278294
0.57634667 0.81720531
0.63973309 0.76859714
0.69552851 0.71849850
0.74394749 0.66823808
0.78549510 0.61886788
0.82084281 0.57115416
0.85072860 0.52560522
0.87588666 0.48251690
0.89700419 0.44202204
0.91469902 0.40413574
0.92951160 0.36879287
0.94190580 0.33587715
0.95227465 0.30524250
0.96094825 0.27672815
0.96820222 0.25016885
0.97426596 0.22540152
0.97932996 0.20226922
0.98355232 0.18062344
0.98706427 0.16032509
0.98997472 0.14124467
0.99237417 0.12326192
0.99433783 0.10626514
0.99592818 0.09015024
0.99720182 0.07475644
0.99819742 0.06001592
0.99894296 0.04596688
0.99946702 0.03264465
0.99979834 0.02008175
0.99996549 0.00830795
0.99999649 -0.00264953
0.99991851 -0.01276588
0.99975756 -0.02201849
0.99953822 -0.03038671
0.99928337 -0.03785169
0.99901401 -0.04439609
0.99874902 -0.05000392
0.99850501 -0.05466030
0.99829611 -0.05835131
0.99813386 -0.06106381
0.99802705 -0.06278533
0.99798159 -0.06350398
0.99800035 -0.06320838
0.99808312 -0.06188766
0.99822643 -0.05953149
0.99842346 -0.05613019
0.99866396 -0.05167481
0.99893418 -0.04615740
0.99921675 -0.03957120
0.99949072 -0.03191098
0.99971144 -0.02402146
0.99985954 -0.01676032
0.99994857 -0.01014146
0.99999128 -0.00417660
0.99999937 0.00112465
0.99998344 0.00575476
0.99995287 0.00970818
0.99991574 0.01298127
0.99987874 0.01557227
0.99984719 0.01748116
0.99982496 0.01870967
0.99981449 0.01926115
0.99981680 0.01914056
0.99983154 0.01835438
0.99985701 0.01691059
0.99989020 0.01481862
0.99992692 0.01208930
0.99996185 0.00873485
0.99998863 0.00476882
0.99999998 0.00020607
0.99998781 -0.00493724
0.99994335 -0.01064372
0.99985727 -0.01689477
0.99971981 -0.02367061
0.99952092 -0.03095034
0.99925041 -0.03871201
0.99889806 -0.04693263
0.99850975 -0.05457354
0.99815903 -0.06065104
0.99787111 -0.06521696
0.99766387 -0.06831396
0.99754870 -0.06997571
0.99753102 -0.07022722
0.99761077 -0.06908510
0.99778257 -0.06655785
0.99803580 -0.06264618
0.99835452 -0.05734326
0.99871722 -0.05063511
0.99909643 -0.04250085
0.99945821 -0.03291323
0.99976150 -0.02183903
0.99995731 -0.00923971
0.99998786 0.00492779
0.99978552 0.02071005
0.99927180 0.03815587
0.99835617 0.05731462
0.99693501 0.07823417
0.99489066 0.10095827
0.99209066 0.12552341
0.98838742 0.15195498
0.98361847 0.18026287
0.97760757 0.21043631
0.97016681 0.24243835
0.96110019 0.27619998
0.95043778 0.31091483
0.93825574 0.34594244
0.92439816 0.38142895
0.90867226 0.41751016
0.89084494 0.45430749
0.87063923 0.49192208
0.84773091 0.53042653
0.82174625 0.56985358
0.79226188 0.61018122
0.75880858 0.65131371
0.72088124 0.69305861
0.67795804 0.73510061
0.62953213 0.77697445
0.57515895 0.81804167
0.51699387 0.85598910
0.45829039 0.88880252
0.40029532 0.91638620
0.34412440 0.93892406
0.29069382 0.95681613
0.24068986 0.97060208
0.19457210 0.98088822
0.15259955 0.98828810
0.11486878 0.99338067
0.08135473 0.99668521
0.05194842 0.99864977
0.02648853 0.99964912
0.00478601 0.99998855
-0.01393813 0.99990286
-0.03043642 0.99953670
-0.04485665 0.99899343
-0.05733153 0.99835520
-0.06797852 0.99768678
-0.07690021 0.99703879
-0.08418481 0.99645016
-0.08990687 0.99595018
-0.09412800 0.99556010
-0.09689755 0.99529436
-0.09825324 0.99516144
-0.09822175 0.99516455
-0.09681917 0.99530199
-0.09405142 0.99556734
-0.08991459 0.99594948
-0.08439518 0.99643236
-0.07747034 0.99699466
-0.06910802 0.99760918
-0.05926721 0.99824215
-0.04789814 0.99885223
-0.03494260 0.99938932
-0.02033443 0.99979323
-0.00400018 0.99999200
0.01413984 0.99990003
0.03417010 0.99941603
0.05617779 0.99842078
0.08024998 0.99677477
0.10351978 0.99462739
0.12295409 0.99241236
0.13841513 0.99037430
0.14979203 0.98871753
0.15699075 0.98760007
0.15992583 0.98712903
0.15851486 0.98735659
0.15267613 0.98827628
0.14233008 0.98981925
0.12740497 0.99185078
0.10784729 0.99416747
0.08363693 0.99649629
0.05480676 0.99849698
0.02146575 0.99976958
-0.01623097 0.99986827
-0.05856481 0.99828361
-0.10602009 0.99436399
-0.15905955 0.98726899
-0.21805708 0.97593602
-0.28319421 0.95906258
-0.35431502 0.93512612
-0.43074624 0.90247309
-0.51111543 0.85951208
-0.59323679 0.80502802
-0.67416439 0.73858133
-0.75049648 0.66087445
-0.81892039 0.57390713
-0.87307467 0.48758653
-0.91164860 0.41097059
-0.93881839 0.34441258
-0.95784554 0.28728368
-0.97112477 0.23857216
-0.98036187 0.19720700
-0.98675645 0.16220883
-0.99117905 0.13252960
-0.99421065 0.10744851
-0.99623995 0.08663697
-0.99755799 0.06984302
-0.99837990 0.05689961
-0.99886016 0.04773244
-0.99910197 0.04237053
-0.99924022 0.03897421
-0.99936462 0.03564197
-0.99947507 0.03239725
-0.99957171 0.02926438
-0.99965493 0.02626810
-0.99972541 0.02343316
-0.99978399 0.02078381
-0.99983175 0.01834324
-0.99986985 0.01613304
-0.99989956 0.01417268
-0.99992213 0.01247903
-0.99993877 0.01106592
-0.99995056 0.00994377
-0.99995970 0.00897724
-0.99996779 0.00802572
-0.99997487 0.00708907
-0.99998098 0.00616713
-0.99998617 0.00525978
-0.99999047 0.00436687
-0.99999392 0.00348827
-0.99999656 0.00262385
-0.99999843 0.00177349
-0.99999956 0.00093705
-0.99999999 0.00011442
-0.99999976 -0.00069452
-0.99999889 -0.00148988
-0.99999742 -0.00227178
-0.99999538 -0.00304033
-0.99999280 -0.00379563
-0.99998970 -0.00453779
-0.99998613 -0.00526691
-0.99998210 -0.00598309
-0.99997765 -0.00668642
-0.99997279 -0.00737699
-0.99996756 -0.00805490
-0.99996198 -0.00872023
-0.99995607 -0.00937308
-0.99994986 -0.01001352
-0.99994338 -0.01064163
-0.99993663 -0.01125749
-0.99992965 -0.01186118
-0.99992246 -0.01245277
-0.99991508 -0.01303233
-0.99990752 -0.01359993
-0.99989980 -0.01415564
-0.99989196 -0.01469952
-0.99988399 -0.01523163
-0.99987593 -0.01575203
-0.99986778 -0.01626078
-0.99985958 -0.01675794
-0.99985132 -0.01724355
-0.99984303 -0.01771766
-0.99983472 -0.01818034
-0.99982642 -0.01863161
-0.99981812 -0.01907153
-0.99980985 -0.01950013
-0.99980163 -0.01991747
-0.99979345 -0.02032357
-0.99978535 -0.02071847
-0.99977732 -0.02110220
-0.99976939 -0.02147480
-0.99976156 -0.02183629
-0.99975384 -0.02218671
-0.99974626 -0.02252607
-0.99973880 -0.02285440
-0.99973150 -0.02317173
-0.99972449 -0.02347212
-0.99971794 -0.02374962
-0.99971186 -0.02400419
-0.99970627 -0.02423579
-0.99970119 -0.02444439
-0.99969664 -0.02462997
-0.99969262 -0.02479249
-0.99968915 -0.02493193
-0.99968624 -0.02504826
-0.99968390 -0.02514147
-0.99968214 -0.02521153
-0.99968096 -0.02525843
-0.99968036 -0.02528215
-0.99968034 -0.02528267
-0.99968092 -0.02526000
-0.99968207 -0.02521411
-0.99968381 -0.02514501
-0.99968613 -0.02505268
-0.99968902 -0.02493713
-0.99969247 -0.02479835
-0.99969648 -0.02463635
-0.99970103 -0.02445113
-0.99970610 -0.02424269
-0.99971169 -0.02401105
-0.99971778 -0.02375622
-0.99972435 -0.02347821
-0.99973138 -0.02317703
-0.99973884 -0.02285270
-0.99974672 -0.02250525
-0.99975500 -0.02213468
-0.99976364 -0.02174103
-0.99977261 -0.02132433
-0.99978189 -0.02088459
-0.99979145 -0.02042185
-0.99980126 -0.01993615
-0.99981127 -0.01942751
-0.99982146 -0.01889598
-0.99983178 -0.01834159
-0.99984220 -0.01776439
-0.99985268 -0.01716442
-0.99986318 -0.01654173
-0.99987365 -0.01589635
-0.99988404 -0.01522835
-0.99989432 -0.01453778
-0.99990443 -0.01382469
-0.99991433 -0.01308914
-0.99992397 -0.01233119
-0.99993329 -0.01155089
-0.99994224 -0.01074833
-0.99995076 -0.00992355
-0.99995881 -0.00907663
-0.99996632 -0.00820764
-0.99997323 -0.00731665
-0.99997950 -0.00640375
-0.99998479 -0.00551506
-0.99998897 -0.00469646
-0.99999221 -0.00394760
-0.99999466 -0.00326820
-0.99999647 -0.00265801
-0.99999776 -0.00211684
-0.99999865 -0.00164452
-0.99999923 -0.00124095
-0.99999959 -0.00090606
-0.99999980 -0.00063984
-0.99999990 -0.00044229
-0.99999995 -0.00031350
-0.99999997 -0.00025358
-0.99999997 -0.00026268
-0.99999994 -0.00034101
-0.99999988 -0.00048882
-0.99999975 -0.00070640
-0.99999951 -0.00099412
-0.99999909 -0.00135235
-0.99999841 -0.00178153
-0.99999740 -0.00228217
-0.99999593 -0.00285480
-0.99999387 -0.00350002
-0.99999110 -0.00421847
-0.99998745 -0.00501085
-0.99998272 -0.00587791
-0.99997674 -0.00682047
-0.99998170 -0.00605007
-0.99999845 -0.00175893
-0.99998150 0.00608293
-0.99984676 0.01750569
-0.99947059 0.03253529
-0.99868910 0.05118666
-0.99729855 0.07345473
-0.99505722 0.09930321
-0.99168984 0.12865173
-0.98689531 0.16136186
-0.98035853 0.19722362
-0.97176666 0.23594398
-0.96082960 0.27713983
-0.94730340 0.32033774
-0.93214006 0.36209793
-0.91673427 0.39949753
-0.90148505 0.43281024
-0.88670562 0.46233444
-0.87263569 0.48837173
-0.85945456 0.51121215
-0.84729359 0.53112481
-0.83624731 0.54835248
-0.82638281 0.56310874
-0.81774753 0.57557708
-0.81037556 0.58591079
-0.80429255 0.59423353
-0.79951965 0.60063994
-0.79651283 0.60462163
-0.79574073 0.60563743
-0.79723721 0.60366616
-0.80102995 0.59862427
-0.80713827 0.59036244
-0.81556783 0.57866148
-0.82630150 0.56322805
-0.83928539 0.54369112
-0.85440910 0.51960089
-0.87147887 0.49043305
-0.89018334 0.45560249
-0.91005269 0.41449258
-0.93041520 0.36650723
-0.95035984 0.31115298
-0.96750457 0.25285352
-0.98038399 0.19709701
-0.98943539 0.14497452
-0.99525205 0.09733118
-0.99849993 0.05475292
-0.99984533 0.01758715
-0.99990177 -0.01401609
-0.99919746 -0.04005536
-0.99816026 -0.06063086
-0.99711506 -0.07590492
-0.99628894 -0.08607179
-0.99582004 -0.09133701
-0.99576779 -0.09190491
-0.99582474 -0.09128578
-0.99568466 -0.09280118
-0.99534400 -0.09638633
-0.99478446 -0.10199939
-0.99397368 -0.10961899
-0.99286522 -0.11924203
-0.99139800 -0.13088164
-0.98949530 -0.14456508
-0.98706322 -0.16033152
-0.98398894 -0.17822951
-0.98013856 -0.19831390
-0.97535486 -0.22064202
-0.96945510 -0.24526886
-0.96222911 -0.27224096
-0.95347743 -0.30146442
-0.94298759 -0.33282790
-0.93049020 -0.36631679
-0.91569444 -0.40187523
-0.89829429 -0.43939432
-0.87797860 -0.47869987
-0.85444553 -0.51954098
-0.82742176 -0.56158101
-0.79668604 -0.60439337
-0.76209570 -0.64746440
-0.72361344 -0.69020547
-0.68133079 -0.73197565
-0.63548363 -0.77211434
-0.58882922 -0.80825748
-0.54407551 -0.83903626
-0.50136000 -0.86523878
-0.46068032 -0.88756613
-0.42193710 -0.90662511
-0.38496559 -0.92293093
-0.34955742 -0.93691494
-0.31547435 -0.94893411
-0.28245572 -0.95928034
-0.25022091 -0.96818877
-0.21846754 -0.97584422
-0.18686593 -0.98238543
-0.15504952 -0.98790670
-0.12260068 -0.99245608
-0.09047654 -0.99589859
-0.06039101 -0.99817480
-0.03298615 -0.99945581
-0.00884400 -0.99996089
0.01153974 -0.99993341
0.02777369 -0.99961424
0.03958020 -0.99921640
0.04679761 -0.99890439
0.04937716 -0.99878020
0.04737689 -0.99887708
0.04095377 -0.99916104
0.03035489 -0.99953918
0.01590775 -0.99987346
0.00059929 -0.99999982
-0.01293931 -0.99991628
-0.02484755 -0.99969125
-0.03524878 -0.99937857
-0.04425150 -0.99902042
-0.05195069 -0.99864965
-0.05842913 -0.99829156
-0.06375854 -0.99796535
-0.06800066 -0.99768528
-0.07120824 -0.99746147
-0.07342582 -0.99730068
-0.07469052 -0.99720676
-0.07503264 -0.99718108
-0.07447625 -0.99722279
-0.07303961 -0.99732904
-0.07073561 -0.99749510
-0.06757209 -0.99771439
-0.06355214 -0.99797852
-0.05867433 -0.99827718
-0.05293292 -0.99859807
-0.04631804 -0.99892674
-0.03881583 -0.99924638
-0.03040861 -0.99953755
-0.02107500 -0.99977790
-0.01079009 -0.99994179
0.00047440 -0.99999989
0.01261633 -0.99992041
0.02555141 -0.99967351
0.03934143 -0.99922583
0.05405443 -0.99853799
0.06976517 -0.99756344
0.08655556 -0.99624703
0.10451506 -0.99452330
0.12374100 -0.99231455
0.14433860 -0.98952836
0.16642084 -0.98605482
0.19010778 -0.98176323
0.21552524 -0.97649827
0.24280260 -0.97007572
0.27206921 -0.96227768
0.30344915 -0.95284764
0.33705348 -0.94148550
0.37296975 -0.92784350
0.41124762 -0.91152367
0.45188046 -0.89207850
0.49478258 -0.86901680
0.53976267 -0.84181724
0.58649547 -0.80995251
0.63449533 -0.77292669
0.68309777 -0.73032694
0.73145693 -0.68188764
0.77856772 -0.62756060
0.82331889 -0.56757907
0.86313641 -0.50497083
0.89632918 -0.44338923
0.92331449 -0.38404474
0.94473089 -0.32784683
0.96132839 -0.27540465
0.97388009 -0.22706294
0.98312127 -0.18295509
0.98971416 -0.14305903
0.99423234 -0.10724762
0.99715869 -0.07532957
0.99889110 -0.04708048
0.99975210 -0.02226497
0.99999979 -0.00065159
0.99983839 0.01797760
0.99942789 0.03382146
0.99889222 0.04705669
0.99832606 0.05783665
0.99780032 0.06629116
0.99736645 0.07252694
0.99705972 0.07662839
0.99690162 0.07865848
0.99690153 0.07865959
0.99705772 0.07665441
0.99735775 0.07264655
0.99777834 0.06662126
0.99828471 0.05854595
0.99882945 0.04837079
0.99930032 0.03740146
0.99963557 0.02699498
0.99985267 0.01716496
0.99996861 0.00792371
0.99999974 -0.00071757
0.99996173 -0.00874878
0.99986941 -0.01616073
0.99973673 -0.02294505
0.99957668 -0.02909410
0.99940121 -0.03460086
0.99922120 -0.03945881
0.99904637 -0.04366184
0.99888526 -0.04720418
0.99874519 -0.05008033
0.99863221 -0.05228497
0.99855103 -0.05381292
0.99850507 -0.05465910
0.99849634 -0.05481849
0.99852542 -0.05428613
0.99859148 -0.05305709
0.99869218 -0.05112653
0.99882368 -0.04848968
0.99898058 -0.04514191
0.99915591 -0.04107879
0.99934108 -0.03629620
0.99952586 -0.03079035
0.99969841 -0.02455798
0.99983605 -0.01810737
0.99992858 -0.01195138
0.99998143 -0.00609389
0.99999986 -0.00053840
0.99998890 0.00471186
0.99995340 0.00965399
0.99989796 0.01428535
0.99982694 0.01860357
0.99974444 0.02260651
0.99965430 0.02629228
0.99956007 0.02965919
0.99946502 0.03270575
0.99937214 0.03543066
0.99928408 0.03783281
0.99920323 0.03991121
0.99913163 0.04166506
0.99907104 0.04309368
0.99902285 0.04419655
0.99898819 0.04497325
0.99896782 0.04542350
0.99896219 0.04554714
0.99897143 0.04534412
0.99899532 0.04481452
0.99903336 0.04395853
0.99908467 0.04277645
0.99914808 0.04126873
0.99922210 0.03943594
0.99929812 0.03746021
0.99936885 0.03552320
0.99943452 0.03362485
0.99949536 0.03176510
0.99955158 0.02994390
0.99960339 0.02816120
0.99965101 0.02641692
0.99969464 0.02471102
0.99973446 0.02304343
0.99977069 0.02141409
0.99980351 0.01982295
0.99983309 0.01826993
0.99985963 0.01675499
0.99988328 0.01527806
0.99990424 0.01383907
0.99992265 0.01243797
0.99993867 0.01107470
0.99995248 0.00974920
0.99996420 0.00846141
0.99997400 0.00721126
0.99998201 0.00599870
0.99998837 0.00482367
0.99999321 0.00368612
0.99999666 0.00258598
0.99999884 0.00152321
0.99999988 0.00049774
0.99999988 -0.00049047
0.99999896 -0.00144149
0.99999723 -0.00235535
0.99999478 -0.00323212
0.99999171 -0.00407184
0.99998812 -0.00487455
0.99998409 -0.00564032
0.99997972 -0.00636917
0.99997507 -0.00706116
0.99997023 -0.00771632
0.99996527 -0.00833471
0.99996025 -0.00891635
0.99995524 -0.00946129
0.99995030 -0.00996956
0.99994549 -0.01044120
0.99994085 -0.01087624
0.99993644 -0.01127472
0.99993229 -0.01163665
0.99992845 -0.01196208
0.99992495 -0.01225102
0.99992183 -0.01250351
0.99991910 -0.01271956
0.99991680 -0.01289920
0.99991494 -0.01304244
0.99991354 -0.01314931
0.99991261 -0.01321982
0.99991216 -0.01325398
0.99991219 -0.01325181
0.99991232 -0.01324197
0.99991217 -0.01325308
0.99991175 -0.01328516
0.99991104 -0.01333819
0.99991005 -0.01341218
0.99990877 -0.01350712
0.99990720 -0.01362300
0.99990533 -0.01375984
0.99990315 -0.01391762
0.99990064 -0.01409634
0.99989781 -0.01429602
0.99989463 -0.01451666
0.99989109 -0.01475825
0.99988718 -0.01502080
0.99988288 -0.01530432
0.99987818 -0.01560881
0.99987304 -0.01593428
0.99986746 -0.01628074
0.99986141 -0.01664820
0.99985487 -0.01703666
0.99984780 -0.01744614
0.99984020 -0.01787664
0.99983202 -0.01832818
0.99982325 -0.01880078
0.99981384 -0.01929444
0.99980378 -0.01980918
0.99979302 -0.02034501
0.99978153 -0.02090196
0.99976928 -0.02148002
0.99975622 -0.02207924
0.99974233 -0.02269961
0.99972756 -0.02334117
0.99971186 -0.02400392
0.99969521 -0.02468790
0.99967754 -0.02539311
0.99965883 -0.02611959
0.99963901 -0.02686735
0.99961804 -0.02763641
0.99959588 -0.02842681
0.99957246 -0.02923856
0.99954774 -0.03007169
0.99952167 -0.03092622
0.99949418 -0.03180218
0.99946523 -0.03269960
0.99943474 -0.03361850
0.99940266 -0.03455891
0.99936894 -0.03552086
0.99933349 -0.03650437
0.99929627 -0.03750948
0.99925720 -0.03853621
0.99921622 -0.03958460
0.99917326 -0.04065467
0.99912824 -0.04174645
0.99909029 -0.04264497
0.99906927 -0.04313468
0.99906578 -0.04321542
0.99907989 -0.04288800
0.99911112 -0.04215412
0.99915847 -0.04101640
0.99922043 -0.03947837
0.99929496 -0.03754444
0.99937959 -0.03521988
0.99947138 -0.03251083
0.99956701 -0.02942426
0.99966278 -0.02596796
0.99975465 -0.02215047
0.99983833 -0.01798113
0.99990928 -0.01346998
0.99996278 -0.00862775
0.99999399 -0.00346583
0.99999799 0.00200378
0.99996982 0.00776852
0.99990456 0.01381530
0.99979736 0.02013055
0.99964348 0.02670032
0.99943837 0.03351027
0.99917768 0.04054574
0.99885732 0.04779186
0.99847346 0.05523356
0.99802263 0.06285563
0.99746561 0.07115029
0.99674185 0.08065783
0.99580960 0.09145079
0.99461659 0.10362352
0.99309725 0.11729390
0.99116886 0.13260577
0.98872661 0.14973207
0.98563686 0.16887858
0.98172827 0.19028823
0.97677981 0.21424565
0.97050489 0.24108145
0.96253001 0.27117519
0.95236675 0.30495505
0.93937525 0.34289085
0.92303248 0.38472203
0.90294149 0.42976350
0.87849940 0.47774344
0.84912522 0.52819160
0.81432338 0.58041143
0.77376365 0.63347439
0.72736692 0.68624876
0.67537923 0.73747061
0.61841150 0.78585445
0.55742571 0.83022682
0.49366073 0.86965458
0.42850954 0.90353726
0.36337505 0.93164294
0.30186802 0.95334973
0.24681825 0.96906179
0.19811409 0.98017897
0.15541439 0.98784936
0.11826850 0.99298165
0.08619436 0.99627834
0.05872508 0.99827419
0.03543419 0.99937201
0.01594748 0.99987283
-0.00005300 1.00000000
-0.01282917 0.99991770
-0.02258905 0.99974483
-0.02948952 0.99956509
-0.03363890 0.99943405
-0.03620011 0.99934456
-0.03829290 0.99926656
-0.03992376 0.99920273
-0.04109664 0.99915518
-0.04181297 0.99912546
-0.04207163 0.99911460
-0.04186895 0.99912311
-0.04119857 0.99915098
-0.04005137 0.99919762
-0.03841529 0.99926186
-0.03627518 0.99934184
-0.03361249 0.99943494
-0.03040505 0.99953766
-0.02694156 0.99963701
-0.02353601 0.99972299
-0.02020133 0.99979593
-0.01695036 0.99985633
-0.01379581 0.99990483
-0.01075003 0.99994222
-0.00782492 0.99996938
-0.00503174 0.99998734
-0.00238101 0.99999717
0.00011765 0.99999999
0.00245560 0.99999699
0.00462531 0.99998930
0.00662042 0.99997808
0.00843579 0.99996442
0.01007657 0.99994923
0.01155423 0.99993325
0.01287351 0.99991713
0.01403843 0.99990146
0.01505234 0.99988671
0.01591798 0.99987330
0.01663743 0.99986159
0.01721219 0.99985186
0.01764317 0.99984435
0.01793068 0.99983923
0.01807444 0.99983664
0.01807356 0.99983666
0.01792656 0.99983931
0.01770195 0.99984331
0.01746969 0.99984739
0.01723004 0.99985155
0.01698324 0.99985577
0.01672960 0.99986005
0.01646943 0.99986437
0.01620306 0.99986872
0.01593085 0.99987310
0.01565316 0.99987748
0.01537040 0.99988187
0.01508296 0.99988625
0.01479125 0.99989060
0.01449572 0.99989493
0.01419680 0.99989922
0.01389493 0.99990346
0.01359056 0.99990764
0.01328415 0.99991176
0.01297614 0.99991581
0.01266699 0.99991977
0.01235714 0.99992365
0.01204703 0.99992743
0.01173710 0.99993112
0.01142777 0.99993470
0.01111944 0.99993818
0.01081253 0.99994154
0.01050742 0.99994480
0.01020447 0.99994793
0.00991296 0.99995087
0.00964087 0.99995353
0.00938677 0.99995594
0.00914942 0.99995814
0.00892772 0.99996015
0.00872070 0.99996197
0.00852752 0.99996364
0.00834745 0.99996516
0.00817985 0.99996654
0.00802419 0.99996781
0.00788002 0.99996895
0.00774696 0.99996999
0.00762474 0.99997093
0.00751316 0.99997178
0.00743243 0.99997238
0.00740371 0.99997259
0.00743001 0.99997240
0.00751720 0.99997175
0.00764680 0.99997076
0.00779654 0.99996961
0.00796980 0.99996824
0.00813186 0.99996694
0.00823777 0.99996607
0.00827703 0.99996574
0.00824131 0.99996604
0.00812573 0.99996699
0.00792979 0.99996856
0.00769590 0.99997039
0.00746445 0.99997214
0.00723550 0.99997382
0.00700913 0.99997544
0.00678538 0.99997698
0.00656433 0.99997845
0.00634604 0.99997986
0.00613056 0.99998121
0.00591796 0.99998249
0.00570828 0.99998371
0.00550160 0.99998487
0.00529796 0.99998597
0.00509741 0.99998701
0.00490002 0.99998799
0.00470583 0.99998893
0.00451489 0.99998981
0.00432725 0.99999064
0.00414296 0.99999142
0.00396206 0.99999215
0.00378460 0.99999284
0.00361062 0.99999348
0.00344016 0.99999408
0.00327326 0.99999464
0.00310996 0.99999516
0.00295029 0.99999565
0.00279428 0.99999610
0.00264198 0.99999651
0.00249340 0.99999689
0.00234859 0.99999724
0.00220756 0.99999756
0.00207033 0.99999786
0.00193695 0.99999812
0.00180741 0.99999837
0.00168176 0.99999859
0.00155999 0.99999878
0.00144213 0.99999896
0.00132819 0.99999912
0.00121818 0.99999926
0.00111212 0.99999938
0.00101001 0.99999949
0.00091186 0.99999958
0.00081767 0.99999967
0.00072744 0.99999974
0.00064118 0.99999979
0.00055888 0.99999984
0.00048055 0.99999988
0.00040617 0.99999992
0.00033574 0.99999994
0.00026926 0.99999996
0.00020671 0.99999998
0.00014807 0.99999999
0.00009335 1.00000000
0.00004252 1.00000000
-0.00000572 1.00000000
-0.00005280 1.00000000
-0.00009895 1.00000000
-0.00014440 0.99999999
-0.00018937 0.99999998
-0.00023405 0.99999997
-0.00027869 0.99999996
-0.00032349 0.99999995
-0.00036869 0.99999993
-0.00041453 0.99999991
-0.00046129 0.99999989
-0.00050926 0.99999987
-0.00055876 0.99999984
-0.00061016 0.99999981
-0.00066165 0.99999978
-0.00071057 0.99999975
-0.00075605 0.99999971
-0.00079728 0.99999968
-0.00083355 0.99999965
-0.00086429 0.99999963
-0.00088910 0.99999960
-0.00090487 0.99999959
-0.00090885 0.99999959
-0.00090182 0.99999959
-0.00088511 0.99999961
-0.00086045 0.99999963
-0.00082965 0.99999966
-0.00079963 0.99999968
-0.00077520 0.99999970
-0.00075526 0.99999971
-0.00073901 0.99999973
-0.00072587 0.99999974
-0.00071539 0.99999974
-0.00070724 0.99999975
-0.00070118 0.99999975
-0.00069702 0.99999976
-0.00069462 0.99999976
-0.00069391 0.99999976
-0.00069481 0.99999976
-0.00069733 0.99999976
-0.00070147 0.99999975
-0.00070600 0.99999975
-0.00070966 0.99999975
-0.00071243 0.99999975
-0.00071432 0.99999974
-0.00071531 0.99999974
-0.00071539 0.99999974
-0.00071456 0.99999974
-0.00071282 0.99999975
-0.00071017 0.99999975
-0.00070660 0.99999975
-0.00070211 0.99999975
-0.00069671 0.99999976
-0.00069039 0.99999976
-0.00068325 0.99999977
-0.00067536 0.99999977
-0.00066673 0.99999978
-0.00065735 0.99999978
-0.00064722 0.99999979
-0.00063634 0.99999980
-0.00062472 0.99999980
-0.00061236 0.99999981
-0.00059925 0.99999982
-0.00058539 0.99999983
-0.00057078 0.99999984
-0.00055543 0.99999985
-0.00053933 0.99999985
-0.00052248 0.99999986
-0.00050489 0.99999987
-0.00048655 0.99999988
-0.00046747 0.99999989
-0.00044764 0.99999990
-0.00042706 0.99999991
-0.00040574 0.99999992
-0.00038367 0.99999993
-0.00036085 0.99999993
-0.00033729 0.99999994
-0.00031298 0.99999995
-0.00028792 0.99999996
-0.00026212 0.99999997
-0.00023558 0.99999997
-0.00020828 0.99999998
-0.00018024 0.99999998
-0.00015146 0.99999999
-0.00012192 0.99999999
-0.00009165 1.00000000
-0.00006062 1.00000000
-0.00002885 1.00000000
0.00000366 1.00000000
0.00003692 1.00000000
0.00007093 1.00000000
0.00010568 0.99999999
0.00014118 0.99999999
0.00017742 0.99999998
0.00021440 0.99999998
0.00025214 0.99999997
0.00029061 0.99999996
0.00032983 0.99999995
0.00036980 0.99999993
0.00041051 0.99999992
0.00045197 0.99999990
0.00049416 0.99999988
0.00053711 0.99999986
0.00058080 0.99999983
0.00062523 0.99999980
0.00067040 0.99999978
0.00071632 0.99999974
0.00076298 0.99999971
0.00081039 0.99999967
0.00085854 0.99999963
0.00090744 0.99999959
0.00095708 0.99999954
0.00100746 0.99999949
0.00105859 0.99999944
0.00111046 0.99999938
0.00116308 0.99999932
0.00121644 0.99999926
0.00127055 0.99999919
0.00132540 0.99999912
0.00138099 0.99999905
0.00143733 0.99999897
0.00149442 0.99999888
0.00155225 0.99999880
0.00161082 0.99999870
0.00167014 0.99999861
0.00173021 0.99999850
0.00179102 0.99999840
0.00185257 0.99999828
0.00191487 0.99999817
0.00197792 0.99999804
0.00204170 0.99999792
0.00210624 0.99999778
0.00217152 0.99999764
0.00223754 0.99999750
0.00230431 0.99999735
0.00237183 0.99999719
0.00244009 0.99999702
0.00250910 0.99999685
0.00257885 0.99999667
0.00264935 0.99999649
0.00272059 0.99999630
0.00279258 0.99999610
0.00286532 0.99999589
0.00293880 0.99999568
0.00301303 0.99999546
0.00308800 0.99999523
0.00316372 0.99999500
0.00324019 0.99999475
0.00331740 0.99999450
0.00339536 0.99999424
0.00347407 0.99999397
0.00355352 0.99999369
0.00363372 0.99999340
0.00371466 0.99999310
0.00379636 0.99999279
0.00387879 0.99999248
0.00396198 0.99999215
0.00404591 0.99999182
0.00413060 0.99999147
0.00421602 0.99999111
0.00430220 0.99999075
0.00438912 0.99999037
0.00447679 0.99998998
0.00456521 0.99998958
0.00465438 0.99998917
0.00474429 0.99998875
0.00483496 0.99998831
0.00492637 0.99998787
0.00501853 0.99998741
0.00511143 0.99998694
0.00520509 0.99998645
0.00529950 0.99998596
0.00539465 0.99998545
0.00549055 0.99998493
0.00558720 0.99998439
0.00568460 0.99998384
0.00578275 0.99998328
0.00588165 0.99998270
0.00598130 0.99998211
0.00608170 0.99998151
0.00618285 0.99998089
0.00628475 0.99998025
0.00638739 0.99997960
0.00649079 0.99997893
0.00659494 0.99997825
0.00669984 0.99997756
0.00680549 0.99997684
0.00691189 0.99997611
0.00701904 0.99997537
0.00712694 0.99997460
0.00723560 0.99997382
0.00734500 0.99997303
0.00745516 0.99997221
0.00756606 0.99997138
0.00767772 0.99997053
0.00779014 0.99996966
0.00790330 0.99996877
0.00801721 0.99996786
0.00813188 0.99996694
0.00824730 0.99996599
0.00836348 0.99996503
0.00848040 0.99996404
0.00859808 0.99996304
0.00871651 0.99996201
0.00883570 0.99996096
0.00895564 0.99995990
0.00907633 0.99995881
0.00919778 0.99995770
0.00931998 0.99995657
0.00944293 0.99995541
0.00956664 0.99995424
0.00969111 0.99995304
0.00981632 0.99995182
0.00994230 0.99995057
0.00994230 0.99995057
0.00994230 0.99995057
0.00994230 0.99995057
0.00994230 0.99995057
0.00994230 0.99995057
0.00994230 0.99995057
0.00994230 0.99995057
0.00994230 0.99995057
0.00994230 0.99995057
0.00994230 0.99995057
0.00994230 0.99995057
0.00994230 0.99995057
0.00994230 0.99995057
0.00994230 0.99995057
0.00994230 0.99995057
0.00994230 0.99995057
0.00994230 0.99995057
0.00994230 0.99995057
0.00994230 0.99995057
0.00994230 0.99995057
0.00994230 0.99995057
0.00994230 0.99995057
0.00994230 0.99995057
0.00994230 0.99995057
0.00994230 0.99995057
0.00994230 0.99995057
0.00994230 0.99995057
0.00994230 0.99995057
0.00994230 0.99995057
0.00994230 0.99995057
0.00994230 0.99995057
0.00994230 0.99995057
0.00994230 0.99995057
0.00994230 0.99995057
0.00994230 0.99995057
0.00994230 0.99995057
0.00994230 0.99995057
0.00994230 0.99995057
0.00994230 0.99995057
0.00994230 0.99995057
0.00994230 0.99995057
0.00994230 0.99995057
0.00994230 0.99995057
0.00994230 0.99995057
0.00994230 0.99995057
