0.02417200 0.99970781
0.01914303 0.99981676
0.01460923 0.99989328
0.01056650 0.99994417
0.00701093 0.99997542
0.00393887 0.99999224
0.00134697 0.99999909
-0.00076785 0.99999971
-0.00240831 0.99999710
-0.00357680 0.99999360
-0.00427534 0.99999086
-0.00450561 0.99998985
-0.00426890 0.99999089
-0.00356616 0.99999364
-0.00239796 0.99999712
-0.00076452 0.99999971
0.00133427 0.99999911
0.00389883 0.99999240
0.00692992 0.99997599
0.01042854 0.99994562
0.01439596 0.99989637
0.01883365 0.99982263
0.02374328 0.99971809
0.02912663 0.99957573
0.03498558 0.99938782
0.04132204 0.99914588
0.04813790 0.99884070
0.05543495 0.99846230
0.06321482 0.99799994
0.07147890 0.99744211
0.08022826 0.99677652
0.08946354 0.99599010
0.09918489 0.99506902
0.10939183 0.99399871
0.12008314 0.99276384
0.13125679 0.99134840
0.14290977 0.98973572
0.15503799 0.98790851
0.16763615 0.98584893
0.18069761 0.98353870
0.19421429 0.98095913
0.20817651 0.97809127
0.22257287 0.97491606
0.23739018 0.97141438
0.25261335 0.96756731
0.26822526 0.96335622
0.28420676 0.95876302
0.30013162 0.95389780
0.31558951 0.94889581
0.33058439 0.94377644
0.34512130 0.93855809
0.35920628 0.93325819
0.37284617 0.92789317
0.38604853 0.92247847
0.39882150 0.91702858
0.41117371 0.91155701
0.42311417 0.90607638
0.43465219 0.90059840
0.44579729 0.89513395
0.45655912 0.88969307
0.46694744 0.88428507
0.47697198 0.87891850
0.48664245 0.87360124
0.49596849 0.86834052
0.50495960 0.86314298
0.51362512 0.85801470
0.52197423 0.85296125
0.53001587 0.84798773
0.53775874 0.84309877
0.54521130 0.83829866
0.55238175 0.83359127
0.55927798 0.82898018
0.56590760 0.82446867
0.57227792 0.82005974
0.57839595 0.81575617
0.58426835 0.81156053
0.58990150 0.80747522
0.59530143 0.80350247
0.60047385 0.79964439
0.60542414 0.79590301
0.61015736 0.79228025
0.61467822 0.78877797
0.61899108 0.78539802
0.62309999 0.78214219
0.62700863 0.77901231
0.63072035 0.77601020
0.63423813 0.77313776
0.63756460 0.77039690
0.64070202 0.76778963
0.64365227 0.76531808
0.64641685 0.76298444
0.64899686 0.76079108
0.65190802 0.75829805
0.65565423 0.75506128
0.66020847 0.75108240
0.66553062 0.74637055
0.67156828 0.74094268
0.67825812 0.73482374
0.68552759 0.72804665
0.69329695 0.72065202
0.70148157 0.71268759
0.70999424 0.70420748
0.71874758 0.69527111
0.72765618 0.68594204
0.73511559 0.67794179
0.73976787 0.67286217
0.74182844 0.67058971
0.74142743 0.67103306
0.73861918 0.67412291
0.73338833 0.67980995
0.72565283 0.68806102
0.71526467 0.69885367
0.70200867 0.71216839
0.68560026 0.72797821
0.66568314 0.74623452
0.64266133 0.76615039
0.61701410 0.78695209
0.58842156 0.80855431
0.55653747 0.83082251
0.52099622 0.85355899
0.48142516 0.87648720
0.43746432 0.89923577
0.38879513 0.92132424
0.33517945 0.94215430
0.27650844 0.96101149
0.21285796 0.97708315
0.14951196 0.98875992
0.09232790 0.99572866
0.04207216 0.99911457
-0.00087888 0.99999961
-0.03643497 0.99933603
-0.06468703 0.99790560
-0.08581829 0.99631081
-0.10003742 0.99498368
-0.10753329 0.99420148
-0.10844815 0.99410211
-0.10286564 0.99469526
-0.09425636 0.99554796
-0.08606354 0.99628965
-0.07828477 0.99693104
-0.07091737 0.99748219
-0.06395846 0.99795256
-0.05740500 0.99835097
-0.05125386 0.99868566
-0.04550186 0.99896425
-0.04014582 0.99919383
-0.03518257 0.99938090
-0.03060903 0.99953143
-0.02642221 0.99965087
-0.02261925 0.99974415
-0.01919742 0.99981571
-0.01615420 0.99986951
-0.01348723 0.99990904
-0.01119437 0.99993734
-0.00927370 0.99995700
-0.00772353 0.99997017
-0.00654240 0.99997860
-0.00572912 0.99998359
-0.00528273 0.99998605
-0.00520253 0.99998647
-0.00523052 0.99998632
-0.00510908 0.99998695
-0.00483824 0.99998830
-0.00441791 0.99999024
-0.00384788 0.99999260
-0.00312784 0.99999511
-0.00225739 0.99999745
-0.00123601 0.99999924
-0.00006306 1.00000000
0.00126220 0.99999920
0.00274060 0.99999624
0.00437309 0.99999044
0.00616075 0.99998102
0.00810472 0.99996716
0.01020630 0.99994791
0.01246685 0.99992229
0.01488787 0.99988917
0.01747096 0.99984737
0.02021782 0.99979560
0.02313026 0.99973246
0.02621020 0.99965645
0.02945967 0.99956597
0.03228527 0.99947869
0.03408699 0.99941887
0.03485787 0.99939228
0.03459208 0.99940152
0.03328488 0.99944590
0.03093272 0.99952147
0.02753324 0.99962089
0.02308543 0.99973350
0.01758983 0.99984529
0.01104871 0.99993896
0.00346638 0.99999399
-0.00515055 0.99998674
-0.01479277 0.99989058
-0.02544795 0.99967615
-0.03710031 0.99931155
-0.04973025 0.99876269
-0.06331396 0.99799366
-0.07782303 0.99696719
-0.09322416 0.99564515
-0.10947887 0.99398912
-0.12654331 0.99196108
-0.14436816 0.98952404
-0.16289867 0.98664280
-0.18197655 0.98330287
-0.20151746 0.97948492
-0.22157251 0.97514390
-0.24219118 0.97022855
-0.26342115 0.96468093
-0.28530789 0.95843592
-0.30789408 0.95142064
-0.33121885 0.94355396
-0.35531673 0.93474596
-0.38021632 0.92489759
-0.40593865 0.91390033
-0.43249526 0.90163621
-0.45988585 0.88797804
-0.48809560 0.87279017
-0.51709214 0.85592974
-0.54682232 0.83724868
-0.57720874 0.81659664
-0.60814638 0.79382490
-0.63949949 0.76879152
-0.67109917 0.74136759
-0.70274199 0.71144480
-0.73419023 0.67894382
-0.76517410 0.64382342
-0.79424488 0.60759778
-0.82027617 0.57196766
-0.84347979 0.53716091
-0.86408287 0.50334957
-0.88231686 0.47065589
-0.89840920 0.43915933
-0.91257757 0.40890363
-0.92502610 0.37990355
-0.93594325 0.35215088
-0.94550083 0.32561967
-0.95385404 0.30027065
-0.96114193 0.27605470
-0.96748831 0.25291575
-0.97300290 0.23079290
-0.97778250 0.20962202
-0.98191219 0.18933689
-0.98546650 0.16986988
-0.98851049 0.15115229
-0.99110069 0.13311435
-0.99328596 0.11568495
-0.99510821 0.09879098
-0.99660294 0.08235639
-0.99779968 0.06630077
-0.99872647 0.05045239
-0.99939557 0.03476340
-0.99981295 0.01934074
-0.99999076 0.00429825
-0.99994752 -0.01024463
-0.99970799 -0.02416459
-0.99930276 -0.03733630
-0.99876745 -0.04963443
-0.99814169 -0.06093578
-0.99746766 -0.07112147
-0.99678852 -0.08007904
-0.99614653 -0.08770451
-0.99558123 -0.09390429
-0.99512745 -0.09859692
-0.99481362 -0.10171464
-0.99466014 -0.10320472
-0.99467818 -0.10303068
-0.99486883 -0.10117318
-0.99522271 -0.09763077
-0.99572008 -0.09242034
-0.99633153 -0.08557733
-0.99701907 -0.07715555
-0.99767231 -0.06819056
-0.99821846 -0.05966494
-0.99866955 -0.05156679
-0.99903661 -0.04388463
-0.99932973 -0.03660738
-0.99955813 -0.02972442
-0.99973025 -0.02322562
-0.99985376 -0.01710131
-0.99993567 -0.01134232
-0.99998236 -0.00593998
-0.99999961 -0.00088614
-0.99999268 0.00382686
-0.99996633 0.00820618
-0.99992486 0.01225846
-0.99987215 0.01598986
-0.99981169 0.01940604
-0.99974657 0.02251217
-0.99967958 0.02531293
-0.99961316 0.02781252
-0.99954946 0.03001467
-0.99949034 0.03192264
-0.99943740 0.03353922
-0.99939197 0.03486673
-0.99935513 0.03590702
-0.99932774 0.03666152
-0.99931040 0.03713115
-0.99930350 0.03731641
-0.99930720 0.03721733
-0.99932142 0.03683348
-0.99934587 0.03616396
-0.99938003 0.03520744
-0.99942312 0.03396208
-0.99947415 0.03242562
-0.99953186 0.03059527
-0.99959471 0.02846780
-0.99966092 0.02603947
-0.99972838 0.02330608
-0.99979469 0.02026288
-0.99985711 0.01690464
-0.99991254 0.01322562
-0.99995750 0.00921953
-0.99998809 0.00487958
-0.99999998 0.00019840
-0.99998833 -0.00483190
-0.99994778 -0.01021977
-0.99987953 -0.01552184
-0.99979439 -0.02027763
-0.99970052 -0.02447171
-0.99960538 -0.02809062
-0.99951556 -0.03112293
-0.99943673 -0.03355923
-0.99937350 -0.03539222
-0.99932938 -0.03661669
-0.99930674 -0.03722955
-0.99930673 -0.03722983
-0.99932931 -0.03661868
-0.99937325 -0.03539935
-0.99943809 -0.03351862
-0.99952112 -0.03094393
-0.99961565 -0.02772271
-0.99971398 -0.02391581
-0.99980801 -0.01959447
-0.99988993 -0.01483683
-0.99995272 -0.00972451
-0.99999059 -0.00433931
-0.99999923 0.00123964
-0.99997593 0.00693820
-0.99991949 0.01268890
-0.99984907 0.01737332
-0.99979846 0.02007602
-0.99977954 0.02099703
-0.99979415 0.02028930
-0.99983676 0.01806827
-0.99989604 0.01441898
-0.99995581 0.00940139
-0.99999534 0.00305436
-0.99998941 -0.00460141
-0.99990804 -0.01356104
-0.99971593 -0.02383382
-0.99937138 -0.03545189
-0.99882446 -0.04847365
-0.99801548 -0.06296910
-0.99687275 -0.07902361
-0.99530990 -0.09673778
-0.99322263 -0.11622739
-0.99048469 -0.13762295
-0.98694317 -0.16106887
-0.98241285 -0.18672171
-0.97666968 -0.21474717
-0.96944342 -0.24531502
-0.96039409 -0.27864529
-0.94917825 -0.31473901
-0.93548457 -0.35336755
-0.91902351 -0.39420273
-0.89955261 -0.43681244
-0.87690421 -0.48066517
-0.85101228 -0.52514578
-0.82193393 -0.56958284
-0.78986102 -0.61328588
-0.75511843 -0.65558840
-0.71814779 -0.69589062
-0.67947828 -0.73369563
-0.64185279 -0.76682788
-0.60761715 -0.79423006
-0.57664683 -0.81699353
-0.54873991 -0.83599313
-0.52366604 -0.85192363
-0.50119533 -0.86533418
-0.48111473 -0.87665764
-0.46323708 -0.88623440
-0.44740623 -0.89433085
-0.43350039 -0.90115338
-0.42143542 -0.90685841
-0.40934585 -0.91237930
-0.39534766 -0.91853156
-0.37937453 -0.92524319
-0.36138509 -0.93241665
-0.34136980 -0.93992907
-0.31935768 -0.94763425
-0.29542229 -0.95536677
-0.26968615 -0.96294827
-0.24232273 -0.97019570
-0.21355516 -0.97693101
-0.18365141 -0.98299143
-0.15291566 -0.98823924
-0.12167657 -0.99256980
-0.09027331 -0.99591703
-0.05904086 -0.99825557
-0.02829590 -0.99959959
0.00167519 -0.99999860
0.03062536 -0.99953093
0.05835244 -0.99829604
0.08470121 -0.99640640
0.10956245 -0.99397991
0.13286956 -0.99113353
0.15459361 -0.98797815
0.17077120 -0.98531071
0.17827830 -0.98398011
0.17785304 -0.98405706
0.16963239 -0.98550741
0.15318928 -0.98819686
0.12749152 -0.99183966
0.09078463 -0.99587055
0.04040316 -0.99918346
-0.02744914 -0.99962320
-0.11777125 -0.99304075
-0.23610852 -0.97172669
-0.38573915 -0.92260788
-0.54488093 -0.83851343
-0.68272944 -0.73067128
-0.78985982 -0.61328742
-0.86604866 -0.49995972
-0.91686694 -0.39919296
-0.94931974 -0.31431200
-0.96942300 -0.24539568
-0.98157187 -0.19109335
-0.98872874 -0.14971800
-0.99280223 -0.11976534
-0.99497550 -0.10011872
-0.99631495 -0.08577021
-0.99738771 -0.07223398
-0.99822758 -0.05951222
-0.99886625 -0.04760485
-0.99933329 -0.03650983
-0.99965610 -0.02622362
-0.99985985 -0.01674146
-0.99996754 -0.00805772
-0.99999999 -0.00016614
-0.99997592 0.00693987
-0.99991199 0.01326705
-0.99982285 0.01882210
-0.99972121 0.02361147
-0.99961791 0.02764131
-0.99952195 0.03091726
-0.99944058 0.03344444
-0.99937933 0.03522732
-0.99934204 0.03626971
-0.99933092 0.03657469
-0.99934657 0.03614463
-0.99938797 0.03498116
-0.99945253 0.03308521
-0.99952440 0.03083799
-0.99959036 0.02862030
-0.99965062 0.02643192
-0.99970538 0.02427262
-0.99975483 0.02214218
-0.99979917 0.02004037
-0.99983858 0.01796699
-0.99987324 0.01592181
-0.99990333 0.01390464
-0.99992901 0.01191526
-0.99995046 0.00995349
-0.99996785 0.00801912
-0.99998132 0.00611196
-0.99999105 0.00423183
-0.99999717 0.00237854
-0.99999985 0.00055192
-0.99999922 -0.00124822
-0.99999543 -0.00302204
-0.99998862 -0.00476971
-0.99997893 -0.00649140
-0.99996648 -0.00818725
-0.99995141 -0.00985744
-0.99993385 -0.01150210
-0.99991391 -0.01312139
-0.99989172 -0.01471545
-0.99986740 -0.01628441
-0.99984106 -0.01782841
-0.99981282 -0.01934758
-0.99978278 -0.02084205
-0.99975106 -0.02231194
-0.99971775 -0.02375737
-0.99968297 -0.02517845
-0.99964681 -0.02657528
-0.99960938 -0.02794798
-0.99957076 -0.02929665
-0.99953106 -0.03062138
-0.99949035 -0.03192227
-0.99944875 -0.03319940
-0.99940632 -0.03445285
-0.99936317 -0.03568272
-0.99931937 -0.03688906
-0.99927500 -0.03807196
-0.99923015 -0.03923148
-0.99918489 -0.04036768
-0.99913931 -0.04148062
-0.99910305 -0.04234486
-0.99908648 -0.04273405
-0.99909022 -0.04264668
-0.99911420 -0.04208108
-0.99915769 -0.04103537
-0.99921928 -0.03950747
-0.99929681 -0.03749511
-0.99938746 -0.03499587
-0.99948764 -0.03200715
-0.99959304 -0.02852623
-0.99969860 -0.02455029
-0.99979845 -0.02007645
-0.99988596 -0.01510179
-0.99995369 -0.00962344
-0.99999338 -0.00363861
-0.99999592 0.00285537
-0.99995138 0.00986092
-0.99984895 0.01738019
-0.99967699 0.02541494
-0.99942297 0.03396647
-0.99907354 0.04303550
-0.99861450 0.05262208
-0.99803082 0.06272547
-0.99730670 0.07334403
-0.99642559 0.08447505
-0.99537026 0.09611471
-0.99412285 0.10825786
-0.99266494 0.12089794
-0.99097770 0.13402684
-0.98904195 0.14763477
-0.98683830 0.16171014
-0.98434732 0.17623945
-0.98154970 0.19120720
-0.97842638 0.20659580
-0.97495881 0.22238551
-0.97112914 0.23855440
-0.96692039 0.25507834
-0.96231675 0.27193102
-0.95730374 0.28908399
-0.95186848 0.30650677
-0.94599990 0.32416691
-0.93968895 0.34203022
-0.93292880 0.36006091
-0.92571499 0.37822183
-0.91804563 0.39647474
-0.91030650 0.41393486
-0.90292964 0.42978841
-0.89597614 0.44410219
-0.88949711 0.45694080
-0.88353488 0.46836536
-0.87812428 0.47843259
-0.87329369 0.48719414
-0.86906604 0.49469608
-0.86545968 0.50097858
-0.86248909 0.50607565
-0.86016551 0.51001500
-0.85849739 0.51281792
-0.85749083 0.51449926
-0.85714974 0.51506730
-0.85747609 0.51452381
-0.85846991 0.51286393
-0.86012922 0.51007619
-0.86244987 0.50614249
-0.86542526 0.50103804
-0.86904594 0.49473139
-0.87329908 0.48718447
-0.87816780 0.47835271
-0.88363039 0.46818515
-0.88939123 0.45714685
-0.89516346 0.44573801
-0.90093382 0.43395651
-0.90668837 0.42180115
-0.91241255 0.40927172
-0.91809123 0.39636914
-0.92370876 0.38309546
-0.92924902 0.36945400
-0.93469552 0.35544940
-0.94003148 0.34108769
-0.94523991 0.32637632
-0.95030374 0.31132426
-0.95520592 0.29594198
-0.95992953 0.28024148
-0.96445796 0.26423634
-0.96877497 0.24794163
-0.97286489 0.23137395
-0.97671271 0.21455135
-0.98030424 0.19749326
-0.98362625 0.18022043
-0.98666654 0.16275481
-0.98941414 0.14511943
-0.99185935 0.12733828
-0.99393070 0.11000805
-0.99559915 0.09371415
-0.99691722 0.07846049
-0.99793404 0.06424677
-0.99869511 0.05106927
-0.99924227 0.03892156
-0.99961364 0.02779520
-0.99984369 0.01768034
-0.99996331 0.00856621
-0.99999990 0.00044164
-0.99997752 -0.00670458
-0.99991701 -0.01288338
-0.99983609 -0.01810507
-0.99974955 -0.02237919
-0.99966933 -0.02571425
-0.99960462 -0.02811765
-0.99956196 -0.02959554
-0.99954530 -0.03015277
-0.99955610 -0.02979281
-0.99959328 -0.02851783
-0.99965334 -0.02632864
-0.99973027 -0.02322479
-0.99981557 -0.01920463
-0.99988961 -0.01485824
-0.99994194 -0.01077597
-0.99997581 -0.00695591
-0.99999423 -0.00339642
-1.00000000 -0.00009607
-0.99999566 0.00294630
-0.99998357 0.00573158
-0.99996588 0.00826040
-0.99994453 0.01053311
-0.99992125 0.01254977
-0.99989760 0.01431014
-0.99987496 0.01581365
-0.99985448 0.01705946
-0.99983715 0.01804634
-0.99982378 0.01877278
-0.99981495 0.01923688
-0.99981110 0.01943640
-0.99981241 0.01936870
-0.99981890 0.01903079
-0.99983035 0.01841924
-0.99984633 0.01753024
-0.99986617 0.01635952
-0.99990340 0.01389897
-0.99995818 0.00914586
-0.99999773 0.00213045
-0.99997493 -0.00708115
-0.99983094 -0.01838744
-0.99949891 -0.03165316
-0.99890839 -0.04671211
-0.99799003 -0.06337114
-0.99668025 -0.08141545
-0.99492547 -0.10061466
-0.99268542 -0.12072970
-0.98993542 -0.14151982
-0.98739833 -0.15825466
-0.98596614 -0.16694541
-0.98575908 -0.16816369
-0.98677201 -0.16211415
-0.98888817 -0.14866132
-0.99185969 -0.12733558
-0.99525276 -0.09732396
-0.99834793 -0.05745789
-0.99998063 -0.00622332
-0.99830759 0.05815456
-0.99050825 0.13745330
-0.97452267 0.22428901
-0.95122211 0.30850689
-0.92180558 0.38765251
-0.88800984 0.45982445
-0.85181270 0.52384647
-0.81514084 0.57926281
-0.77966047 0.62620249
-0.74667667 0.66518715
-0.71712446 0.69694512
-0.69161603 0.72226537
-0.67051115 0.74189945
-0.65398816 0.75650478
-0.64210413 0.76661743
-0.63484026 0.77264342
-0.63213268 0.77486017
-0.63389055 0.77342277
-0.64000341 0.76837207
-0.65033962 0.75964358
-0.66473703 0.74707743
-0.68298691 0.73043061
-0.70481228 0.70939386
-0.72984212 0.68361575
-0.75555253 0.65508806
-0.77978308 0.62604980
-0.80261558 0.59649662
-0.82412338 0.56641032
-0.84437012 0.53576029
-0.86340878 0.50450499
-0.88128073 0.47259314
-0.89801492 0.43996500
-0.91362696 0.40655354
-0.92811819 0.37228567
-0.94147470 0.33708364
-0.95366627 0.30086649
-0.96464522 0.26355189
-0.97434530 0.22505828
-0.98268059 0.18530748
-0.98954450 0.14422791
-0.99480914 0.10175839
-0.99832513 0.05785271
-0.99992206 0.01248498
-0.99941006 -0.03434429
-0.99658265 -0.08260160
-0.99122128 -0.13221340
-0.98310188 -0.18305929
-0.97230416 -0.23371911
-0.95919218 -0.28275494
-0.94397566 -0.33001507
-0.92686627 -0.37539167
-0.90807059 -0.41881715
-0.88778448 -0.46025941
-0.86618899 -0.49971655
-0.84344762 -0.53721143
-0.81970470 -0.57278636
-0.79508487 -0.60649818
-0.76969327 -0.63841388
-0.74361619 -0.66860673
-0.71692231 -0.69715307
-0.68966392 -0.72412960
-0.66187850 -0.74961113
-0.63359016 -0.77366886
-0.60481115 -0.79636893
-0.57554332 -0.81777129
-0.54577946 -0.83792886
-0.51550466 -0.85688678
-0.48469748 -0.87468186
-0.45333121 -0.89134214
-0.42174384 -0.90671503
-0.39030149 -0.92068710
-0.35900785 -0.93333454
-0.32785631 -0.94472760
-0.29683135 -0.95492992
-0.26590972 -0.96399793
-0.23506151 -0.97198050
-0.20425110 -0.97891853
-0.17343803 -0.98484478
-0.14257777 -0.98978360
-0.11162238 -0.99375070
-0.08052119 -0.99675290
-0.04922142 -0.99878789
-0.01766880 -0.99984389
0.01419178 -0.99989929
0.04641546 -0.99892222
0.07905666 -0.99687012
0.11216803 -0.99368925
0.14579926 -0.98931419
0.17999573 -0.98366739
0.21479673 -0.97665878
0.25023347 -0.96818552
0.28632668 -0.95813205
0.32271620 -0.94649578
0.35892488 -0.93336645
0.39478765 -0.91877239
0.43014136 -0.90276155
0.46482836 -0.88540081
0.49870007 -0.86677462
0.53162006 -0.84698295
0.56346674 -0.82613875
0.59413542 -0.80436503
0.62353966 -0.78179172
0.65161195 -0.75855248
0.67830373 -0.73478164
0.70358476 -0.71061135
0.72744205 -0.68616912
0.74987831 -0.66157579
0.77091020 -0.63694384
0.79056642 -0.61237631
0.80888564 -0.58796600
0.82591464 -0.56379518
0.84170637 -0.53993554
0.85631827 -0.51644846
0.86981078 -0.49338546
0.88224592 -0.47078885
0.89427709 -0.44751367
0.90654418 -0.42211094
0.91906030 -0.39411694
0.93179070 -0.36299600
0.94463515 -0.32812259
0.95740034 -0.28876389
0.96975868 -0.24406576
0.98118925 -0.19304834
0.99089688 -0.13462308
0.99770901 -0.06765158
0.99996020 0.00892203
0.99539821 0.09582487
0.98259296 0.18577158
0.96296255 0.26963516
0.93841493 0.34551038
0.91103010 0.41233986
0.88276106 0.46982221
0.85525288 0.51821088
0.82977985 0.55809086
0.80726566 0.59018823
0.78834571 0.61523251
0.77344073 0.63386863
0.76282423 0.64660591
0.75433757 0.65648673
0.74571016 0.66627049
0.73697190 0.67592338
0.72815402 0.68541354
0.71928861 0.69471137
0.71040817 0.70378990
0.70154518 0.71262498
0.69273161 0.72119547
0.68399855 0.72948337
0.67537578 0.73747377
0.66689143 0.74515489
0.65695309 0.75393146
0.64387665 0.76512931
0.62750045 0.77861620
0.60760035 0.79424292
0.58389724 0.81182757
0.55606728 0.83113728
0.52375701 0.85186771
0.48660595 0.87362157
0.44427910 0.89588843
0.39651102 0.91802996
0.34316157 0.93927639
0.28791886 0.95765481
0.23446685 0.97212412
0.18271086 0.98316669
0.13247076 0.99118691
0.08350214 0.99650760
0.03551137 0.99936927
-0.01183480 0.99992997
-0.05890417 0.99826364
-0.10609738 0.99435574
-0.15384867 0.98809442
-0.20262770 0.97925585
-0.25294085 0.96748174
-0.30385832 0.95271723
-0.35342059 0.93546453
-0.40066362 0.91622523
-0.44474827 0.89565561
-0.48501874 0.87450375
-0.52103111 0.85353768
-0.55255132 0.83347887
-0.57952923 0.81495145
-0.60205878 0.79845177
-0.62033443 0.78433743
-0.63461125 0.77283152
-0.64559033 0.76368392
-0.65399618 0.75649785
-0.66008955 0.75118692
-0.66406758 0.74767256
-0.66607335 0.74588625
-0.66620316 0.74577031
-0.66451185 0.74727773
-0.66101653 0.75037134
-0.65569891 0.75502247
-0.64850653 0.76120909
-0.63935300 0.76891335
-0.62811748 0.77811852
-0.61464359 0.78880496
-0.59873804 0.80094491
-0.58016932 0.81449590
-0.55866690 0.82939212
-0.53392197 0.84553376
-0.50559049 0.86277358
-0.47330035 0.88090112
-0.43666442 0.89962447
-0.39530191 0.91855125
-0.34887042 0.93717097
-0.30021148 0.95387267
-0.25278242 0.96752315
-0.20716223 0.97830660
-0.16383951 0.98648701
-0.12320263 0.99238153
-0.08553973 0.99633476
-0.05104633 0.99869629
-0.01983797 0.99980321
0.00803480 0.99996772
0.03257098 0.99946942
0.05380468 0.99855148
0.07179249 0.99741959
0.08660298 0.99624290
0.09830839 0.99515600
0.10697834 0.99426135
0.11267532 0.99363186
0.11545173 0.99331309
0.11534821 0.99332512
0.11239301 0.99366383
0.10660253 0.99430172
0.09798255 0.99518813
0.08653062 0.99624919
0.07223914 0.99738734
0.05704367 0.99837168
0.04288802 0.99907989
0.02977319 0.99955668
0.01769749 0.99984339
0.00665720 0.99997784
-0.00335286 0.99999438
-0.01233874 0.99992387
-0.02030694 0.99979379
-0.02726397 0.99962827
-0.03321598 0.99944820
-0.03816846 0.99927132
-0.04212602 0.99911231
-0.04509212 0.99898283
-0.04706894 0.99889164
-0.04805725 0.99884458
-0.04805631 0.99884463
-0.04706384 0.99889188
-0.04507599 0.99898356
-0.04208737 0.99911393
-0.03809114 0.99927427
-0.03307906 0.99945274
-0.02704172 0.99963431
-0.02068384 0.99978607
-0.01472039 0.99989165
-0.00915621 0.99995808
-0.00399568 0.99999202
0.00075720 0.99999971
0.00509883 0.99998700
0.00902594 0.99995927
0.01253555 0.99992143
0.01562502 0.99987792
0.01829193 0.99983269
0.02053415 0.99978915
0.02234973 0.99975021
0.02373698 0.99971824
0.02469438 0.99969505
0.02522060 0.99968191
0.02531450 0.99967954
0.02497513 0.99968807
0.02420170 0.99970710
0.02299363 0.99973561
0.02135052 0.99977205
0.01927216 0.99981427
0.01675860 0.99985956
0.01381007 0.99990464
0.01070557 0.99994269
0.00772437 0.99997017
0.00486736 0.99998815
0.00213531 0.99999772
-0.00047107 0.99999989
-0.00295118 0.99999565
-0.00530446 0.99998593
-0.00753047 0.99997165
-0.00962884 0.99995364
-0.01159925 0.99993273
-0.01344149 0.99990966
-0.01515540 0.99988515
-0.01674091 0.99985986
-0.01819801 0.99983440
-0.01952676 0.99980933
-0.02072730 0.99978517
-0.02179981 0.99976236
-0.02274456 0.99974131
-0.02356188 0.99972238
-0.02425215 0.99970587
-0.02481583 0.99969204
-0.02525341 0.99968108
-0.02556547 0.99967315
-0.02644669 0.99965023
-0.02858834 0.99959127
-0.03198819 0.99948825
-0.03664691 0.99932828
-0.04256782 0.99909358
-0.04975656 0.99876138
-0.05822066 0.99830374
-0.06796906 0.99768743
-0.07901149 0.99687371
-0.09135773 0.99581814
-0.10501679 0.99447045
-0.11999592 0.99277438
-0.13629948 0.99066768
-0.15392766 0.98808212
-0.17287510 0.98494376
-0.19312932 0.98117331
-0.21466913 0.97668683
-0.23746286 0.97139662
-0.26146672 0.96521249
-0.28662316 0.95804340
-0.31285943 0.94979944
-0.34008639 0.94039420
-0.36819781 0.92974748
-0.39615763 0.91818252
-0.42302551 0.90611777
-0.44883014 0.89361709
-0.47360499 0.88073737
-0.49738714 0.86752869
-0.52021629 0.85403455
-0.54213392 0.84029210
-0.56318249 0.82633255
-0.58340488 0.81218147
-0.60284387 0.79785918
-0.62154169 0.78338109
-0.63953971 0.76875806
-0.65687818 0.75399672
-0.67359602 0.73909973
-0.68973064 0.72406605
-0.70531785 0.70889120
-0.72039177 0.69356737
-0.73498473 0.67808366
-0.74912726 0.66242611
-0.76284801 0.64657784
-0.77617373 0.63051910
-0.78912921 0.61422723
-0.80176721 0.59763646
-0.81411598 0.58070230
-0.82616216 0.56343242
-0.83789258 0.54583517
-0.84929434 0.52791962
-0.86035485 0.50969553
-0.87106183 0.49117337
-0.88140343 0.47236425
-0.89136821 0.45327995
-0.90094520 0.43393287
-0.91012398 0.41433603
-0.91889466 0.39450299
-0.92724796 0.37444790
-0.93517524 0.35418537
-0.94266853 0.33373050
-0.94972056 0.31309880
-0.95632478 0.29230619
-0.96247542 0.27136887
-0.96816745 0.25030338
-0.97339667 0.22912644
-0.97815965 0.20785499
-0.98245381 0.18650608
-0.98627736 0.16509684
-0.98954672 0.14421266
-0.99222627 0.12444691
-0.99438509 0.10582201
-0.99608927 0.08835248
-0.99740131 0.07204601
-0.99837962 0.05690466
-0.99907826 0.04292587
-0.99954679 0.03010347
-0.99983018 0.01842855
-0.99996887 0.00789030
-0.99999884 -0.00152334
-0.99995173 -0.00982503
-0.99985502 -0.01702753
-0.99973216 -0.02314327
-0.99960275 -0.02818397
-0.99948272 -0.03216040
-0.99938443 -0.03508209
-0.99931685 -0.03695720
-0.99928561 -0.03779244
-0.99929314 -0.03759294
-0.99933867 -0.03636227
-0.99941834 -0.03410247
-0.99949965 -0.03162999
-0.99955710 -0.02975921
-0.99959412 -0.02848846
-0.99961304 -0.02781681
-0.99961506 -0.02774401
-0.99960031 -0.02827057
-0.99956779 -0.02939772
-0.99951542 -0.03112743
-0.99943998 -0.03346238
-0.99933708 -0.03640597
-0.99920119 -0.03996226
-0.99902554 -0.04413593
-0.99880210 -0.04893226
-0.99852156 -0.05435706
-0.99817325 -0.06041659
-0.99774508 -0.06711749
-0.99722350 -0.07446665
-0.99659345 -0.08247115
-0.99583827 -0.09113807
-0.99493965 -0.10047437
-0.99387760 -0.11048671
-0.99263040 -0.12118124
-0.99117453 -0.13256338
-0.98948469 -0.14463762
-0.98753379 -0.15740716
-0.98529294 -0.17087370
-0.98273154 -0.18503708
-0.97981734 -0.19989490
-0.97651658 -0.21544225
-0.97279414 -0.23167122
-0.96861379 -0.24857058
-0.96393842 -0.26612539
-0.95873046 -0.28431655
-0.95295222 -0.30312053
-0.94656641 -0.32250897
-0.93953664 -0.34244840
-0.93182807 -0.36290006
-0.92340804 -0.38381974
-0.91424679 -0.40515776
-0.90431818 -0.42685902
-0.89360046 -0.44886325
-0.88207696 -0.47110533
-0.86973683 -0.49351581
-0.85657560 -0.51602155
-0.84259579 -0.53854650
-0.82799638 -0.56073345
-0.81297163 -0.58230329
-0.79751935 -0.60329337
-0.78163342 -0.62373809
-0.76530419 -0.64366878
-0.74851873 -0.66311364
-0.73126115 -0.68209759
-0.71351279 -0.70064220
-0.69525252 -0.71876556
-0.67645692 -0.73648220
-0.65710056 -0.75380293
-0.63715621 -0.77073469
-0.61659512 -0.78728042
-0.59538725 -0.80343887
-0.57350166 -0.81920440
-0.55090677 -0.83456679
-0.52757083 -0.84951105
-0.50346234 -0.86401717
-0.47855056 -0.87806000
-0.45280615 -0.89160899
-0.42620179 -0.90462812
-0.39871295 -0.91707578
-0.37031875 -0.92890474
-0.34191751 -0.93972997
-0.31449159 -0.94926026
-0.28813522 -0.95758973
-0.26292435 -0.96481645
-0.23891810 -0.97103972
-0.21616042 -0.97635786
-0.19468195 -0.98086642
-0.17450201 -0.98465682
-0.15563043 -0.98781535
-0.13806943 -0.99042255
-0.12181529 -0.99255279
-0.10685989 -0.99427409
-0.09319209 -0.99564815
-0.08079894 -0.99673042
-0.06966673 -0.99757032
-0.05978190 -0.99821146
-0.05113181 -0.99869191
-0.04370540 -0.99904446
-0.03749377 -0.99929686
-0.03249061 -0.99947204
-0.02869264 -0.99958828
-0.02609993 -0.99965934
-0.02471618 -0.99969451
-0.02393230 -0.99971358
-0.02313494 -0.99973235
-0.02232423 -0.99975078
-0.02150031 -0.99976884
-0.02066333 -0.99978649
-0.01981346 -0.99980369
-0.01895086 -0.99982042
-0.01807571 -0.99983662
-0.01718821 -0.99985227
-0.01628855 -0.99986733
-0.01537694 -0.99988177
-0.01445361 -0.99989554
-0.01351877 -0.99990862
-0.01257266 -0.99992096
-0.01161554 -0.99993254
-0.01064765 -0.99994331
-0.00966926 -0.99995325
-0.00868063 -0.99996232
-0.00768205 -0.99997049
-0.00667380 -0.99997773
-0.00565617 -0.99998400
-0.00462948 -0.99998928
-0.00359401 -0.99999354
-0.00255010 -0.99999675
-0.00149806 -0.99999888
-0.00043821 -0.99999990
0.00062911 -0.99999980
0.00170355 -0.99999855
0.00278479 -0.99999612
0.00387247 -0.99999250
0.00496624 -0.99998767
0.00606574 -0.99998160
0.00717062 -0.99997429
0.00828051 -0.99996572
0.00939505 -0.99995587
0.01051387 -0.99994473
0.01163661 -0.99993229
0.01276288 -0.99991855
0.01389234 -0.99990350
0.01502459 -0.99988712
0.01615926 -0.99986943
0.01729600 -0.99985041
0.01843442 -0.99983007
0.01957415 -0.99980841
0.02071483 -0.99978542
0.02173223 -0.99976383
0.02250335 -0.99974677
0.02302956 -0.99973478
0.02331211 -0.99972824
0.02335210 -0.99972730
0.02315053 -0.99973199
0.02270828 -0.99974213
0.02202609 -0.99975740
0.02110459 -0.99977727
0.01994430 -0.99980109
0.01854562 -0.99982802
0.01690885 -0.99985704
0.01503418 -0.99988698
0.01292170 -0.99991651
0.01057141 -0.99994412
0.00798322 -0.99996813
0.00515695 -0.99998670
0.00209236 -0.99999781
-0.00121087 -0.99999927
-0.00475311 -0.99998870
-0.00853479 -0.99996358
-0.01255638 -0.99992117
-0.01681839 -0.99985856
-0.02084886 -0.99978264
-0.02417617 -0.99970771
-0.02680117 -0.99964078
-0.02872441 -0.99958737
-0.02994610 -0.99955151
-0.03046603 -0.99953580
-0.03028359 -0.99954135
-0.02939770 -0.99956779
-0.02780688 -0.99961331
-0.02550919 -0.99967459
-0.02250235 -0.99974679
-0.01878370 -0.99982357
-0.01435033 -0.99989703
-0.00919912 -0.99995769
-0.00332687 -0.99999447
0.00326959 -0.99999465
0.01059329 -0.99994389
0.01864692 -0.99982613
0.02743270 -0.99962365
0.03695213 -0.99931704
0.04720584 -0.99888518
0.05819328 -0.99830533
0.06994978 -0.99755051
0.08251861 -0.99658952
0.09590990 -0.99539002
0.11013309 -0.99391685
0.12519652 -0.99213196
0.14110687 -0.98999437
0.15786871 -0.98746011
0.17548383 -0.98448231
0.19395062 -0.98101129
0.21326336 -0.97699475
0.23341147 -0.97237806
0.25437877 -0.96710467
0.27614266 -0.96111666
0.29867342 -0.95435538
0.32193341 -0.94676232
0.34587649 -0.93828005
0.37044750 -0.92885341
0.39558184 -0.91843073
0.42120539 -0.90696528
0.44723457 -0.89441670
0.47357676 -0.88075255
0.50013098 -0.86594977
0.52678899 -0.84999610
0.55281488 -0.83330409
0.57758591 -0.81632990
0.60116081 -0.79912807
0.62359975 -0.78174379
0.64496327 -0.76421357
0.66531133 -0.74656603
0.68470266 -0.72882252
0.70319418 -0.71099785
0.72084060 -0.69310088
0.73769410 -0.67513511
0.75380412 -0.65709920
0.76921723 -0.63898736
0.78397703 -0.62078983
0.79812408 -0.60249311
0.81169587 -0.58408032
0.82472680 -0.56553135
0.83724819 -0.54682307
0.84928823 -0.52792945
0.86087197 -0.50882162
0.87202127 -0.48946798
0.88275471 -0.46983414
0.89308752 -0.44988296
0.90292418 -0.42979986
0.91216356 -0.40982636
0.92081230 -0.39000604
0.92888020 -0.37038031
0.93637988 -0.35098819
0.94332649 -0.33186613
0.94973736 -0.31304784
0.95563170 -0.29456419
0.96103026 -0.27644321
0.96595502 -0.25871007
0.97042891 -0.24138711
0.97447548 -0.22449396
0.97811871 -0.20804758
0.98138270 -0.19206246
0.98429154 -0.17655073
0.98686906 -0.16152232
0.98913870 -0.14698516
0.99112337 -0.13294532
0.99284537 -0.11940719
0.99432622 -0.10637370
0.99558668 -0.09384645
0.99664664 -0.08182589
0.99752509 -0.07031146
0.99824010 -0.05930180
0.99880882 -0.04879482
0.99924747 -0.03878788
0.99957131 -0.02927793
0.99979471 -0.02026155
0.99993114 -0.01173516
0.99999317 -0.00369504
0.99999254 0.00386256
0.99994014 0.01094132
0.99984608 0.01754478
0.99971968 0.02367630
0.99956952 0.02933894
0.99940347 0.03453548
0.99922870 0.03926829
0.99905171 0.04353934
0.99887835 0.04735012
0.99871385 0.05070162
0.99856279 0.05359429
0.99842920 0.05602798
0.99831647 0.05800196
0.99822742 0.05951483
0.99816428 0.06056453
0.99824472 0.05922399
0.99856585 0.05353736
0.99905573 0.04344711
0.99958277 0.02888404
0.99995222 0.00977576
0.99990283 -0.01394014
0.99910504 -0.04229790
0.99716242 -0.07528020
0.99361881 -0.11279030
0.98797376 -0.15462163
0.97970836 -0.20042835
0.96832261 -0.24970247
0.95459730 -0.29789931
0.94006001 -0.34100907
0.92528568 -0.37927090
0.91073731 -0.41298613
0.89677772 -0.44248133
0.88368517 -0.46808175
0.87166991 -0.49009342
0.86088968 -0.50879167
0.85146323 -0.52441431
0.84348182 -0.53715772
0.83701846 -0.54717465
0.83157085 -0.55541869
0.82661863 -0.56276251
0.82219572 -0.56920488
0.81833198 -0.57474583
0.81505309 -0.57938628
0.81238054 -0.58312765
0.81033160 -0.58597158
0.80891931 -0.58791968
0.80815247 -0.58897333
0.80803569 -0.58913354
0.80856933 -0.58840092
0.80734743 -0.59007638
0.80188137 -0.59748328
0.79186921 -0.61069072
0.77676143 -0.62979495
0.75573717 -0.65487505
0.72768043 -0.68591631
0.69117374 -0.72268864
0.64454144 -0.76456937
0.58599481 -0.81031480
0.51394423 -0.85782360
0.42752161 -0.90400513
0.33600696 -0.94185950
0.25106599 -0.96796997
0.17528914 -0.98451700
0.10994328 -0.99393786
0.05529615 -0.99847000
0.01100021 -0.99993950
-0.02358994 -0.99972172
-0.04920128 -0.99878888
-0.06651483 -0.99778544
-0.07610068 -0.99710014
-0.07839225 -0.99692259
-0.07368369 -0.99728166
-0.06569152 -0.99783998
-0.05796781 -0.99831845
-0.05046429 -0.99872587
-0.04313593 -0.99906921
-0.03594006 -0.99935395
-0.02883559 -0.99958417
-0.02178224 -0.99976274
-0.01473978 -0.99989136
-0.00766731 -0.99997061
-0.00052242 -0.99999986
0.00673968 -0.99997729
0.01350535 -0.99990880
0.01908738 -0.99981782
0.02342646 -0.99972556
0.02646892 -0.99964964
0.02816726 -0.99960322
0.02848073 -0.99959434
0.02737590 -0.99962521
0.02482727 -0.99969176
0.02081793 -0.99978328
0.01534021 -0.99988233
0.00839638 -0.99996475
0.00146390 -0.99999893
-0.00396821 -0.99999213
-0.00788071 -0.99996895
-0.01026509 -0.99994731
-0.01112322 -0.99993814
-0.01046700 -0.99994522
-0.00831791 -0.99996541
-0.00470672 -0.99998892
0.00032694 -0.99999995
0.00673489 -0.99997732
0.01446090 -0.99989544
0.02143774 -0.99977019
0.02569718 -0.99966977
0.02732057 -0.99962672
0.02638206 -0.99965193
0.02294865 -0.99973664
0.01708093 -0.99985411
0.00883442 -0.99996098
-0.00173854 -0.99999849
-0.01458657 -0.99989361
-0.02965662 -0.99956015
-0.04689112 -0.99890001
-0.06622484 -0.99780473
-0.08839025 -0.99608592
-0.11929327 -0.99285906
-0.17596275 -0.98439683
-0.33892444 -0.94081360
-0.94179772 0.33618009
-0.24049000 0.97065162
-0.00683067 -0.99997667
-0.00695509 -0.99997581
-0.06636590 0.99779535
-0.14061721 -0.99006404
-0.05580542 -0.99844166
-0.04474959 -0.99899824
-0.03390139 -0.99942518
-0.02345184 -0.99972497
-0.01360535 -0.99990744
-0.00457099 -0.99998955
0.00344816 -0.99999406
0.01026645 -0.99994730
0.01572711 -0.99987632
0.01971212 -0.99980570
0.02214948 -0.99975467
0.02301710 -0.99973507
0.02241771 -0.99974869
0.02046905 -0.99979049
0.01719970 -0.99985207
0.01262623 -0.99992029
0.00675410 -0.99997719
-0.00042150 -0.99999991
-0.00891504 -0.99996026
-0.01875012 -0.99982420
-0.02995889 -0.99955113
-0.04258160 -0.99909299
-0.05666600 -0.99839319
-0.07141047 -0.99744701
-0.08597013 -0.99629771
-0.10033360 -0.99495385
-0.11449021 -0.99342438
-0.12843002 -0.99171857
-0.14214386 -0.98984601
-0.15562326 -0.98781648
-0.16886055 -0.98563995
-0.18184877 -0.98332651
-0.19458170 -0.98088631
-0.20705383 -0.97832955
-0.21926036 -0.97566638
-0.23119715 -0.97290692
-0.24286072 -0.97006117
-0.25424820 -0.96713900
-0.26535733 -0.96415014
-0.27618637 -0.96110410
-0.28673414 -0.95801019
-0.29699995 -0.95487750
-0.30698353 -0.95171483
-0.31668508 -0.94853074
-0.32610514 -0.94533351
-0.33524463 -0.94213111
-0.34410480 -0.93893125
-0.35268714 -0.93574130
-0.36099343 -0.93256836
-0.36902567 -0.92941920
-0.37678604 -0.92630032
-0.38427689 -0.92321789
-0.39150071 -0.92017781
-0.39846008 -0.91718567
-0.40515771 -0.91424681
-0.41159634 -0.91136626
-0.41777876 -0.90854879
-0.42370778 -0.90579894
-0.42938623 -0.90312096
-0.43481691 -0.90051888
-0.44000258 -0.89799651
-0.44494598 -0.89555741
-0.44964977 -0.89320495
-0.45411656 -0.89094228
-0.45834884 -0.88877238
-0.46234903 -0.88669802
-0.46611945 -0.88472180
-0.46966227 -0.88284617
-0.47297957 -0.88107339
-0.47605756 -0.87941412
-0.47888205 -0.87787925
-0.48145433 -0.87647118
-0.48377559 -0.87519208
-0.48584695 -0.87404390
-0.48766938 -0.87302839
-0.48924376 -0.87214709
-0.49057085 -0.87140131
-0.49165126 -0.87079219
-0.49248549 -0.87032066
-0.49307389 -0.86998744
-0.49341667 -0.86979307
-0.49351391 -0.86973790
-0.49336553 -0.86982208
-0.49297132 -0.87004556
-0.49233091 -0.87040811
-0.49144381 -0.87090928
-0.49030937 -0.87154846
-0.48892681 -0.87232481
-0.48729522 -0.87323729
-0.48541354 -0.87428468
-0.48328061 -0.87546551
-0.48089514 -0.87677812
-0.47825572 -0.87822062
-0.47536087 -0.87979091
-0.47220897 -0.88148664
-0.46879835 -0.88330522
-0.46512726 -0.88524383
-0.46119389 -0.88729938
-0.45699638 -0.88946855
-0.45253286 -0.89174773
-0.44780141 -0.89413304
-0.44280015 -0.89662034
-0.43752720 -0.89920517
-0.43198074 -0.90188283
-0.42615899 -0.90464828
-0.42006029 -0.90749620
-0.41368306 -0.91042096
-0.40702587 -0.91341663
-0.40008745 -0.91647697
-0.39286673 -0.91959542
-0.38536285 -0.92276512
-0.37757519 -0.92597893
-0.36950342 -0.92922937
-0.36114751 -0.93250870
-0.35258650 -0.93577922
-0.34389760 -0.93900716
-0.33507829 -0.94219029
-0.32612611 -0.94532627
-0.31703861 -0.94841263
-0.30781343 -0.95144674
-0.29844822 -0.95442583
-0.28894072 -0.95734699
-0.27928874 -0.96020716
-0.26949016 -0.96300314
-0.25954295 -0.96573157
-0.24944518 -0.96838892
-0.23919501 -0.97097155
-0.22879074 -0.97347563
-0.21823079 -0.97589719
-0.20751373 -0.97823211
-0.19663825 -0.98047611
-0.18560323 -0.98262477
-0.17440773 -0.98467352
-0.16305099 -0.98661764
-0.15153246 -0.98845228
-0.13985180 -0.99017245
-0.12800891 -0.99177302
-0.11635171 -0.99320808
-0.10523184 -0.99444772
-0.09465402 -0.99551023
-0.08462182 -0.99641314
-0.07513781 -0.99717316
-0.06620371 -0.99780613
-0.05782049 -0.99832700
-0.04998851 -0.99874979
-0.04270767 -0.99908761
-0.03597747 -0.99935260
-0.02979712 -0.99955597
-0.02416568 -0.99970797
-0.01908206 -0.99981792
-0.01454519 -0.99989421
-0.01055403 -0.99994430
-0.00710763 -0.99997474
-0.00420521 -0.99999116
-0.00184619 -0.99999830
-0.00003023 -1.00000000
0.00124273 -0.99999923
0.00197247 -0.99999805
0.00215844 -0.99999767
0.00207404 -0.99999785
0.00199321 -0.99999801
0.00191596 -0.99999816
0.00184230 -0.99999830
0.00177225 -0.99999843
0.00170581 -0.99999855
0.00164300 -0.99999865
0.00158383 -0.99999875
0.00152830 -0.99999883
0.00147644 -0.99999891
0.00142823 -0.99999898
0.00138370 -0.99999904
0.00134284 -0.99999910
0.00130567 -0.99999915
0.00127220 -0.99999919
0.00124242 -0.99999923
0.00121634 -0.99999926
0.00119396 -0.99999929
0.00117529 -0.99999931
0.00116033 -0.99999933
0.00114909 -0.99999934
0.00114155 -0.99999935
0.00113773 -0.99999935
0.00113762 -0.99999935
0.00114123 -0.99999935
0.00114854 -0.99999934
0.00115956 -0.99999933
0.00117429 -0.99999931
0.00119272 -0.99999929
0.00121485 -0.99999926
0.00124067 -0.99999923
0.00127017 -0.99999919
0.00130336 -0.99999915
0.00134022 -0.99999910
0.00138075 -0.99999905
0.00142494 -0.99999898
0.00147277 -0.99999892
0.00152424 -0.99999884
0.00157935 -0.99999875
0.00163807 -0.99999866
0.00170040 -0.99999855
0.00176633 -0.99999844
0.00183584 -0.99999831
0.00190892 -0.99999818
0.00198556 -0.99999803
0.00206374 -0.99999787
0.00214155 -0.99999771
0.00221911 -0.99999754
0.00229657 -0.99999736
0.00237403 -0.99999718
0.00245165 -0.99999699
0.00259313 -0.99999664
0.00289259 -0.99999582
0.00345508 -0.99999403
0.00066399 -0.99999978
0.00020634 0.99999998
0.00020796 0.99999998
0.00075586 -0.99999971
0.00530845 -0.99998591
0.00508585 -0.99998707
0.00436877 -0.99999046
0.00409200 -0.99999163
0.00409894 -0.99999160
0.00422881 -0.99999106
0.00434534 -0.99999056
0.00444680 -0.99999011
0.00453174 -0.99998973
0.00459902 -0.99998942
0.00465622 -0.99998916
0.00471149 -0.99998890
0.00476484 -0.99998865
0.00481628 -0.99998840
0.00486582 -0.99998816
0.00491346 -0.99998793
0.00495922 -0.99998770
0.00500310 -0.99998748
0.00504510 -0.99998727
0.00508524 -0.99998707
0.00512351 -0.99998687
0.00515992 -0.99998669
0.00519448 -0.99998651
0.00522720 -0.99998634
0.00525806 -0.99998618
0.00528709 -0.99998602
0.00531428 -0.99998588
0.00533964 -0.99998574
0.00536316 -0.99998562
0.00538486 -0.99998550
0.00540473 -0.99998539
0.00542277 -0.99998530
0.00543899 -0.99998521
0.00545329 -0.99998513
0.00546557 -0.99998506
0.00547584 -0.99998501
0.00548409 -0.99998496
0.00549032 -0.99998493
0.00549454 -0.99998490
0.00549673 -0.99998489
0.00549691 -0.99998489
0.00549506 -0.99998490
0.00549120 -0.99998492
0.00548531 -0.99998496
0.00547740 -0.99998500
0.00546747 -0.99998505
0.00545552 -0.99998512
0.00544155 -0.99998519
0.00542555 -0.99998528
0.00540753 -0.99998538
0.00538749 -0.99998549
0.00536543 -0.99998561
0.00534134 -0.99998573
0.00531523 -0.99998587
0.00528710 -0.99998602
0.00525694 -0.99998618
0.00522476 -0.99998635
0.00519056 -0.99998653
0.00515434 -0.99998672
0.00511610 -0.99998691
0.00507583 -0.99998712
0.00503355 -0.99998733
0.00498924 -0.99998755
0.00494292 -0.99998778
0.00489457 -0.99998802
0.00484421 -0.99998827
0.00479183 -0.99998852
0.00473743 -0.99998878
0.00468101 -0.99998904
0.00462258 -0.99998932
0.00456213 -0.99998959
0.00449967 -0.99998988
0.00443520 -0.99999016
0.00436871 -0.99999046
0.00430021 -0.99999075
0.00422971 -0.99999105
0.00415719 -0.99999136
0.00408266 -0.99999167
0.00400614 -0.99999198
0.00392764 -0.99999229
0.00384715 -0.99999260
0.00376467 -0.99999291
0.00368021 -0.99999323
0.00359376 -0.99999354
0.00350533 -0.99999386
0.00341492 -0.99999417
0.00332252 -0.99999448
0.00322813 -0.99999479
0.00313176 -0.99999510
0.00303340 -0.99999540
0.00293305 -0.99999570
0.00283072 -0.99999599
0.00272641 -0.99999628
0.00262010 -0.99999657
0.00251181 -0.99999685
0.00240153 -0.99999712
0.00228926 -0.99999738
0.00217500 -0.99999763
0.00205876 -0.99999788
0.00194053 -0.99999812
0.00182030 -0.99999834
0.00169809 -0.99999856
0.00157389 -0.99999876
0.00144769 -0.99999895
0.00131951 -0.99999913
0.00118933 -0.99999929
0.00105716 -0.99999944
0.00092300 -0.99999957
0.00078684 -0.99999969
0.00064869 -0.99999979
0.00050855 -0.99999987
0.00036641 -0.99999993
0.00022227 -0.99999998
0.00007614 -1.00000000
-0.00007199 -1.00000000
-0.00022212 -0.99999998
-0.00037424 -0.99999993
-0.00052837 -0.99999986
-0.00068449 -0.99999977
-0.00084262 -0.99999964
-0.00100274 -0.99999950
-0.00116487 -0.99999932
-0.00132900 -0.99999912
-0.00149514 -0.99999888
-0.00166328 -0.99999862
-0.00183343 -0.99999832
-0.00200558 -0.99999799
-0.00217974 -0.99999762
-0.00235591 -0.99999722
-0.00253408 -0.99999679
-0.00271427 -0.99999632
-0.00289647 -0.99999581
-0.00308068 -0.99999525
-0.00326691 -0.99999466
-0.00345514 -0.99999403
-0.00364540 -0.99999336
-0.00383767 -0.99999264
-0.00403195 -0.99999187
-0.00422826 -0.99999106
-0.00442658 -0.99999020
-0.00462693 -0.99998930
-0.00482929 -0.99998834
-0.00503368 -0.99998733
-0.00524010 -0.99998627
-0.00544854 -0.99998516
-0.00565900 -0.99998399
-0.00587150 -0.99998276
-0.00608602 -0.99998148
-0.00630257 -0.99998014
-0.00652116 -0.99997874
-0.00674177 -0.99997727
-0.00696442 -0.99997575
-0.00718911 -0.99997416
-0.00741584 -0.99997250
-0.00764460 -0.99997078
-0.00787540 -0.99996899
-0.00810824 -0.99996713
-0.00834313 -0.99996520
-0.00858006 -0.99996319
-0.00881903 -0.99996111
-0.00906005 -0.99995896
-0.00930312 -0.99995673
-0.00954824 -0.99995441
-0.00979541 -0.99995202
-0.01004463 -0.99994955
-0.01029591 -0.99994700
-0.01054925 -0.99994436
-0.01080464 -0.99994163
-0.01101750 -0.99993931
-0.01114321 -0.99993791
-0.01118177 -0.99993748
-0.01113315 -0.99993802
-0.01099734 -0.99993953
-0.01077434 -0.99994196
-0.01046413 -0.99994525
-0.01006672 -0.99994933
-0.00958211 -0.99995409
-0.00901032 -0.99995941
-0.00835136 -0.99996513
-0.00760524 -0.99997108
-0.00677200 -0.99997707
-0.00585165 -0.99998288
-0.00484424 -0.99998827
-0.00374981 -0.99999297
-0.00256840 -0.99999670
-0.00130007 -0.99999915
0.00005512 -1.00000000
0.00149710 -0.99999888
0.00302580 -0.99999542
0.00464113 -0.99998923
0.00634299 -0.99997988
0.00813129 -0.99996694
0.01000591 -0.99994994
0.01196672 -0.99992840
0.01401359 -0.99990180
0.01614638 -0.99986964
0.01836493 -0.99983135
0.02066905 -0.99978637
0.02305858 -0.99973412
0.02553330 -0.99967397
0.02809299 -0.99960531
0.03073744 -0.99952749
0.03346639 -0.99943984
0.03627957 -0.99934168
0.03917670 -0.99923230
0.04215748 -0.99911098
0.04522158 -0.99897698
0.04836866 -0.99882955
0.05159835 -0.99866792
0.05491027 -0.99849129
0.05830400 -0.99829887
0.06177911 -0.99808985
0.06533514 -0.99786338
0.06897161 -0.99761862
0.07322356 -0.99731555
0.07862861 -0.99690398
0.08519166 -0.99636458
0.09291942 -0.99567363
0.10182002 -0.99480284
0.11190258 -0.99371918
0.12317662 -0.99238476
0.13565141 -0.99075663
0.14933526 -0.98878662
0.16423462 -0.98642130
0.18035307 -0.98360194
0.19769026 -0.98026454
0.21624062 -0.97634010
0.23599206 -0.97175498
0.25692451 -0.96643148
0.27900846 -0.96028864
0.30220346 -0.95324345
0.32645667 -0.94521217
0.35170159 -0.93611217
0.37785700 -0.92586397
0.40482622 -0.91439364
0.43249686 -0.90163544
0.46074110 -0.88753459
0.48861654 -0.87249864
0.51529969 -0.85701005
0.54083342 -0.84112972
0.56526402 -0.82491005
0.58863997 -0.80839531
0.61101094 -0.79162215
0.63242693 -0.77462003
0.65293753 -0.75741177
0.67259141 -0.74001405
0.69143580 -0.72243791
0.70951618 -0.70468914
0.72687595 -0.68676878
0.74355623 -0.66867341
0.75959571 -0.65039554
0.77503046 -0.63192388
0.78989388 -0.61324356
0.80421657 -0.59433636
0.81802625 -0.57518089
0.83134768 -0.55575268
0.84420255 -0.53602431
0.85660936 -0.51596551
0.86858332 -0.49554316
0.88003552 -0.47490787
0.89086915 -0.45426002
0.90108716 -0.43363802
0.91069536 -0.41307864
0.91970218 -0.39261674
0.92811840 -0.37228515
0.93595694 -0.35211449
0.94323253 -0.33213310
0.94996152 -0.31236695
0.95616158 -0.29283962
0.96185144 -0.27357230
0.96705070 -0.25458385
0.97177956 -0.23589083
0.97605864 -0.21750756
0.97990877 -0.19944626
0.98335085 -0.18171711
0.98640568 -0.16432841
0.98909385 -0.14728667
0.99143557 -0.13059673
0.99345066 -0.11426193
0.99515839 -0.09828420
0.99657746 -0.08266420
0.99772594 -0.06740145
0.99862122 -0.05249443
0.99927999 -0.03794072
0.99971824 -0.02373707
0.99995120 -0.00987953
0.99999339 0.00363647
0.99985860 0.01681603
0.99955991 0.02966470
0.99910967 0.04218841
0.99851958 0.05439338
0.99780066 0.06628612
0.99696326 0.07787330
0.99601716 0.08916176
0.99497150 0.10015841
0.99383489 0.11087026
0.99261536 0.12130432
0.99132047 0.13146761
0.98995724 0.14136713
0.98853227 0.15100980
0.98705169 0.16040249
0.98552125 0.16955198
0.98394627 0.17846492
0.98233175 0.18714788
0.98059444 0.19604731
0.97863368 0.20561159
0.97642652 0.21585008
0.97394789 0.22677193
0.97117051 0.23838591
0.96806481 0.25070007
0.96459886 0.26372150
0.96073836 0.27745594
0.95644659 0.29190740
0.95168443 0.30707774
0.94641050 0.32296619
0.94058121 0.33956882
0.93415099 0.35687802
0.92707258 0.37488189
0.91929738 0.39356364
0.91077592 0.41290097
0.90145851 0.43286552
0.89129584 0.45342224
0.88023993 0.47452888
0.86824503 0.49613564
0.85526868 0.51818479
0.84127296 0.54061059
0.82622566 0.56333930
0.81041475 0.58585658
0.79415758 0.60771189
0.77746857 0.62892179
0.76035889 0.64950316
0.74283652 0.66947286
0.72490636 0.68884742
0.70657037 0.70764279
0.68782768 0.72587401
0.66867475 0.74355503
0.64910546 0.76069843
0.62911128 0.77731525
0.60868141 0.79341474
0.58780291 0.80900416
0.56646089 0.82408862
0.54463865 0.83867082
0.52231784 0.85275089
0.49947871 0.86632616
0.47610027 0.87939100
0.45216056 0.89193656
0.42763691 0.90395059
0.40250625 0.91541724
0.37674544 0.92631683
0.35119204 0.93630345
0.32675813 0.94510800
0.30352064 0.95282487
0.28154181 0.95954896
0.26087100 0.96537367
0.24154655 0.97038923
0.22359772 0.97468152
0.20704662 0.97833108
0.19191001 0.98141253
0.17820107 0.98399409
0.16593098 0.98613737
0.15511037 0.98789715
0.14575072 0.98932135
0.13786557 0.99045095
0.13147167 0.99131993
0.12658999 0.99195513
0.12324674 0.99237606
0.12147427 0.99259458
0.12131187 0.99261444
0.12280660 0.99243062
0.12601400 0.99202846
0.13099866 0.99138255
0.13783477 0.99045524
0.14513837 0.98941137
0.15144096 0.98846630
0.15669742 0.98764666
0.16086274 0.98697679
0.16389189 0.98647831
0.16573965 0.98616954
0.16636056 0.98606499
0.16570890 0.98617471
0.16373872 0.98650374
0.16040406 0.98705144
0.15565918 0.98781082
0.14945909 0.98876791
0.14176013 0.98990104
0.13252085 0.99118022
0.12170312 0.99256655
0.10927345 0.99401173
0.09520461 0.99545772
0.07947751 0.99683666
0.06208329 0.99807097
0.04302565 0.99907397
0.02232320 0.99975081
0.00001187 1.00000000
-0.02299783 0.99973551
-0.04558257 0.99896057
-0.06739000 0.99772671
-0.08810577 0.99611112
-0.10746839 0.99420850
-0.12527829 0.99212164
-0.14140088 0.98995242
-0.15576417 0.98779427
-0.16835245 0.98572687
-0.17919728 0.98381316
-0.18836753 0.98209861
-0.19595937 0.98061202
-0.20281383 0.97921732
-0.20974424 0.97775628
-0.21681402 0.97621293
-0.22408107 0.97457051
-0.23160041 0.97281100
-0.23942624 0.97091456
-0.24761361 0.96885886
-0.25621995 0.96661851
-0.26530642 0.96416415
-0.27493936 0.96146157
-0.28519176 0.95847048
-0.29506621 0.95547681
-0.30352548 0.95282332
-0.31058762 0.95054475
-0.31626857 0.94866970
-0.32058157 0.94722091
-0.32353664 0.94621564
-0.32514029 0.94566579
-0.32539519 0.94557811
-0.32430011 0.94595425
-0.32184981 0.94679074
-0.31803516 0.94807892
-0.31284328 0.94980476
-0.30625783 0.95194860
-0.29825943 0.95448484
-0.28882618 0.95738155
-0.27793442 0.96060005
-0.26555955 0.96409446
-0.25167711 0.96781126
-0.23626408 0.97168888
-0.21930035 0.97565740
-0.20077039 0.97963833
-0.18066520 0.98354465
-0.15986239 0.98713931
-0.13925531 0.99025651
-0.11886342 0.99291061
-0.09870440 0.99511680
-0.07879416 0.99689091
-0.05914686 0.99824929
-0.03977492 0.99920866
-0.02068912 0.99978596
-0.00189861 0.99999820
0.01658900 0.99986239
0.03476756 0.99939543
0.05263232 0.99861396
0.07017982 0.99753436
0.08740783 0.99617261
0.10431523 0.99454428
0.12090195 0.99266445
0.13716888 0.99054768
0.15311776 0.98820795
0.16875112 0.98565869
0.18407221 0.98291272
0.19908490 0.97998225
0.21379362 0.97687885
0.22820332 0.97361350
0.24231935 0.97019654
0.25614745 0.96663772
0.26969369 0.96294616
0.28296439 0.95913042
0.29596611 0.95519844
0.30870561 0.95115764
0.32118976 0.94701485
0.33342560 0.94277642
0.34542019 0.93844813
0.35718071 0.93403530
0.36871433 0.92954276
0.38002826 0.92497488
0.39112969 0.92033557
0.40202579 0.91562834
0.41272370 0.91085627
0.42323053 0.90602203
0.43355331 0.90112792
0.44369900 0.89617587
0.45367452 0.89116745
0.46348670 0.88610387
0.47314229 0.88098603
0.48264794 0.87581446
0.49211920 0.87052783
0.50166679 0.86506094
0.51128998 0.85940826
0.52098781 0.85356412
0.53075901 0.84752278
0.54060210 0.84127841
0.55051527 0.83482510
0.56049641 0.82815686
0.57054309 0.82126766
0.58065257 0.81415146
0.59082171 0.80680215
0.60104703 0.79921366
0.61132466 0.79137991
0.62165033 0.78329488
0.63201934 0.77495262
0.64242657 0.76634725
0.65286646 0.75747303
0.66333299 0.74832436
0.67381966 0.73889584
0.68431952 0.72918228
0.69482512 0.71917874
0.70532852 0.70888058
0.71582130 0.69828352
0.72629455 0.68738361
0.73673888 0.67617737
0.74714440 0.66466175
0.75750080 0.65283424
0.76779726 0.64069288
0.77802259 0.62823630
0.78816514 0.61546381
0.79821293 0.60237540
0.80815360 0.58897178
0.81797450 0.57525448
0.82766271 0.56122583
0.83720512 0.54688901
0.84658843 0.53224810
0.85579925 0.51730808
0.86482415 0.50207489
0.87364972 0.48655540
0.88226266 0.47075747
0.89064982 0.45468990
0.89879828 0.43836247
0.90669545 0.42178591
0.91432914 0.40497188
0.92168760 0.38793294
0.92862588 0.37101748
0.93502961 0.35456964
0.94093244 0.33859437
0.94636679 0.32309425
0.95136376 0.30806979
0.95595300 0.29351977
0.96016274 0.27944143
0.96401971 0.26583077
0.96754919 0.25268272
0.97077501 0.23999140
0.97371958 0.22775024
0.97640394 0.21595219
0.97884779 0.20458983
0.98106959 0.19365551
0.98308657 0.18314146
0.98491482 0.17303990
0.98656932 0.16334311
0.98806406 0.15404353
0.98941204 0.14513381
0.99062534 0.13660689
0.99171521 0.12845602
0.99269209 0.12067486
0.99356567 0.11325746
0.99434486 0.10619930
0.99503795 0.09949611
0.99565272 0.09314318
0.99619639 0.08713642
0.99667560 0.08147239
0.99709650 0.07614833
0.99746476 0.07116221
0.99778557 0.06651278
0.99806373 0.06219957
0.99830360 0.05822302
0.99850916 0.05458446
0.99868400 0.05128619
0.99883135 0.04833160
0.99895406 0.04572519
0.99905462 0.04347269
0.99913513 0.04158115
0.99919731 0.04005908
0.99924246 0.03891658
0.99927143 0.03816549
0.99928458 0.03781958
0.99928174 0.03789475
0.99926209 0.03840929
0.99922414 0.03938415
0.99917639 0.04057770
0.99912891 0.04173042
0.99908201 0.04283858
0.99903600 0.04389832
0.99899123 0.04490573
0.99894802 0.04585680
0.99890674 0.04674745
0.99886774 0.04757359
0.99883137 0.04833109
0.99879800 0.04901581
0.99876799 0.04962366
0.99874167 0.05015057
0.99871938 0.05059256
0.99870142 0.05094575
0.99868809 0.05120640
0.99867964 0.05137091
0.99867630 0.05143590
0.99867824 0.05139819
0.99868560 0.05125489
0.99869848 0.05100335
0.99871691 0.05064127
0.99874086 0.05016669
0.99877025 0.04957801
0.99880495 0.04887404
0.99884474 0.04805400
0.99888935 0.04711754
0.99893846 0.04606477
0.99899165 0.04489627
0.99904850 0.04361307
0.99910848 0.04221668
0.99917104 0.04070908
0.99923559 0.03909271
0.99930148 0.03737048
0.99936805 0.03554569
0.99943462 0.03362210
0.99950047 0.03160384
0.99956492 0.02949539
0.99962724 0.02730157
0.99968676 0.02502750
0.99974281 0.02267855
0.99979474 0.02026030
0.99984195 0.01777850
0.99988388 0.01523907
0.99992001 0.01264797
0.99994989 0.01001125
0.99997262 0.00739988
0.99998807 0.00488448
0.99999695 0.00247000
0.99999999 0.00016058
0.99999792 -0.00204042
0.99999147 -0.00413041
0.99998135 -0.00610756
0.99996823 -0.00797079
0.99995276 -0.00971968
0.99993554 -0.01135448
0.99991710 -0.01287603
0.99989795 -0.01428571
0.99987843 -0.01559231
0.99985876 -0.01680668
0.99983918 -0.01793341
0.99981992 -0.01897680
0.99980116 -0.01994087
0.99978305 -0.02082935
0.99976570 -0.02164576
0.99974924 -0.02239338
0.99973373 -0.02307532
0.99971925 -0.02369445
0.99970584 -0.02425351
0.99969334 -0.02476354
0.99968153 -0.02523562
0.99967042 -0.02567215
0.99965998 -0.02607529
0.99965022 -0.02644696
0.99964111 -0.02678887
0.99963266 -0.02710254
0.99962484 -0.02738934
0.99961765 -0.02765047
0.99961108 -0.02788701
0.99960512 -0.02809989
0.99959976 -0.02828995
0.99959499 -0.02845790
0.99959081 -0.02860439
0.99958721 -0.02872993
0.99958419 -0.02883498
0.99958173 -0.02891989
0.99957985 -0.02898494
0.99957853 -0.02903034
0.99957778 -0.02905622
0.99957759 -0.02906263
0.99957797 -0.02904955
0.99957921 -0.02900710
0.99958157 -0.02892534
0.99958508 -0.02880410
0.99958970 -0.02864323
0.99959543 -0.02844259
0.99960224 -0.02820204
0.99961012 -0.02792145
0.99961903 -0.02760070
0.99962893 -0.02723968
0.99963979 -0.02683828
0.99965155 -0.02639643
0.99966418 -0.02591402
0.99967760 -0.02539099
0.99969176 -0.02482728
0.99970658 -0.02422282
0.99972201 -0.02357758
0.99973796 -0.02289151
0.99975434 -0.02216460
0.99977106 -0.02139682
0.99978804 -0.02058817
0.99980517 -0.01973866
0.99982235 -0.01884830
0.99983948 -0.01791712
0.99985642 -0.01694515
0.99987307 -0.01593243
0.99988930 -0.01487904
0.99990498 -0.01378502
0.99991998 -0.01265047
0.99993415 -0.01147548
0.99994736 -0.01026013
0.99995946 -0.00900455
0.99997029 -0.00770886
0.99997969 -0.00637320
0.99998751 -0.00499769
0.99999358 -0.00358252
0.99999774 -0.00212783
0.99999980 -0.00063381
0.99999960 0.00089934
0.99999695 0.00247144
0.99999167 0.00408226
0.99998357 0.00573158
0.99997248 0.00741916
0.99995819 0.00914476
0.99994050 0.01090813
0.99991924 0.01270898
0.99989512 0.01448294
0.99986932 0.01616588
0.99984232 0.01775794
0.99981452 0.01925923
0.99978636 0.02066987
0.99975819 0.02198997
0.99973039 0.02321966
0.99970327 0.02435905
0.99967716 0.02540824
0.99965232 0.02636735
0.99962902 0.02723648
0.99960748 0.02801573
0.99958792 0.02870519
0.99957052 0.02930495
0.99955543 0.02981511
0.99954280 0.03023574
0.99953272 0.03056691
0.99952530 0.03080870
0.99952059 0.03096117
0.99951863 0.03102438
0.99951943 0.03099839
0.99952300 0.03088323
0.99952929 0.03067896
0.99953825 0.03038561
0.99954980 0.03000321
0.99956384 0.02953179
0.99958024 0.02897137
0.99959885 0.02832197
0.99961950 0.02758359
0.99964199 0.02675624
0.99966609 0.02583992
0.99969157 0.02483464
0.99971816 0.02374039
0.99974556 0.02255715
0.99977345 0.02128492
0.99980150 0.01992368
0.99982935 0.01847342
0.99985661 0.01693411
0.99988286 0.01530574
0.99990767 0.01358830
0.99993059 0.01178175
0.99995113 0.00988608
0.99996878 0.00790127
0.99998302 0.00582732
0.99999329 0.00366419
0.99999900 0.00141190
0.99999964 -0.00085037
0.99999537 -0.00304340
0.99998665 -0.00516722
0.99997392 -0.00722183
0.99995761 -0.00920727
0.99993813 -0.01112355
0.99991588 -0.01297070
0.99989123 -0.01474875
0.99986456 -0.01645772
0.99983622 -0.01809763
0.99980656 -0.01966853
0.99977588 -0.02117042
0.99974451 -0.02260336
0.99971274 -0.02396734
0.99968085 -0.02526242
0.99964912 -0.02648859
0.99961778 -0.02764590
0.99958708 -0.02873436
0.99955725 -0.02975398
0.99952850 -0.03070479
0.99950101 -0.03158679
0.99947498 -0.03240000
0.99945057 -0.03314442
0.99942794 -0.03382005
0.99940722 -0.03442691
0.99938854 -0.03496498
0.99937201 -0.03543425
0.99935773 -0.03583472
0.99934578 -0.03616638
0.99933624 -0.03642920
0.99932915 -0.03662316
0.99932456 -0.03674824
0.99932249 -0.03680440
0.99932296 -0.03679162
0.99932597 -0.03670984
0.99933149 -0.03655904
0.99933951 -0.03633916
0.99934998 -0.03605015
0.99936284 -0.03569195
0.99937801 -0.03526451
0.99939542 -0.03476777
0.99941495 -0.03420165
0.99943650 -0.03356608
0.99945993 -0.03286099
0.99948510 -0.03208631
0.99951088 -0.03127288
0.99953624 -0.03045168
0.99956115 -0.02962281
0.99958559 -0.02878636
0.99960953 -0.02794243
0.99963297 -0.02709112
0.99965587 -0.02623251
0.99967821 -0.02536673
0.99969998 -0.02449387
0.99972115 -0.02361405
0.99974170 -0.02272735
0.99976161 -0.02183391
0.99978086 -0.02093382
0.99979944 -0.02002720
0.99981731 -0.01911416
0.99983446 -0.01819483
0.99985087 -0.01726931
0.99986653 -0.01633773
0.99988141 -0.01540020
0.99989549 -0.01445685
0.99990877 -0.01350779
0.99992121 -0.01255316
0.99993280 -0.01159308
0.99994355 -0.01062528
0.99995345 -0.00964840
0.99996247 -0.00866390
0.99997056 -0.00767325
0.99997770 -0.00667795
0.99998387 -0.00567947
0.99998905 -0.00467928
0.99999323 -0.00367885
0.99999641 -0.00267961
0.99999858 -0.00168296
0.99999976 -0.00069028
0.99999996 0.00029710
0.99999918 0.00127790
0.99999747 0.00225087
0.99999483 0.00321484
0.99999131 0.00416869
0.99998694 0.00511134
0.99998175 0.00604180
0.99997578 0.00695914
0.99996909 0.00786248
0.99996171 0.00875102
0.99995369 0.00962403
0.99993531 0.01137392
0.99988934 0.01487650
0.99979744 0.02012661
0.99963150 0.02714526
0.99935255 0.03597899
0.99890897 0.04669979
0.99823393 0.05940562
0.99724180 0.07422126
0.99582348 0.09129954
0.99384022 0.11082242
0.99111579 0.13300184
0.98742637 0.15807958
0.98248811 0.18632530
0.97594175 0.21803142
0.96733465 0.25350280
0.95610068 0.29303838
0.94154007 0.33690103
0.92280351 0.38527093
0.89888814 0.43817817
0.86865796 0.49541230
0.83090586 0.55641302
0.78447626 0.62015885
0.72845982 0.68508852
0.66565074 0.74626342
0.60061676 0.79953706
0.53537514 0.84461439
0.47168280 0.88176830
0.41090753 0.91167703
0.35399553 0.93524712
0.30150898 0.95346334
0.25370020 0.96728290
0.21059486 0.97757343
0.17206770 0.98508513
0.13790355 0.99044566
0.10784253 0.99416799
0.08161137 0.99666423
0.05894390 0.99826130
0.03959373 0.99921586
0.02334141 0.99972755
0.00999823 0.99995002
-0.00059227 0.99999982
-0.00855385 0.99996342
-0.01397781 0.99990231
-0.01692329 0.99985679
-0.01741750 0.99984830
-0.01669074 0.99986070
-0.01597121 0.99987245
-0.01525901 0.99988357
-0.01455424 0.99989408
-0.01385700 0.99990399
-0.01316739 0.99991331
-0.01248552 0.99992205
-0.01181147 0.99993024
-0.01114534 0.99993789
-0.01048725 0.99994501
-0.00983727 0.99995161
-0.00919552 0.99995772
-0.00856208 0.99996334
-0.00793705 0.99996850
-0.00732053 0.99997320
-0.00671261 0.99997747
-0.00611339 0.99998131
-0.00552296 0.99998475
-0.00494141 0.99998779
-0.00436883 0.99999046
-0.00380531 0.99999276
-0.00325096 0.99999472
-0.00270584 0.99999634
-0.00217006 0.99999765
-0.00164370 0.99999865
-0.00112685 0.99999937
-0.00061960 0.99999981
-0.00012202 0.99999999
0.00036579 0.99999993
0.00084375 0.99999964
0.00131179 0.99999914
0.00176981 0.99999843
0.00221775 0.99999754
0.00265552 0.99999647
0.00308304 0.99999525
0.00350023 0.99999387
0.00390703 0.99999237
0.00430335 0.99999074
0.00468913 0.99998901
0.00506429 0.99998718
0.00542877 0.99998526
0.00578248 0.99998328
0.00612538 0.99998124
0.00645738 0.99997915
0.00677842 0.99997703
0.00708845 0.99997488
0.00738635 0.99997272
0.00767086 0.99997058
0.00794168 0.99996846
0.00819856 0.99996639
0.00844125 0.99996437
0.00866954 0.99996242
0.00888324 0.99996054
0.00908219 0.99995876
0.00926627 0.99995707
0.00943536 0.99995549
0.00958939 0.99995402
0.00972831 0.99995268
0.00985212 0.99995147
0.00996080 0.99995039
0.01005441 0.99994945
0.01013300 0.99994866
0.01019666 0.99994801
0.01024550 0.99994751
0.01027968 0.99994716
0.01029934 0.99994696
0.01030467 0.99994691
0.01029588 0.99994700
0.01027320 0.99994723
0.01025653 0.99994740
0.01026538 0.99994731
0.01029983 0.99994696
0.01036050 0.99994633
0.01044861 0.99994541
0.01056599 0.99994418
0.01071526 0.99994259
0.01089994 0.99994059
0.01112467 0.99993812
0.01139556 0.99993507
0.01172066 0.99993131
0.01206279 0.99992724
0.01237363 0.99992344
0.01264601 0.99992004
0.01287262 0.99991714
0.01304619 0.99991489
0.01315987 0.99991341
0.01320753 0.99991278
0.01318415 0.99991309
0.01308613 0.99991437
0.01291162 0.99991664
0.01266069 0.99991985
0.01237211 0.99992346
0.01208365 0.99992699
0.01179545 0.99993043
0.01150765 0.99993378
0.01122037 0.99993705
0.01093376 0.99994022
0.01064796 0.99994331
0.01036310 0.99994630
0.01007932 0.99994920
0.00979676 0.99995201
0.00951555 0.99995473
0.00923584 0.99995735
0.00895777 0.99995988
0.00868146 0.99996232
0.00840705 0.99996466
0.00813469 0.99996691
0.00786449 0.99996907
0.00759660 0.99997115
0.00733113 0.99997313
0.00706823 0.99997502
0.00680801 0.99997683
0.00655059 0.99997854
0.00629609 0.99998018
0.00604464 0.99998173
0.00579635 0.99998320
0.00555132 0.99998459
0.00530966 0.99998590
0.00507148 0.99998714
0.00483687 0.99998830
0.00460594 0.99998939
0.00437878 0.99999041
0.00415546 0.99999137
0.00393608 0.99999225
0.00372072 0.99999308
0.00350946 0.99999384
0.00330235 0.99999455
0.00309948 0.99999520
0.00290089 0.99999579
0.00270666 0.99999634
0.00251683 0.99999683
0.00233145 0.99999728
0.00215056 0.99999769
0.00197421 0.99999805
0.00180242 0.99999838
0.00163524 0.99999866
0.00147342 0.99999891
0.00131741 0.99999913
0.00116676 0.99999932
0.00102107 0.99999948
0.00087994 0.99999961
0.00074303 0.99999972
0.00060998 0.99999981
0.00048048 0.99999988
0.00035421 0.99999994
0.00023089 0.99999997
0.00011024 0.99999999
-0.00000803 1.00000000
-0.00012418 0.99999999
-0.00023848 0.99999997
-0.00035119 0.99999994
-0.00046257 0.99999989
-0.00057290 0.99999984
-0.00068243 0.99999977
-0.00079146 0.99999969
-0.00090028 0.99999959
-0.00100920 0.99999949
-0.00111855 0.99999937
-0.00122868 0.99999925
-0.00133375 0.99999911
-0.00142569 0.99999898
-0.00150194 0.99999887
-0.00156068 0.99999878
-0.00160098 0.99999872
-0.00162284 0.99999868
-0.00162708 0.99999868
-0.00161523 0.99999870
-0.00158930 0.99999874
-0.00155154 0.99999880
-0.00150428 0.99999887
-0.00145753 0.99999894
-0.00141852 0.99999899
-0.00138578 0.99999904
-0.00135823 0.99999908
-0.00133505 0.99999911
-0.00131561 0.99999913
-0.00129944 0.99999916
-0.00128617 0.99999917
-0.00127555 0.99999919
-0.00126736 0.99999920
-0.00126146 0.99999920
-0.00125637 0.99999921
-0.00125064 0.99999922
-0.00124428 0.99999923
-0.00123729 0.99999923
-0.00122966 0.99999924
-0.00122141 0.99999925
-0.00121252 0.99999926
-0.00120301 0.99999928
-0.00119287 0.99999929
-0.00118210 0.99999930
-0.00117070 0.99999931
-0.00115868 0.99999933
-0.00114603 0.99999934
-0.00113276 0.99999936
-0.00111887 0.99999937
-0.00110435 0.99999939
-0.00108920 0.99999941
-0.00107343 0.99999942
-0.00105704 0.99999944
-0.00104003 0.99999946
-0.00102240 0.99999948
-0.00100414 0.99999950
-0.00098526 0.99999951
-0.00096576 0.99999953
-0.00094564 0.99999955
-0.00092490 0.99999957
-0.00090354 0.99999959
-0.00088156 0.99999961
-0.00085895 0.99999963
-0.00083573 0.99999965
-0.00081189 0.99999967
-0.00078742 0.99999969
-0.00076234 0.99999971
-0.00073663 0.99999973
-0.00071030 0.99999975
-0.00068336 0.99999977
-0.00065579 0.99999978
-0.00062760 0.99999980
-0.00059879 0.99999982
-0.00056936 0.99999984
-0.00053930 0.99999985
-0.00050863 0.99999987
-0.00047733 0.99999989
-0.00044540 0.99999990
-0.00041286 0.99999991
-0.00037969 0.99999993
-0.00034590 0.99999994
-0.00031148 0.99999995
-0.00027643 0.99999996
-0.00024076 0.99999997
-0.00020447 0.99999998
-0.00016755 0.99999999
-0.00012999 0.99999999
-0.00009182 1.00000000
-0.00005301 1.00000000
-0.00001357 1.00000000
0.00002650 1.00000000
0.00006720 1.00000000
0.00010853 0.99999999
0.00015050 0.99999999
0.00019310 0.99999998
0.00023633 0.99999997
0.00028020 0.99999996
0.00032471 0.99999995
0.00036985 0.99999993
0.00041564 0.99999991
0.00046206 0.99999989
0.00050912 0.99999987
0.00055683 0.99999984
0.00060518 0.99999982
0.00065418 0.99999979
0.00070382 0.99999975
0.00075411 0.99999972
0.00080504 0.99999968
0.00085663 0.99999963
0.00090887 0.99999959
0.00096176 0.99999954
0.00101530 0.99999948
0.00106950 0.99999943
0.00112436 0.99999937
0.00117987 0.99999930
0.00123605 0.99999924
0.00129288 0.99999916
0.00135038 0.99999909
0.00140855 0.99999901
0.00146738 0.99999892
0.00152688 0.99999883
0.00158705 0.99999874
0.00164789 0.99999864
0.00170940 0.99999854
0.00177158 0.99999843
0.00183441 0.99999832
0.00189789 0.99999820
0.00196202 0.99999808
0.00202681 0.99999795
0.00209224 0.99999781
0.00215832 0.99999767
0.00222505 0.99999752
0.00229243 0.99999737
0.00236045 0.99999721
0.00242912 0.99999705
0.00249843 0.99999688
0.00256839 0.99999670
0.00263899 0.99999652
0.00271023 0.99999633
0.00278211 0.99999613
0.00285464 0.99999593
0.00292780 0.99999571
0.00300160 0.99999550
0.00307604 0.99999527
0.00315112 0.99999504
0.00322683 0.99999479
0.00330317 0.99999454
0.00338015 0.99999429
0.00345776 0.99999402
0.00353601 0.99999375
0.00361488 0.99999347
0.00369438 0.99999318
0.00377451 0.99999288
0.00385526 0.99999257
0.00393665 0.99999225
0.00401865 0.99999193
0.00410128 0.99999159
0.00418453 0.99999124
0.00426840 0.99999089
0.00435288 0.99999053
0.00443799 0.99999015
0.00452371 0.99998977
0.00461005 0.99998937
0.00469700 0.99998897
0.00478457 0.99998855
0.00487274 0.99998813
0.00496152 0.99998769
0.00505091 0.99998724
0.00514091 0.99998679
0.00523151 0.99998632
0.00532272 0.99998583
0.00541453 0.99998534
0.00550694 0.99998484
0.00559994 0.99998432
0.00569355 0.99998379
0.00578775 0.99998325
0.00588254 0.99998270
0.00597793 0.99998213
0.00607391 0.99998155
0.00617047 0.99998096
0.00626762 0.99998036
0.00636536 0.99997974
0.00646369 0.99997911
0.00656259 0.99997847
0.00666208 0.99997781
0.00676214 0.99997714
0.00686278 0.99997645
0.00696400 0.99997575
0.00706579 0.99997504
0.00716815 0.99997431
0.00727108 0.99997357
0.00737457 0.99997281
0.00747864 0.99997203
0.00758326 0.99997125
0.00768845 0.99997044
0.00779420 0.99996962
0.00790051 0.99996879
0.00800737 0.99996794
0.00811479 0.99996707
0.00822276 0.99996619
0.00833128 0.99996529
0.00844034 0.99996438
0.00854996 0.99996345
0.00866011 0.99996250
0.00877081 0.99996154
0.00888205 0.99996055
0.00899382 0.99995955
0.00910613 0.99995854
0.00921898 0.99995750
0.00933235 0.99995645
0.00944626 0.99995538
0.00956069 0.99995430
0.00967564 0.99995319
0.00979112 0.99995207
0.00979112 0.99995207
0.00979112 0.99995207
0.00979112 0.99995207
0.00979112 0.99995207
0.00979112 0.99995207
0.00979112 0.99995207
0.00979112 0.99995207
0.00979112 0.99995207
0.00979112 0.99995207
0.00979112 0.99995207
0.00979112 0.99995207
0.00979112 0.99995207
0.00979112 0.99995207
0.00979112 0.99995207
0.00979112 0.99995207
0.00979112 0.99995207
0.00979112 0.99995207
0.00979112 0.99995207
0.00979112 0.99995207
0.00979112 0.99995207
0.00979112 0.99995207
0.00979112 0.99995207
0.00979112 0.99995207
0.00979112 0.99995207
0.00979112 0.99995207
0.00979112 0.99995207
0.00979112 0.99995207
0.00979112 0.99995207
0.00979112 0.99995207
0.00979112 0.99995207
0.00979112 0.99995207
0.00979112 0.99995207
0.00979112 0.99995207
0.00979112 0.99995207
0.00979112 0.99995207
0.00979112 0.99995207
0.00979112 0.99995207
0.00979112 0.99995207
0.00979112 0.99995207
0.00979112 0.99995207
0.00979112 0.99995207
0.00979112 0.99995207
0.00979112 0.99995207
0.00979112 0.99995207
0.00979112 0.99995207
