0.03138636 0.99950733
0.02719406 0.99963017
0.02327964 0.99972899
0.01964092 0.99980710
0.01627579 0.99986754
0.01318221 0.99991311
0.01035820 0.99994635
0.00780190 0.99996956
0.00551153 0.99998481
0.00348542 0.99999393
0.00172201 0.99999852
0.00021984 0.99999998
-0.00102242 0.99999948
-0.00200599 0.99999799
-0.00273196 0.99999627
-0.00320130 0.99999488
-0.00341487 0.99999417
-0.00337339 0.99999431
-0.00307745 0.99999526
-0.00252754 0.99999681
-0.00172403 0.99999851
-0.00066714 0.99999978
0.00064299 0.99999979
0.00220636 0.99999757
0.00402304 0.99999191
0.00609324 0.99998144
0.00841726 0.99996457
0.01099548 0.99993955
0.01382836 0.99990438
0.01691647 0.99985691
0.02026042 0.99979474
0.02386090 0.99971529
0.02771863 0.99961577
0.03183439 0.99949316
0.03620898 0.99934424
0.04084324 0.99916557
0.04573798 0.99895347
0.05089402 0.99870406
0.05631217 0.99841321
0.06199318 0.99807657
0.06793774 0.99768956
0.07414649 0.99724736
0.08061994 0.99674491
0.08735852 0.99617694
0.09436250 0.99553790
0.10163200 0.99482206
0.10916697 0.99402343
0.11696713 0.99313579
0.12503198 0.99215271
0.13336076 0.99106756
0.14195242 0.98987348
0.15080561 0.98856344
0.15991861 0.98713020
0.16928936 0.98556639
0.17891537 0.98386447
0.18879374 0.98201676
0.19892111 0.98001551
0.20929362 0.97785284
0.21990690 0.97552086
0.23075605 0.97301164
0.24183559 0.97031724
0.25313947 0.96742980
0.26466100 0.96434151
0.27639290 0.96104472
0.28810634 0.95759842
0.29957784 0.95407186
0.31080793 0.95047274
0.32179750 0.94680852
0.33254779 0.94308641
0.34306032 0.93931338
0.35333691 0.93549614
0.36337963 0.93164116
0.37319079 0.92775462
0.38277288 0.92384248
0.39212859 0.91991041
0.40126077 0.91596386
0.41017241 0.91200800
0.41886662 0.90804777
0.42734662 0.90408787
0.43561569 0.90013275
0.44367720 0.89618667
0.45153457 0.89225362
0.45919127 0.88833742
0.46665077 0.88444167
0.47391657 0.88056975
0.48099219 0.87672488
0.48788110 0.87291009
0.49458680 0.86912824
0.50111273 0.86538201
0.50746232 0.86167395
0.51363896 0.85800642
0.51964597 0.85438169
0.52548664 0.85080185
0.53116420 0.84726890
0.53668181 0.84378471
0.54204258 0.84035103
0.54724952 0.83696951
0.55230561 0.83364172
0.55721371 0.83036912
0.56197663 0.82715311
0.56659709 0.82399499
0.57107772 0.82089600
0.57542108 0.81785731
0.57962963 0.81488005
0.58370574 0.81196527
0.58765171 0.80911400
0.59146973 0.80632721
0.59516189 0.80360582
0.59873022 0.80095076
0.60217663 0.79836289
0.60550294 0.79584307
0.60871088 0.79339213
0.61180207 0.79101089
0.61477805 0.78870017
0.61764024 0.78646076
0.62038999 0.78429348
0.62302851 0.78219912
0.62555695 0.78017851
0.62797632 0.77823245
0.63028754 0.77636178
0.63249142 0.77456736
0.63458867 0.77285006
0.63657988 0.77121077
0.63846552 0.76965043
0.64024595 0.76816999
0.64192141 0.76677043
0.64349203 0.76545281
0.64526309 0.76396043
0.64753711 0.76203391
0.65030688 0.75967162
0.65356101 0.75687384
0.65728408 0.75364291
0.66145674 0.74998332
0.66605598 0.74590176
0.67105544 0.74140718
0.67642572 0.73651086
0.68213488 0.73122637
0.68814884 0.72556955
0.69443192 0.71955842
0.70094733 0.71321304
0.70765772 0.70655541
0.71452569 0.69960921
0.72151426 0.69239957
0.72781211 0.68577659
0.73270556 0.68054578
0.73628741 0.67666894
0.73862915 0.67411199
0.73978303 0.67284550
0.73978360 0.67284487
0.73864889 0.67409036
0.73638129 0.67656677
0.73296801 0.68026311
0.72838135 0.68517196
0.72257867 0.69128870
0.71550214 0.69861054
0.70707833 0.70713523
0.69721766 0.71685949
0.68581384 0.72777701
0.67274327 0.73987600
0.65815672 0.75288096
0.64222186 0.76651881
0.62481988 0.78076893
0.60582226 0.79560002
0.58509138 0.81096737
0.56248155 0.82680983
0.53784095 0.84304633
0.51101442 0.85957214
0.48184764 0.87625502
0.45019261 0.89293147
0.41591501 0.90940349
0.37890331 0.92543627
0.33907961 0.94075768
0.29641213 0.95506013
0.25092833 0.96800567
0.20272797 0.97923509
0.15474364 0.98795466
0.11013617 0.99391651
0.06929395 0.99759629
0.03246464 0.99947288
-0.00022244 0.99999998
-0.02873020 0.99958720
-0.05308786 0.99858985
-0.07336773 0.99730496
-0.08966598 0.99597189
-0.10208755 0.99477542
-0.11073521 0.99384994
-0.11570201 0.99328397
-0.11706680 0.99312404
-0.11489217 0.99337797
-0.10922455 0.99401710
-0.10197414 0.99478705
-0.09502303 0.99547507
-0.08836451 0.99608821
-0.08199212 0.99663298
-0.07589964 0.99711546
-0.07008113 0.99754129
-0.06453090 0.99791571
-0.05924354 0.99824356
-0.05421392 0.99852934
-0.04943718 0.99877723
-0.04490877 0.99899109
-0.04062439 0.99917449
-0.03658004 0.99933073
-0.03277202 0.99946285
-0.02919691 0.99957368
-0.02585156 0.99966579
-0.02273312 0.99974157
-0.01983904 0.99980319
-0.01716704 0.99985264
-0.01471514 0.99989173
-0.01248165 0.99992210
-0.01046516 0.99994524
-0.00866456 0.99996246
-0.00707906 0.99997494
-0.00570814 0.99998371
-0.00455159 0.99998964
-0.00360952 0.99999349
-0.00288233 0.99999585
-0.00237076 0.99999719
-0.00207586 0.99999785
-0.00199903 0.99999800
-0.00200306 0.99999799
-0.00194936 0.99999810
-0.00183747 0.99999831
-0.00166700 0.99999861
-0.00143757 0.99999897
-0.00114885 0.99999934
-0.00080057 0.99999968
-0.00039247 0.99999992
0.00007565 1.00000000
0.00060394 0.99999982
0.00119252 0.99999929
0.00184146 0.99999830
0.00255079 0.99999675
0.00332048 0.99999449
0.00415046 0.99999139
0.00504063 0.99998730
0.00599081 0.99998205
0.00700081 0.99997549
0.00807036 0.99996743
0.00919917 0.99995769
0.01038689 0.99994605
0.01163312 0.99993233
0.01293742 0.99991631
0.01429931 0.99989776
0.01571824 0.99987646
0.01719365 0.99985218
0.01872490 0.99982467
0.02031133 0.99979370
0.02195223 0.99975902
0.02364685 0.99972037
0.02539438 0.99967751
0.02693194 0.99963727
0.02799819 0.99960797
0.02859460 0.99959109
0.02872258 0.99958742
0.02838342 0.99959711
0.02757836 0.99961964
0.02630856 0.99965387
0.02457509 0.99969799
0.02237896 0.99974956
0.01972117 0.99980552
0.01660267 0.99986217
0.01302442 0.99991518
0.00898743 0.99995961
0.00449277 0.99998991
-0.00045837 0.99999989
-0.00586467 0.99998280
-0.01172460 0.99993126
-0.01803639 0.99983733
-0.02479798 0.99969248
-0.03200693 0.99948765
-0.03966043 0.99921322
-0.04775515 0.99885907
-0.05628727 0.99841462
-0.06525233 0.99786880
-0.07464523 0.99721015
-0.08446013 0.99642686
-0.09469039 0.99550677
-0.10532851 0.99443748
-0.11636609 0.99320639
-0.12779373 0.99180077
-0.13960100 0.99020784
-0.15177641 0.98841485
-0.16432781 0.98640578
-0.17728154 0.98416018
-0.19065304 0.98165748
-0.20445776 0.97887539
-0.21871101 0.97578968
-0.23342784 0.97237413
-0.24862287 0.96860037
-0.26431011 0.96443774
-0.28050274 0.95985323
-0.29721278 0.95481127
-0.31445086 0.94927375
-0.33222581 0.94319988
-0.35054425 0.93654617
-0.36941016 0.92926645
-0.38882433 0.92131191
-0.40878383 0.91263124
-0.42928133 0.90317082
-0.45030450 0.89287505
-0.47183526 0.88168673
-0.49384907 0.86954764
-0.51631421 0.85639923
-0.53919106 0.84218347
-0.56243146 0.82684391
-0.58597816 0.81032685
-0.60976438 0.79258274
-0.63371359 0.77356776
-0.65773954 0.75324544
-0.68174655 0.73158844
-0.70563013 0.70858036
-0.72927803 0.68421747
-0.75257168 0.65851034
-0.77474888 0.63226907
-0.79518862 0.60636215
-0.81398584 0.58088471
-0.83124010 0.55591357
-0.84705279 0.53150877
-0.86152490 0.50771532
-0.87475523 0.48456505
-0.88683912 0.46207833
-0.89786750 0.44026578
-0.90792631 0.41912982
-0.91709615 0.39866609
-0.92545211 0.37886462
-0.93306378 0.35971098
-0.93999539 0.34118714
-0.94630599 0.32327228
-0.95204969 0.30594344
-0.95727595 0.28917598
-0.96202989 0.27294411
-0.96635258 0.25722110
-0.97028133 0.24197962
-0.97385001 0.22719188
-0.97708931 0.21282972
-0.98002695 0.19886470
-0.98268801 0.18526810
-0.98509505 0.17201086
-0.98726836 0.15906348
-0.98922608 0.14639588
-0.99098441 0.13397722
-0.99255766 0.12177561
-0.99395836 0.10975781
-0.99519736 0.09788878
-0.99628380 0.08613126
-0.99722742 0.07441420
-0.99803139 0.06271636
-0.99869483 0.05107486
-0.99921842 0.03952916
-0.99960453 0.02812085
-0.99985730 0.01689344
-0.99998264 0.00589204
-0.99998830 -0.00483695
-0.99988377 -0.01524620
-0.99968021 -0.02528784
-0.99939033 -0.03491386
-0.99902816 -0.04407657
-0.99860886 -0.05272900
-0.99814842 -0.06082535
-0.99766336 -0.06832145
-0.99717035 -0.07517513
-0.99668587 -0.08134664
-0.99622584 -0.08679905
-0.99580521 -0.09149857
-0.99543759 -0.09541487
-0.99513493 -0.09852141
-0.99490715 -0.10079567
-0.99476188 -0.10221936
-0.99470425 -0.10277869
-0.99473667 -0.10246445
-0.99485875 -0.10127220
-0.99506728 -0.09920237
-0.99535620 -0.09626028
-0.99571675 -0.09245623
-0.99613765 -0.08780542
-0.99660529 -0.08232793
-0.99706680 -0.07653620
-0.99748169 -0.07092447
-0.99785327 -0.06548927
-0.99818470 -0.06022716
-0.99847892 -0.05513484
-0.99873873 -0.05020905
-0.99896677 -0.04544665
-0.99916551 -0.04084458
-0.99933730 -0.03639990
-0.99948435 -0.03210973
-0.99960873 -0.02797130
-0.99971239 -0.02398194
-0.99979719 -0.02013907
-0.99986485 -0.01644021
-0.99991701 -0.01288297
-0.99995521 -0.00946506
-0.99998088 -0.00618428
-0.99999538 -0.00303852
-1.00000000 -0.00002578
-0.99999592 0.00285587
-0.99998427 0.00560825
-0.99996611 0.00823310
-0.99994241 0.01073208
-0.99991410 0.01310673
-0.99988205 0.01535854
-0.99984706 0.01748888
-0.99980988 0.01949906
-0.99977120 0.02139028
-0.99973169 0.02316368
-0.99969193 0.02482029
-0.99965249 0.02636109
-0.99961387 0.02778693
-0.99957650 0.02910019
-0.99954075 0.03030339
-0.99950698 0.03139748
-0.99947552 0.03238327
-0.99944668 0.03326145
-0.99942073 0.03403251
-0.99939788 0.03469684
-0.99937836 0.03525465
-0.99936234 0.03570604
-0.99934995 0.03605093
-0.99934133 0.03628911
-0.99933656 0.03642021
-0.99933571 0.03644373
-0.99933879 0.03635897
-0.99934583 0.03616513
-0.99935678 0.03586120
-0.99937159 0.03544603
-0.99939017 0.03491828
-0.99941239 0.03427646
-0.99943808 0.03351887
-0.99946705 0.03264364
-0.99949905 0.03164869
-0.99953380 0.03053174
-0.99957095 0.02929028
-0.99961012 0.02792161
-0.99965086 0.02642275
-0.99969267 0.02479049
-0.99973497 0.02302137
-0.99977712 0.02111164
-0.99981839 0.01905724
-0.99985796 0.01685384
-0.99989438 0.01453383
-0.99992634 0.01213726
-0.99995323 0.00967145
-0.99997448 0.00714437
-0.99998958 0.00456453
-0.99999812 0.00194092
-0.99999974 -0.00071714
-0.99999422 -0.00340006
-0.99998141 -0.00609813
-0.99996126 -0.00880165
-0.99993386 -0.01150098
-0.99989936 -0.01418672
-0.99985803 -0.01684980
-0.99981022 -0.01948153
-0.99975635 -0.02207374
-0.99969691 -0.02461882
-0.99963246 -0.02710979
-0.99956359 -0.02954033
-0.99949091 -0.03190483
-0.99941506 -0.03419839
-0.99933669 -0.03641684
-0.99925641 -0.03855671
-0.99917486 -0.04061524
-0.99909262 -0.04259031
-0.99901025 -0.04448046
-0.99892828 -0.04628483
-0.99884719 -0.04800308
-0.99876740 -0.04963539
-0.99868932 -0.05118240
-0.99861328 -0.05264514
-0.99853958 -0.05402501
-0.99849029 -0.05492850
-0.99848649 -0.05499759
-0.99852577 -0.05427963
-0.99860442 -0.05281307
-0.99871754 -0.05062873
-0.99885928 -0.04775075
-0.99902282 -0.04419741
-0.99920041 -0.03998174
-0.99938338 -0.03511210
-0.99956204 -0.02959257
-0.99972564 -0.02342329
-0.99986220 -0.01660079
-0.99995843 -0.00911820
-0.99999953 -0.00096542
-0.99996903 0.00787069
-0.99984850 0.01740617
-0.99967500 0.02549311
-0.99954990 0.02999997
-0.99952085 0.03095280
-0.99959794 0.02835399
-0.99975395 0.02218174
-0.99992323 0.01239116
-0.99999941 -0.00108286
-0.99983216 -0.01832059
-0.99922313 -0.03940997
-0.99792185 -0.06443591
-0.99562249 -0.09346586
-0.99196262 -0.12653126
-0.98652597 -0.16360473
-0.97885116 -0.20457373
-0.96844877 -0.24921273
-0.95561052 -0.29463287
-0.94112483 -0.33805925
-0.92524273 -0.37937565
-0.90821000 -0.41851474
-0.89026001 -0.45545265
-0.87160856 -0.49020252
-0.85245057 -0.52280783
-0.83295831 -0.55333575
-0.81328100 -0.58187113
-0.79354534 -0.60851113
-0.77385678 -0.63336062
-0.75430123 -0.65652848
-0.73494696 -0.67812459
-0.71584662 -0.69825756
-0.69703922 -0.71703300
-0.67855200 -0.73455237
-0.66040211 -0.75091215
-0.64259816 -0.76620337
-0.62514154 -0.78051140
-0.60802759 -0.79391589
-0.59124654 -0.80649087
-0.57478432 -0.81830495
-0.55862323 -0.82942154
-0.54274246 -0.83989918
-0.52711843 -0.84979183
-0.51172516 -0.85914921
-0.49653436 -0.86801707
-0.48151558 -0.87643753
-0.46663619 -0.88444936
-0.45186128 -0.89208821
-0.43715351 -0.89938691
-0.42247281 -0.90637560
-0.40752626 -0.91319349
-0.39205849 -0.91994029
-0.37608667 -0.92658449
-0.35963218 -0.93309415
-0.34272068 -0.93943735
-0.32538206 -0.94558263
-0.30765042 -0.95149946
-0.28956383 -0.95715870
-0.27116409 -0.96253314
-0.25249633 -0.96759785
-0.23360862 -0.97233071
-0.21455138 -0.97671270
-0.19537688 -0.98072824
-0.17613854 -0.98436539
-0.15689029 -0.98761604
-0.13768594 -0.99047594
-0.11857848 -0.99294468
-0.09961946 -0.99502561
-0.08085841 -0.99672560
-0.06234234 -0.99805482
-0.04411523 -0.99902645
-0.02621772 -0.99965626
-0.00868678 -0.99996227
0.00844448 -0.99996434
0.02514693 -0.99968377
0.04139544 -0.99914284
0.05716891 -0.99836452
0.07245009 -0.99737204
0.08722550 -0.99618859
0.10148521 -0.99483705
0.11522262 -0.99333969
0.12679072 -0.99192949
0.13470534 -0.99088570
0.13915041 -0.99027126
0.14023891 -0.99011769
0.13801645 -0.99042994
0.13246336 -0.99118790
0.12349526 -0.99234516
0.11096240 -0.99382461
0.09464791 -0.99551081
0.07426602 -0.99723847
0.04946112 -0.99877605
0.01980981 -0.99980377
-0.01517077 -0.99988492
-0.05600348 -0.99843057
-0.10321290 -0.99465929
-0.15725876 -0.98755743
-0.21740930 -0.97608053
-0.28326498 -0.95904168
-0.35557090 -0.93464931
-0.43475396 -0.90054928
-0.52057845 -0.85381384
-0.61164476 -0.79113254
-0.70481774 -0.70938844
-0.79488614 -0.60675862
-0.86983982 -0.49333425
-0.92276616 -0.38536036
-0.95717595 -0.28950682
-0.97794472 -0.20886389
-0.98959578 -0.14387559
-0.99561376 -0.09355881
-0.99840813 -0.05640212
-0.99952346 -0.03086842
-0.99992563 -0.01219567
-0.99999304 0.00373010
-0.99985079 0.01727433
-0.99958725 0.02872860
-0.99926533 0.03832495
-0.99893005 0.04624677
-0.99861370 0.05263715
-0.99833945 0.05760510
-0.99812368 0.06123003
-0.99797770 0.06356499
-0.99790874 0.06463857
-0.99792056 0.06445589
-0.99801362 0.06299853
-0.99818492 0.06022338
-0.99842737 0.05606048
-0.99872864 0.05040943
-0.99902871 0.04406410
-0.99928048 0.03792796
-0.99948659 0.03203984
-0.99965043 0.02643890
-0.99977602 0.02116402
-0.99986791 0.01625324
-0.99993105 0.01174310
-0.99997060 0.00766803
-0.99999176 0.00405972
-0.99999955 0.00094653
-0.99999864 -0.00164706
-0.99999315 -0.00370093
-0.99998648 -0.00519971
-0.99998119 -0.00613308
-0.99997890 -0.00649594
-0.99997837 -0.00657669
-0.99997779 -0.00666440
-0.99997716 -0.00675907
-0.99997647 -0.00686065
-0.99997572 -0.00696912
-0.99997490 -0.00708446
-0.99997403 -0.00720664
-0.99997309 -0.00733566
-0.99997209 -0.00747148
-0.99997101 -0.00761409
-0.99996986 -0.00776347
-0.99996864 -0.00791961
-0.99996734 -0.00808250
-0.99996595 -0.00825213
-0.99996448 -0.00842848
-0.99996292 -0.00861156
-0.99996127 -0.00880134
-0.99995952 -0.00899783
-0.99995767 -0.00920102
-0.99995572 -0.00941091
-0.99995365 -0.00962751
-0.99995148 -0.00985080
-0.99994919 -0.01008079
-0.99994677 -0.01031749
-0.99994423 -0.01056090
-0.99994156 -0.01081103
-0.99993875 -0.01106787
-0.99993580 -0.01133145
-0.99993270 -0.01160178
-0.99992944 -0.01187885
-0.99992603 -0.01216270
-0.99992245 -0.01245332
-0.99991871 -0.01275075
-0.99991478 -0.01305498
-0.99991067 -0.01336605
-0.99990637 -0.01368398
-0.99990187 -0.01400877
-0.99989717 -0.01434046
-0.99989226 -0.01467908
-0.99988712 -0.01502463
-0.99988176 -0.01537716
-0.99987617 -0.01573669
-0.99987033 -0.01610326
-0.99986425 -0.01647688
-0.99985790 -0.01685759
-0.99985129 -0.01724543
-0.99984440 -0.01764044
-0.99983722 -0.01804264
-0.99982975 -0.01845208
-0.99982197 -0.01886879
-0.99981388 -0.01929282
-0.99980546 -0.01972422
-0.99979671 -0.02016301
-0.99978761 -0.02060926
-0.99977815 -0.02106300
-0.99976833 -0.02152428
-0.99975812 -0.02199316
-0.99974752 -0.02246969
-0.99973652 -0.02295392
-0.99972511 -0.02344590
-0.99971326 -0.02394569
-0.99970097 -0.02445335
-0.99968823 -0.02496894
-0.99967743 -0.02539771
-0.99967112 -0.02564476
-0.99966945 -0.02570988
-0.99967245 -0.02559282
-0.99968007 -0.02529329
-0.99969216 -0.02481094
-0.99970846 -0.02414539
-0.99972861 -0.02329620
-0.99975215 -0.02226288
-0.99977853 -0.02104492
-0.99980708 -0.01964174
-0.99983704 -0.01805275
-0.99986752 -0.01627728
-0.99989754 -0.01431466
-0.99992601 -0.01216416
-0.99995173 -0.00982502
-0.99997338 -0.00729647
-0.99998952 -0.00457769
-0.99999861 -0.00166785
-0.99999897 0.00143390
-0.99998882 0.00472843
-0.99996624 0.00821661
-0.99992920 0.01189932
-0.99987553 0.01577744
-0.99980293 0.01985183
-0.99970899 0.02412335
-0.99959114 0.02859284
-0.99944670 0.03326109
-0.99927283 0.03812888
-0.99906658 0.04319693
-0.99882484 0.04846590
-0.99853874 0.05404049
-0.99819684 0.06002557
-0.99779163 0.06642181
-0.99731511 0.07322962
-0.99675872 0.08044907
-0.99611342 0.08807985
-0.99536964 0.09612120
-0.99451733 0.10457186
-0.99354599 0.11343002
-0.99244465 0.12269320
-0.99120194 0.13235826
-0.98980613 0.14242129
-0.98824514 0.15287752
-0.98650663 0.16372132
-0.98457802 0.17494606
-0.98244659 0.18654411
-0.98009953 0.19850672
-0.97752403 0.21082402
-0.97470738 0.22348494
-0.97163705 0.23647717
-0.96830077 0.24978714
-0.96468670 0.26340001
-0.96078350 0.27729961
-0.95658043 0.29146850
-0.95206752 0.30588796
-0.94723565 0.32053802
-0.94207669 0.33539753
-0.93658361 0.35044421
-0.93075056 0.36565474
-0.92457304 0.38100484
-0.91804793 0.39646941
-0.91142889 0.41145762
-0.90499703 0.42541789
-0.89878795 0.43838365
-0.89283280 0.45038828
-0.88715869 0.46146447
-0.88178910 0.47164391
-0.87674426 0.48095687
-0.87204148 0.48943197
-0.86769558 0.49709595
-0.86371910 0.50397352
-0.86012268 0.51008722
-0.85691525 0.51545733
-0.85410428 0.52010179
-0.85169599 0.52403620
-0.84969550 0.52727371
-0.84810697 0.52982504
-0.84693373 0.53169847
-0.84617836 0.53289978
-0.84584277 0.53343229
-0.84592821 0.53329679
-0.84643529 0.53249159
-0.84736402 0.53101244
-0.84871372 0.52885256
-0.85048296 0.52600260
-0.85266954 0.52245063
-0.85527029 0.51818214
-0.85828101 0.51318000
-0.86169622 0.50742451
-0.86550902 0.50089335
-0.86971081 0.49356166
-0.87429104 0.48540208
-0.87923688 0.47638483
-0.88434015 0.46684312
-0.88939833 0.45713303
-0.89440513 0.44725772
-0.89935423 0.43722073
-0.90423933 0.42702603
-0.90905414 0.41667802
-0.91379242 0.40618151
-0.91844800 0.39554174
-0.92301483 0.38476436
-0.92748699 0.37385543
-0.93185870 0.36282140
-0.93612437 0.35166910
-0.94027865 0.34040574
-0.94431638 0.32903886
-0.94823270 0.31757635
-0.95202303 0.30602638
-0.95568309 0.29439742
-0.95920892 0.28269816
-0.96259693 0.27093755
-0.96584388 0.25912468
-0.96894691 0.24726884
-0.97190356 0.23537942
-0.97471175 0.22346589
-0.97736982 0.21153779
-0.97987651 0.19960466
-0.98223098 0.18767603
-0.98443280 0.17576137
-0.98648193 0.16387006
-0.98837875 0.15201136
-0.99012400 0.14019436
-0.99171884 0.12842800
-0.99314003 0.11693114
-0.99437504 0.10591638
-0.99544070 0.09538242
-0.99635299 0.08532717
-0.99712700 0.07574789
-0.99777700 0.06664131
-0.99831637 0.05800370
-0.99875766 0.04983102
-0.99911260 0.04211895
-0.99939210 0.03486301
-0.99960628 0.02805864
-0.99976450 0.02170122
-0.99987539 0.01578616
-0.99994686 0.01030897
-0.99998614 0.00526525
-0.99999979 0.00065079
-0.99999374 -0.00353844
-0.99997331 -0.00730621
-0.99994322 -0.01065606
-0.99990763 -0.01359124
-0.99987015 -0.01611469
-0.99983384 -0.01822905
-0.99980125 -0.01993660
-0.99977442 -0.02123932
-0.99975491 -0.02213881
-0.99974377 -0.02263632
-0.99974158 -0.02273274
-0.99974845 -0.02242861
-0.99976400 -0.02172411
-0.99978740 -0.02061905
-0.99981733 -0.01911291
-0.99984834 -0.01741526
-0.99987618 -0.01573578
-0.99990096 -0.01407383
-0.99992276 -0.01242878
-0.99994168 -0.01080000
-0.99995780 -0.00918689
-0.99997120 -0.00758885
-0.99998197 -0.00600528
-0.99999016 -0.00443561
-0.99999585 -0.00287926
-0.99999911 -0.00133566
-0.99999998 0.00019575
-0.99999853 0.00171553
-0.99999480 0.00322422
-0.99998885 0.00472238
-0.99998071 0.00621054
-0.99997044 0.00768925
-0.99995806 0.00915905
-0.99994360 0.01062047
-0.99992711 0.01207405
-0.99990860 0.01352032
-0.99988810 0.01495982
-0.99986562 0.01639309
-0.99984120 0.01782067
-0.99981483 0.01924310
-0.99978654 0.02066093
-0.99975632 0.02207471
-0.99972419 0.02348499
-0.99969014 0.02489234
-0.99965417 0.02629733
-0.99961627 0.02770053
-0.99959970 0.02829194
-0.99962867 0.02724932
-0.99969818 0.02456727
-0.99979480 0.02025713
-0.99989707 0.01434716
-0.99997632 0.00688244
-0.99999785 -0.00207551
-0.99992250 -0.01244946
-0.99970841 -0.02414751
-0.99931287 -0.03706455
-0.99869436 -0.05108403
-0.99781432 -0.06608009
-0.99663891 -0.08191997
-0.99514036 -0.09846660
-0.99329803 -0.11558128
-0.99109907 -0.13312638
-0.98889945 -0.14858624
-0.98714525 -0.15982569
-0.98592446 -0.16719137
-0.98528435 -0.17092323
-0.98524221 -0.17116598
-0.98579092 -0.16797695
-0.98690044 -0.16133050
-0.98851552 -0.15111935
-0.99054986 -0.13715313
-0.99287569 -0.11915477
-0.99530817 -0.09675563
-0.99758260 -0.06949071
-0.99932276 -0.03679698
-0.99999804 0.00198062
-0.99886805 0.04756696
-0.99491627 0.10070558
-0.98740861 0.15819052
-0.97643526 0.21581053
-0.96208869 0.27273679
-0.94462497 0.32815189
-0.92444913 0.38130539
-0.90208389 0.43156072
-0.87812738 0.47842690
-0.85320728 0.52157199
-0.82793844 0.56081899
-0.80288921 0.59612828
-0.77855875 0.62757173
-0.75536551 0.65530371
-0.73364485 0.67953310
-0.71365353 0.70049885
-0.69557826 0.71845034
-0.67954630 0.73363263
-0.66582491 0.74610803
-0.65463145 0.75594819
-0.64596112 0.76337031
-0.63979068 0.76854921
-0.63608523 0.77161881
-0.63480275 0.77267423
-0.63589677 0.77177412
-0.63931739 0.76894296
-0.64501102 0.76417327
-0.65291881 0.75742790
-0.66297413 0.74864231
-0.67509893 0.73772721
-0.68919935 0.72457177
-0.70516050 0.70904772
-0.72284078 0.69101462
-0.74097166 0.67153629
-0.75841539 0.65177151
-0.77520129 0.63171430
-0.79135628 0.61135525
-0.80690463 0.59068174
-0.82186785 0.56967819
-0.83626448 0.54832629
-0.85010998 0.52660519
-0.86341653 0.50449172
-0.87619289 0.48196060
-0.88844423 0.45898459
-0.90017191 0.43553477
-0.91137331 0.41158071
-0.92204162 0.38709076
-0.93216556 0.36203229
-0.94172917 0.33637207
-0.95071157 0.31007661
-0.95908667 0.28311262
-0.96682293 0.25544751
-0.97388310 0.22705000
-0.98022406 0.19789084
-0.98579661 0.16794357
-0.99054538 0.13718549
-0.99440883 0.10559869
-0.99731940 0.07317118
-0.99920375 0.03989822
-0.99998327 0.00578364
-0.99957480 -0.02915866
-0.99789156 -0.06490327
-0.99484454 -0.10141175
-0.99034406 -0.13863131
-0.98442150 -0.17582466
-0.97721619 -0.21224637
-0.96880373 -0.24782924
-0.95926186 -0.28251847
-0.94866885 -0.31627112
-0.93710207 -0.34905544
-0.92463684 -0.38084998
-0.91134536 -0.41164261
-0.89729596 -0.44142945
-0.88255250 -0.47021386
-0.86717398 -0.49800531
-0.85121421 -0.52481841
-0.83472177 -0.55067192
-0.81773994 -0.57558787
-0.80030677 -0.59959075
-0.78245529 -0.62270677
-0.76421361 -0.64496322
-0.74560527 -0.66638787
-0.72664939 -0.68700849
-0.70736103 -0.70685244
-0.68775146 -0.72594623
-0.66782841 -0.74431527
-0.64759638 -0.76198355
-0.62705694 -0.77897342
-0.60620895 -0.79530542
-0.58504886 -0.81099804
-0.56357097 -0.82606765
-0.54176764 -0.84052830
-0.51962957 -0.85439166
-0.49714602 -0.86766689
-0.47430506 -0.88036056
-0.45130636 -0.89236908
-0.42836590 -0.90360536
-0.40549288 -0.91409820
-0.38269320 -0.92387549
-0.35996977 -0.93296397
-0.33732276 -0.94138906
-0.31474980 -0.94917467
-0.29224628 -0.95634309
-0.26980550 -0.96291484
-0.24741896 -0.96890859
-0.22507645 -0.97434111
-0.20276632 -0.97922715
-0.18047556 -0.98357947
-0.15819003 -0.98740869
-0.13589456 -0.99072331
-0.11357308 -0.99352965
-0.09120875 -0.99583179
-0.06878413 -0.99763157
-0.04628123 -0.99892845
-0.02368170 -0.99971955
-0.00096689 -0.99999953
0.02188194 -0.99976056
0.04488355 -0.99899223
0.06805653 -0.99768147
0.09141910 -0.99581251
0.11498900 -0.99336677
0.13878319 -0.99032279
0.16281767 -0.98665617
0.18710717 -0.98233951
0.21166485 -0.97734231
0.23650198 -0.97163101
0.26162751 -0.96516892
0.28694944 -0.95794573
0.31233910 -0.94997068
0.33774685 -0.94123699
0.36312130 -0.93174188
0.38840971 -0.92148679
0.41355849 -0.91047755
0.43851374 -0.89872449
0.46322175 -0.88624241
0.48762962 -0.87305060
0.51168576 -0.85917267
0.53534046 -0.84463636
0.55854639 -0.82947328
0.58125907 -0.81371856
0.60343730 -0.79741045
0.62504352 -0.78058991
0.64604407 -0.76330011
0.66640948 -0.74558595
0.68611452 -0.72749355
0.70513837 -0.70906973
0.72346454 -0.69036154
0.74108087 -0.67141578
0.75797935 -0.65227855
0.77415596 -0.63299490
0.78961049 -0.61360841
0.80434618 -0.59416094
0.81836955 -0.57469234
0.83168999 -0.55524027
0.84431952 -0.53584004
0.85627243 -0.51652447
0.86756497 -0.49732387
0.87821505 -0.47826597
0.88830502 -0.45925395
0.89796254 -0.44007190
0.90726167 -0.42056661
0.91626105 -0.40058169
0.92500522 -0.37995440
0.93352502 -0.35851226
0.94183717 -0.33606956
0.94994288 -0.31242363
0.95782540 -0.28735083
0.96544625 -0.26060225
0.97273981 -0.23189925
0.97960579 -0.20092906
0.98589914 -0.16734065
0.99141643 -0.13074196
0.99587832 -0.09069939
0.99890700 -0.04674200
0.99999997 0.00023689
0.99881114 0.04874735
0.99515427 0.09832586
0.98892129 0.14844085
0.98009746 0.19851692
0.96876898 0.24796503
0.95512124 0.29621515
0.93942760 0.34274740
0.92203040 0.38711749
0.90331688 0.42897391
0.88369369 0.46806566
0.86356302 0.50424093
0.84330287 0.53743861
0.82325278 0.56767496
0.80370507 0.59502787
0.78490127 0.61962084
0.76724591 0.64135304
0.75100067 0.66030144
0.73613757 0.67683194
0.72261439 0.69125136
0.71038256 0.70381575
0.69939260 0.71473771
0.68959773 0.72419263
0.68095641 0.73232395
0.67343405 0.73924731
0.66700433 0.74505384
0.66165028 0.74981258
0.65736523 0.75357213
0.65415394 0.75636144
0.65203377 0.75818993
0.65103630 0.75904660
0.65120925 0.75889822
0.65090890 0.75915585
0.64837008 0.76132531
0.64347735 0.76546515
0.63612562 0.77158551
0.62622541 0.77964206
0.61370987 0.78953163
0.59854346 0.80109033
0.58073153 0.81409514
0.56032990 0.82826952
0.53745311 0.84329364
0.51227960 0.85881873
0.48505251 0.87448502
0.45607507 0.88994131
0.42570024 0.90486425
0.39431560 0.91897509
0.36326107 0.93168739
0.33335206 0.94280242
0.30422923 0.95259885
0.27555930 0.96128407
0.24702662 0.96900869
0.21832483 0.97587615
0.18914902 0.98194839
0.15918800 0.98724829
0.12811672 0.99175910
0.09558876 0.99542091
0.06122892 0.99812375
0.02462629 0.99969673
-0.01467163 0.99989237
-0.05716219 0.99836491
-0.10338597 0.99464131
-0.15391581 0.98808397
-0.20671597 0.97840099
-0.25882530 0.96592415
-0.30944995 0.95091573
-0.35785369 0.93377767
-0.40340423 0.91502187
-0.44560518 0.89522959
-0.48411038 0.87500694
-0.51872098 0.85494359
-0.54936908 0.83557981
-0.57609298 0.81738417
-0.59900918 0.80074215
-0.61828534 0.78595372
-0.63411669 0.77323736
-0.64670740 0.76273819
-0.65625675 0.75453766
-0.66295007 0.74866361
-0.66773726 0.74439704
-0.67150243 0.74100235
-0.67430820 0.73845003
-0.67620498 0.73671353
-0.67723229 0.73576928
-0.67741981 0.73559662
-0.67678827 0.73617772
-0.67535001 0.73749736
-0.67310960 0.73954274
-0.67006411 0.74230323
-0.66620341 0.74577009
-0.66151025 0.74993612
-0.65596035 0.75479535
-0.64952231 0.76034253
-0.64215753 0.76657270
-0.63381999 0.77348059
-0.62445612 0.78105989
-0.61400448 0.78930254
-0.60239565 0.79819765
-0.58955195 0.80773046
-0.57538743 0.81788098
-0.55980791 0.82862241
-0.54271124 0.83991935
-0.52398789 0.85172572
-0.50352196 0.86398243
-0.48119277 0.87661481
-0.45687706 0.88952985
-0.43045219 0.90261338
-0.40180028 0.91572733
-0.37081360 0.92870731
-0.33740121 0.94136094
-0.30299767 0.95299130
-0.26923903 0.96307339
-0.23633918 0.97167062
-0.20448946 0.97886877
-0.17385611 0.98477107
-0.14457905 0.98949325
-0.11677206 0.99315874
-0.09052388 0.99589429
-0.06590021 0.99782622
-0.04294618 0.99907739
-0.02168909 0.99976476
-0.00214138 0.99999771
0.01569662 0.99987680
0.03183395 0.99949317
0.04628666 0.99892820
0.05907560 0.99825351
0.07022459 0.99753121
0.07975883 0.99681419
0.08770364 0.99614661
0.09408338 0.99556432
0.09892069 0.99509532
0.10223587 0.99476019
0.10404646 0.99457244
0.10436701 0.99453885
0.10320897 0.99465969
0.10058078 0.99492890
0.09648796 0.99533415
0.09093348 0.99585697
0.08391818 0.99647265
0.07544129 0.99715025
0.06550117 0.99785249
0.05508106 0.99848189
0.04516579 0.99897951
0.03575525 0.99936058
0.02684873 0.99963951
0.01844498 0.99982988
0.01054231 0.99994443
0.00313870 0.99999507
-0.00376809 0.99999290
-0.01018048 0.99994818
-0.01610096 0.99987037
-0.02153203 0.99976816
-0.02647614 0.99964945
-0.03093563 0.99952138
-0.03491271 0.99939037
-0.03840935 0.99926209
-0.04142731 0.99914152
-0.04396806 0.99903294
-0.04603278 0.99893993
-0.04762232 0.99886541
-0.04873717 0.99881164
-0.04937748 0.99878019
-0.04954301 0.99877199
-0.04923315 0.99878731
-0.04844689 0.99882576
-0.04718285 0.99888627
-0.04543926 0.99896710
-0.04321399 0.99906584
-0.04050454 0.99917935
-0.03730809 0.99930381
-0.03362150 0.99943464
-0.02944132 0.99956651
-0.02508192 0.99968540
-0.02086109 0.99978238
-0.01678032 0.99985920
-0.01284104 0.99991755
-0.00904458 0.99995910
-0.00539220 0.99998546
-0.00188511 0.99999822
0.00147557 0.99999891
0.00468879 0.99998901
0.00775353 0.99996994
0.01066887 0.99994309
0.01343393 0.99990976
0.01604789 0.99987122
0.01850998 0.99982868
0.02081950 0.99978325
0.02297578 0.99973602
0.02497821 0.99968800
0.02682623 0.99964011
0.02851932 0.99959324
0.03005700 0.99954819
0.03143883 0.99950568
0.03266442 0.99946638
0.03373342 0.99943087
0.03464552 0.99939966
0.03540043 0.99937321
0.03599792 0.99935186
0.03643777 0.99933592
0.03671982 0.99932560
0.03684392 0.99932103
0.03680999 0.99932228
0.03661795 0.99932934
0.03626777 0.99934211
0.03575946 0.99936043
0.03509305 0.99938405
0.03426861 0.99941266
0.03328626 0.99944586
0.03214615 0.99948318
0.03084846 0.99952407
0.02939342 0.99956792
0.02778129 0.99961403
0.02601239 0.99966162
0.02408708 0.99970986
0.02200574 0.99975784
0.01976883 0.99980458
0.01737684 0.99984901
0.01483033 0.99989002
0.01212990 0.99992643
0.00927621 0.99995698
0.00626997 0.99998034
0.00311196 0.99999516
-0.00019697 0.99999998
-0.00365591 0.99999332
-0.00726390 0.99997362
-0.01101987 0.99993928
-0.01492270 0.99988865
-0.01897121 0.99982003
-0.02316410 0.99973168
-0.02750002 0.99962180
-0.03197753 0.99948859
-0.03659509 0.99933018
-0.04135109 0.99914468
-0.04624382 0.99893018
-0.05127147 0.99868475
-0.05646016 0.99840485
-0.06183851 0.99808617
-0.06740854 0.99772546
-0.07317236 0.99731931
-0.07913222 0.99686413
-0.08529043 0.99635613
-0.09164943 0.99579133
-0.09821172 0.99516554
-0.10497988 0.99447435
-0.11195655 0.99371310
-0.11914442 0.99287693
-0.12654621 0.99196071
-0.13416466 0.99095905
-0.14200254 0.98986629
-0.15006258 0.98867650
-0.15834750 0.98738345
-0.16685997 0.98598060
-0.17560258 0.98446114
-0.18457784 0.98281790
-0.19378813 0.98104340
-0.20323570 0.97912984
-0.21292262 0.97706906
-0.22285075 0.97485257
-0.23302171 0.97247153
-0.24343685 0.96991675
-0.25409720 0.96717869
-0.26500344 0.96424747
-0.27615584 0.96111287
-0.28755424 0.95776435
-0.29919798 0.95419106
-0.31108585 0.95038182
-0.32321605 0.94632520
-0.33558614 0.94200952
-0.34819297 0.93742288
-0.36103263 0.93255318
-0.37410039 0.92738822
-0.38739065 0.92191566
-0.40089689 0.91612318
-0.41461161 0.90999847
-0.42852628 0.90352932
-0.44263129 0.89670371
-0.45691592 0.88950989
-0.47136829 0.88193647
-0.48597534 0.87397252
-0.50072282 0.86560768
-0.51559524 0.85683228
-0.53057592 0.84763742
-0.54564698 0.83801514
-0.56078935 0.82795852
-0.57598284 0.81746178
-0.59120619 0.80652045
-0.60643711 0.79513145
-0.62165243 0.78329321
-0.63682813 0.77100579
-0.65193953 0.75827096
-0.66696138 0.74509229
-0.68186803 0.73147521
-0.69663359 0.71742710
-0.71123211 0.70295724
-0.72563775 0.68807693
-0.73982499 0.67279936
-0.75376881 0.65713970
-0.76744487 0.64111494
-0.78064002 0.62498092
-0.79318103 0.60898593
-0.80510303 0.59313499
-0.81643971 0.57743069
-0.82722319 0.56187347
-0.83748403 0.54646180
-0.84725116 0.53119250
-0.85655193 0.51606084
-0.86541210 0.50106077
-0.87385589 0.48618503
-0.88190597 0.47142534
-0.88958357 0.45677245
-0.89690846 0.44221624
-0.90389904 0.42774587
-0.91057233 0.41334976
-0.91694410 0.39901568
-0.92302882 0.38473080
-0.92883976 0.37048170
-0.93438900 0.35625440
-0.93968744 0.34203438
-0.94474487 0.32780655
-0.94956995 0.31355528
-0.95417023 0.29926439
-0.95855216 0.28491710
-0.96272109 0.27049604
-0.96668123 0.25598319
-0.97043568 0.24135988
-0.97398634 0.22660674
-0.97733391 0.21170362
-0.98047784 0.19662961
-0.98341623 0.18136295
-0.98614578 0.16588099
-0.98861255 0.15048329
-0.99077624 0.13550810
-0.99265391 0.12098851
-0.99426382 0.10695537
-0.99562517 0.09343723
-0.99675781 0.08046035
-0.99768201 0.06804860
-0.99841820 0.05622355
-0.99898678 0.04500453
-0.99940785 0.03440865
-0.99970103 0.02445096
-0.99988531 0.01514453
-0.99997887 0.00650059
-0.99999892 -0.00147138
-0.99996160 -0.00876343
-0.99988189 -0.01536910
-0.99977349 -0.02128323
-0.99964876 -0.02650186
-0.99951870 -0.03102209
-0.99939283 -0.03484199
-0.99927924 -0.03796050
-0.99918450 -0.04037737
-0.99911370 -0.04209302
-0.99907039 -0.04310856
-0.99905666 -0.04342572
-0.99907306 -0.04304678
-0.99911868 -0.04197465
-0.99919114 -0.04021278
-0.99928664 -0.03776520
-0.99939997 -0.03463659
-0.99952457 -0.03083226
-0.99963769 -0.02691650
-0.99972507 -0.02344742
-0.99979146 -0.02042162
-0.99984093 -0.01783588
-0.99987695 -0.01568712
-0.99990238 -0.01397245
-0.99991949 -0.01268917
-0.99992997 -0.01183480
-0.99993494 -0.01140707
-0.99993497 -0.01140392
-0.99993010 -0.01182351
-0.99991981 -0.01266424
-0.99990305 -0.01392467
-0.99987826 -0.01560362
-0.99984334 -0.01770004
-0.99979569 -0.02021309
-0.99973219 -0.02314208
-0.99964917 -0.02648643
-0.99954249 -0.03024571
-0.99940747 -0.03441954
-0.99923891 -0.03900760
-0.99903111 -0.04400961
-0.99877783 -0.04942524
-0.99847232 -0.05525414
-0.99810734 -0.06149583
-0.99767511 -0.06814971
-0.99716734 -0.07521499
-0.99657527 -0.08269062
-0.99588961 -0.09057525
-0.99510064 -0.09886721
-0.99419812 -0.10756437
-0.99317885 -0.11660093
-0.99204095 -0.12591569
-0.99077556 -0.13551303
-0.98937335 -0.14539729
-0.98782444 -0.15557276
-0.98611842 -0.16604356
-0.98424434 -0.17681368
-0.98219068 -0.18788687
-0.97994531 -0.19926662
-0.97749554 -0.21095608
-0.97482805 -0.22295800
-0.97192893 -0.23527465
-0.96878364 -0.24790777
-0.96537706 -0.26085847
-0.96169346 -0.27412712
-0.95771658 -0.28771332
-0.95342957 -0.30161574
-0.94881512 -0.31583204
-0.94385544 -0.33035877
-0.93853236 -0.34519126
-0.93282741 -0.36032349
-0.92672187 -0.37574801
-0.92019691 -0.39145580
-0.91323369 -0.40743616
-0.90581351 -0.42367662
-0.89791795 -0.44016287
-0.88952905 -0.45687861
-0.88062950 -0.47380553
-0.87120283 -0.49092324
-0.86123365 -0.50820921
-0.85070784 -0.52563882
-0.83975611 -0.54296379
-0.82852345 -0.55995437
-0.81701785 -0.57661237
-0.80524669 -0.59293994
-0.79321670 -0.60893946
-0.78093400 -0.62461355
-0.76840409 -0.63996496
-0.75563188 -0.65499653
-0.74262170 -0.66971114
-0.72937728 -0.68411167
-0.71590185 -0.69820093
-0.70219809 -0.71198163
-0.68826818 -0.72545635
-0.67411383 -0.73862747
-0.65973630 -0.75149718
-0.64513643 -0.76406740
-0.63031467 -0.77633975
-0.61527112 -0.78831558
-0.60000553 -0.79999585
-0.58451738 -0.81138119
-0.56880587 -0.82247181
-0.55286999 -0.83326753
-0.53670855 -0.84376770
-0.52032019 -0.85397125
-0.50370345 -0.86387663
-0.48685682 -0.87348179
-0.46977874 -0.88278420
-0.45246769 -0.89178080
-0.43492220 -0.90046803
-0.41714093 -0.90884181
-0.39912270 -0.91689753
-0.38086652 -0.92463003
-0.36268725 -0.93191092
-0.34491814 -0.93863277
-0.32758350 -0.94482223
-0.31070435 -0.95050661
-0.29429859 -0.95571352
-0.27838124 -0.96047066
-0.26296459 -0.96480549
-0.24805844 -0.96874507
-0.23367038 -0.97231587
-0.21980591 -0.97554362
-0.20646879 -0.97845319
-0.19366116 -0.98106848
-0.18138380 -0.98341238
-0.16963630 -0.98550673
-0.15841730 -0.98737225
-0.14772460 -0.98902854
-0.13755536 -0.99049408
-0.12790624 -0.99178626
-0.11877357 -0.99292137
-0.11015341 -0.99391460
-0.10204172 -0.99478012
-0.09443445 -0.99553108
-0.08732764 -0.99617964
-0.08071747 -0.99673702
-0.07460039 -0.99721351
-0.06897317 -0.99761852
-0.06383293 -0.99796060
-0.05917725 -0.99824749
-0.05500420 -0.99848612
-0.05131239 -0.99868265
-0.04810099 -0.99884248
-0.04515949 -0.99897979
-0.04227804 -0.99910588
-0.03945734 -0.99922126
-0.03669803 -0.99932640
-0.03400076 -0.99942181
-0.03136615 -0.99950796
-0.02879481 -0.99958534
-0.02628730 -0.99965443
-0.02384422 -0.99971569
-0.02146609 -0.99976958
-0.01915344 -0.99981656
-0.01690680 -0.99985707
-0.01472665 -0.99989156
-0.01261346 -0.99992045
-0.01056769 -0.99994416
-0.00858978 -0.99996311
-0.00668015 -0.99997769
-0.00483921 -0.99998829
-0.00306734 -0.99999530
-0.00136491 -0.99999907
0.00026773 -0.99999996
0.00183023 -0.99999833
0.00332228 -0.99999448
0.00474358 -0.99998875
0.00609383 -0.99998143
0.00737277 -0.99997282
0.00858014 -0.99996319
0.00971569 -0.99995280
0.01077921 -0.99994190
0.01177049 -0.99993073
0.01268933 -0.99991949
0.01353554 -0.99990839
0.01430898 -0.99989762
0.01500948 -0.99988735
0.01563691 -0.99987774
0.01619115 -0.99986891
0.01667210 -0.99986101
0.01707967 -0.99985413
0.01741377 -0.99984837
0.01767434 -0.99984380
0.01786134 -0.99984047
0.01797473 -0.99983844
0.01801450 -0.99983773
0.01798062 -0.99983834
0.01787312 -0.99984026
0.01769201 -0.99984348
0.01743733 -0.99984796
0.01710913 -0.99985363
0.01670748 -0.99986042
0.01623245 -0.99986825
0.01568414 -0.99987700
0.01506265 -0.99988655
0.01436810 -0.99989677
0.01360064 -0.99990751
0.01276042 -0.99991858
0.01184759 -0.99992981
0.01086234 -0.99994100
0.00980487 -0.99995193
0.00867539 -0.99996237
0.00747412 -0.99997207
0.00620131 -0.99998077
0.00485720 -0.99998820
0.00344208 -0.99999408
0.00202800 -0.99999794
0.00068668 -0.99999976
-0.00058209 -0.99999983
-0.00177851 -0.99999842
-0.00290278 -0.99999579
-0.00395507 -0.99999218
-0.00493557 -0.99998782
-0.00584445 -0.99998292
-0.00668189 -0.99997768
-0.00744803 -0.99997226
-0.00814303 -0.99996684
-0.00876704 -0.99996157
-0.00932018 -0.99995657
-0.00980259 -0.99995195
-0.01021439 -0.99994783
-0.01055568 -0.99994429
-0.01082658 -0.99994139
-0.01102718 -0.99993920
-0.01115756 -0.99993775
-0.01121781 -0.99993708
-0.01120799 -0.99993719
-0.01112818 -0.99993808
-0.01097842 -0.99993974
-0.01075877 -0.99994212
-0.01046925 -0.99994520
-0.01010991 -0.99994889
-0.00968077 -0.99995314
-0.00918184 -0.99995785
-0.00861312 -0.99996291
-0.00797463 -0.99996820
-0.00726635 -0.99997360
-0.00648827 -0.99997895
-0.00564037 -0.99998409
-0.00472261 -0.99998885
-0.00373497 -0.99999302
-0.00267740 -0.99999642
-0.00154986 -0.99999880
-0.00035228 -0.99999994
0.00091539 -0.99999958
0.00225321 -0.99999746
0.00366127 -0.99999330
0.00513962 -0.99998679
0.00668837 -0.99997763
0.00830758 -0.99996549
0.00999735 -0.99995003
0.01175778 -0.99993087
0.01358896 -0.99990767
0.01549098 -0.99988001
0.01746396 -0.99984749
0.01950800 -0.99980970
0.02162320 -0.99976619
0.02380968 -0.99971651
0.02606753 -0.99966018
0.02839687 -0.99959673
0.03079781 -0.99952563
0.03327046 -0.99944638
0.03581492 -0.99935844
0.03843130 -0.99926124
0.04111970 -0.99915423
0.04388021 -0.99903680
0.04671295 -0.99890835
0.04961799 -0.99876827
0.05259543 -0.99861590
0.05595193 -0.99843346
0.05999594 -0.99819862
0.06473071 -0.99790277
0.07016007 -0.99753575
0.07628834 -0.99708580
0.08312022 -0.99653953
0.09066067 -0.99588184
0.09891472 -0.99509591
0.10788736 -0.99416312
0.11758329 -0.99306302
0.12800673 -0.99177330
0.13916119 -0.99026974
0.15104916 -0.98852625
0.16367185 -0.98651484
0.17702887 -0.98420566
0.19111785 -0.98156710
0.20593409 -0.97856586
0.22147020 -0.97516714
0.23771564 -0.97133479
0.25465635 -0.96703161
0.27227437 -0.96221966
0.29054738 -0.95686061
0.30944840 -0.95091624
0.32894542 -0.94434893
0.34900118 -0.93712228
0.36957296 -0.92920171
0.39061247 -0.92055521
0.41206589 -0.91115405
0.43387402 -0.90097355
0.45597254 -0.88999384
0.47829250 -0.87820060
0.50026536 -0.86587215
0.52138721 -0.85332021
0.54168446 -0.84058191
0.56118523 -0.82769024
0.57991884 -0.81467425
0.59791540 -0.80155922
0.61520538 -0.78836688
0.63181933 -0.77511569
0.64778759 -0.76182100
0.66314006 -0.74849533
0.67790604 -0.73514855
0.69211408 -0.72178813
0.70579185 -0.70841928
0.71896606 -0.69504518
0.73166242 -0.68166715
0.74390556 -0.66828475
0.75571905 -0.65489596
0.76712530 -0.64149729
0.77814566 -0.62808386
0.78880032 -0.61464954
0.79910838 -0.60118699
0.80908784 -0.58768773
0.81875560 -0.57414219
0.82812749 -0.56053979
0.83721826 -0.54686889
0.84604159 -0.53311690
0.85461011 -0.51927022
0.86293539 -0.50531427
0.87102794 -0.49123348
0.87889717 -0.47701129
0.88655142 -0.46263007
0.89394241 -0.44818184
0.90101762 -0.43378249
0.90777886 -0.41944908
0.91422888 -0.40519817
0.92037126 -0.39104570
0.92621041 -0.37700700
0.93175146 -0.36309670
0.93700023 -0.34932873
0.94196316 -0.33571627
0.94664720 -0.32227174
0.95105983 -0.30900680
0.95520891 -0.29593232
0.95910268 -0.28305839
0.96274965 -0.27039435
0.96615860 -0.25794876
0.96933845 -0.24572945
0.97229829 -0.23374354
0.97504725 -0.22199743
0.97759453 -0.21049687
0.97994930 -0.19924699
0.98212070 -0.18825228
0.98411779 -0.17751669
0.98594951 -0.16704361
0.98762467 -0.15683595
0.98915192 -0.14689614
0.99053974 -0.13722621
0.99179638 -0.12782775
0.99292992 -0.11870204
0.99394817 -0.10985002
0.99485874 -0.10127233
0.99566897 -0.09296938
0.99638595 -0.08494133
0.99701732 -0.07717811
0.99756986 -0.06967335
0.99804920 -0.06243225
0.99846094 -0.05545951
0.99881056 -0.04875931
0.99910346 -0.04233538
0.99934489 -0.03619095
0.99953998 -0.03032882
0.99969364 -0.02475133
0.99981063 -0.01946044
0.99989548 -0.01445769
0.99995252 -0.00974422
0.99998584 -0.00532083
0.99999929 -0.00118799
0.99999648 0.00265418
0.99998074 0.00620585
0.99995518 0.00946749
0.99992262 0.01243983
0.99988563 0.01512388
0.99984650 0.01752086
0.99980727 0.01963224
0.99976971 0.02145969
0.99973535 0.02300508
0.99970543 0.02427048
0.99968096 0.02525813
0.99966271 0.02597044
0.99965120 0.02640998
0.99964670 0.02657946
0.99964930 0.02648175
0.99965882 0.02611986
0.99967490 0.02549691
0.99970646 0.02422794
0.99975957 0.02192738
0.99982717 0.01859095
0.99989910 0.01420562
0.99996172 0.00874966
0.99999760 0.00219244
0.99998484 -0.00550575
0.99989640 -0.01439407
0.99969906 -0.02453154
0.99935224 -0.03598756
0.99880650 -0.04884243
0.99800165 -0.06318789
0.99686449 -0.07912764
0.99530603 -0.09677758
0.99321812 -0.11626592
0.99046943 -0.13773272
0.98694484 -0.16105865
0.98255976 -0.18594707
0.97721553 -0.21224942
0.97082817 -0.23977627
0.96333539 -0.26830008
0.95470293 -0.29756060
0.94492980 -0.32727308
0.93405141 -0.35713858
0.92214018 -0.38685589
0.90930347 -0.41613364
0.89567869 -0.44470179
0.88142649 -0.47232123
0.86672237 -0.49879087
0.85174798 -0.52395169
0.83668271 -0.54768790
0.82254704 -0.56869708
0.81026118 -0.58606896
0.79981996 -0.60023997
0.79119453 -0.61156456
0.78434457 -0.62032540
0.77922632 -0.62674264
0.77579774 -0.63098167
0.77402148 -0.63315933
0.77386662 -0.63334860
0.77530917 -0.63158189
0.77833187 -0.62785309
0.78292318 -0.62211839
0.78907563 -0.61429606
0.79678313 -0.60426538
0.80603737 -0.59186465
0.81682270 -0.57688878
0.82680344 -0.56249095
0.83375108 -0.55214051
0.83774401 -0.54606316
0.83877226 -0.54448241
0.83672173 -0.54762830
0.83135616 -0.55573999
0.82229634 -0.56905951
0.80899687 -0.58781294
0.79072343 -0.61217355
0.76653723 -0.64219987
0.73530005 -0.67774172
0.69572169 -0.71831145
0.64648093 -0.76293014
0.58645140 -0.80998442
0.51504163 -0.85716516
0.43834802 -0.89880533
0.36412866 -0.93134866
0.29447923 -0.95565788
0.23082155 -0.97299610
0.17394025 -0.98475621
0.12411104 -0.99226834
0.08125516 -0.99669333
0.04507892 -0.99898343
0.01518138 -0.99988476
-0.00887119 -0.99996065
-0.02749845 -0.99962185
-0.04107926 -0.99915589
-0.04993853 -0.99875229
-0.05434260 -0.99852235
-0.05449996 -0.99851377
-0.05056490 -0.99872078
-0.04488106 -0.99899234
-0.03969073 -0.99921201
-0.03496252 -0.99938862
-0.03066938 -0.99952958
-0.02678819 -0.99964113
-0.02329939 -0.99972853
-0.02018669 -0.99979623
-0.01743687 -0.99984797
-0.01503958 -0.99988690
-0.01298724 -0.99991566
-0.01127498 -0.99993644
-0.00990064 -0.99995099
-0.00886480 -0.99996071
-0.00817089 -0.99996662
-0.00782534 -0.99996938
-0.00783786 -0.99996928
-0.00798365 -0.99996813
-0.00802706 -0.99996778
-0.00796426 -0.99996828
-0.00779183 -0.99996964
-0.00750674 -0.99997182
-0.00710642 -0.99997475
-0.00658883 -0.99997829
-0.00595247 -0.99998228
-0.00519643 -0.99998650
-0.00432041 -0.99999067
-0.00332477 -0.99999447
-0.00221051 -0.99999756
-0.00097929 -0.99999952
0.00036654 -0.99999993
0.00182402 -0.99999834
0.00338952 -0.99999426
0.00505883 -0.99998720
0.00682717 -0.99997669
0.00868925 -0.99996225
0.01063928 -0.99994340
0.01267109 -0.99991972
0.01477815 -0.99989080
0.01695364 -0.99985628
0.01919053 -0.99981584
0.02148164 -0.99976924
0.02381971 -0.99971627
0.02619747 -0.99965679
0.02860768 -0.99959072
0.03104323 -0.99951804
0.03349715 -0.99943881
0.03596272 -0.99935313
0.03781918 -0.99928460
0.03848363 -0.99925923
0.03799235 -0.99927803
0.03636442 -0.99933860
0.03360269 -0.99943527
0.02969427 -0.99955903
0.02461061 -0.99969711
0.01830696 -0.99983241
0.01072154 -0.99994252
0.00177407 -0.99999843
-0.00863607 -0.99996271
-0.02063237 -0.99978713
-0.03436421 -0.99940938
-0.05001056 -0.99874869
-0.06778443 -0.99769999
-0.08793776 -0.99612597
-0.10814155 -0.99413551
-0.12540395 -0.99210577
-0.13913178 -0.99027388
-0.14893058 -0.98884765
-0.15463429 -0.98797178
-0.15630411 -0.98770898
-0.15420057 -0.98803957
-0.14873751 -0.98887671
-0.10625316 -0.99433911
-0.05836864 -0.99829510
-0.02201168 0.99975771
-0.00486144 -0.99998818
-0.00425914 -0.99999093
-0.01869663 0.99982520
-0.05902072 -0.99825676
-0.05065003 -0.99871646
-0.04228404 -0.99910563
-0.03399082 -0.99942215
-0.02584506 -0.99966596
-0.01792700 -0.99983930
-0.01032074 -0.99994674
-0.00311237 -0.99999516
0.00361239 -0.99999348
0.00977068 -0.99995227
0.01528517 -0.99988318
0.02008657 -0.99979824
0.02411608 -0.99970916
0.02732742 -0.99962654
0.02968830 -0.99955921
0.03118148 -0.99951374
0.03180501 -0.99949409
0.03162965 -0.99949966
0.03073088 -0.99952770
0.02912232 -0.99957586
0.02681399 -0.99964044
0.02381249 -0.99971644
0.02012126 -0.99979755
0.01574069 -0.99987611
0.01066829 -0.99994309
0.00489882 -0.99998800
-0.00157558 -0.99999876
-0.00876534 -0.99996158
-0.01668329 -0.99986082
-0.02534462 -0.99967877
-0.03476673 -0.99939545
-0.04496913 -0.99898838
-0.05552512 -0.99845729
-0.06599115 -0.99782021
-0.07636306 -0.99708008
-0.08663685 -0.99623996
-0.09680873 -0.99530300
-0.10687509 -0.99427246
-0.11683249 -0.99315163
-0.12667768 -0.99194393
-0.13640763 -0.99065279
-0.14601946 -0.98928172
-0.15551049 -0.98783424
-0.16487824 -0.98631393
-0.17412041 -0.98472437
-0.18323486 -0.98306917
-0.19221967 -0.98135192
-0.20107307 -0.97957625
-0.20979346 -0.97774573
-0.21837941 -0.97586394
-0.22682967 -0.97393444
-0.23514313 -0.97196075
-0.24331884 -0.96994636
-0.25135599 -0.96789471
-0.25925393 -0.96580919
-0.26701213 -0.96369317
-0.27463018 -0.96154993
-0.28210782 -0.95938271
-0.28944490 -0.95719468
-0.29664136 -0.95498896
-0.30369726 -0.95276858
-0.31061278 -0.95053653
-0.31738816 -0.94829571
-0.32402373 -0.94604895
-0.33051993 -0.94379901
-0.33687724 -0.94154858
-0.34309623 -0.93930026
-0.34917753 -0.93705659
-0.35512183 -0.93482003
-0.36092985 -0.93259297
-0.36660239 -0.93037771
-0.37214028 -0.92817650
-0.37754438 -0.92599149
-0.38281560 -0.92382478
-0.38795485 -0.92167838
-0.39296309 -0.91955425
-0.39784129 -0.91745425
-0.40259044 -0.91538021
-0.40721154 -0.91333387
-0.41170559 -0.91131691
-0.41607361 -0.90933094
-0.42031661 -0.90737751
-0.42443560 -0.90545813
-0.42843160 -0.90357422
-0.43230559 -0.90172716
-0.43605858 -0.89991828
-0.43969153 -0.89814885
-0.44320541 -0.89642008
-0.44660117 -0.89473314
-0.44987972 -0.89308915
-0.45304197 -0.89148919
-0.45608881 -0.88993427
-0.45902107 -0.88842538
-0.46183959 -0.88696347
-0.46454517 -0.88554942
-0.46712912 -0.88418911
-0.46958258 -0.88288855
-0.47190605 -0.88164884
-0.47410000 -0.88047100
-0.47616491 -0.87935600
-0.47810123 -0.87830474
-0.47990937 -0.87731807
-0.48158976 -0.87639677
-0.48314276 -0.87554159
-0.48456875 -0.87475318
-0.48586804 -0.87403218
-0.48704094 -0.87337914
-0.48808773 -0.87279458
-0.48900864 -0.87227894
-0.48980389 -0.87183264
-0.49047366 -0.87145602
-0.49101809 -0.87114938
-0.49143729 -0.87091296
-0.49173136 -0.87074696
-0.49190032 -0.87065152
-0.49194419 -0.87062674
-0.49186294 -0.87067264
-0.49165651 -0.87078923
-0.49132481 -0.87097642
-0.49086771 -0.87123412
-0.49028503 -0.87156215
-0.48957659 -0.87196030
-0.48874215 -0.87242829
-0.48778144 -0.87296579
-0.48669416 -0.87357243
-0.48547998 -0.87424778
-0.48413855 -0.87499135
-0.48266947 -0.87580260
-0.48107232 -0.87668091
-0.47934666 -0.87762565
-0.47749201 -0.87863609
-0.47550788 -0.87971146
-0.47339376 -0.88085092
-0.47114910 -0.88205358
-0.46877335 -0.88331848
-0.46626594 -0.88464460
-0.46362627 -0.88603086
-0.46085376 -0.88747609
-0.45794778 -0.88897909
-0.45490775 -0.89053857
-0.45173302 -0.89215317
-0.44842300 -0.89382147
-0.44497706 -0.89554197
-0.44139460 -0.89731311
-0.43767502 -0.89913324
-0.43381774 -0.90100065
-0.42982220 -0.90291355
-0.42568785 -0.90487007
-0.42141418 -0.90686829
-0.41700070 -0.90890617
-0.41244695 -0.91098162
-0.40775252 -0.91309248
-0.40291705 -0.91523650
-0.39794021 -0.91741135
-0.39282175 -0.91961463
-0.38756144 -0.92184387
-0.38215916 -0.92409652
-0.37661482 -0.92636995
-0.37095334 -0.92865151
-0.36519878 -0.93092956
-0.35934986 -0.93320291
-0.35340530 -0.93547030
-0.34736384 -0.93773043
-0.34122419 -0.93998194
-0.33498511 -0.94222342
-0.32864533 -0.94445341
-0.32220361 -0.94667039
-0.31565873 -0.94887279
-0.30900949 -0.95105895
-0.30225469 -0.95322720
-0.29539317 -0.95537578
-0.28842378 -0.95750286
-0.28134543 -0.95960656
-0.27415702 -0.96168494
-0.26685753 -0.96373599
-0.25944595 -0.96575763
-0.25192132 -0.96774772
-0.24428273 -0.96970405
-0.23652934 -0.97162435
-0.22866035 -0.97350626
-0.22067500 -0.97534740
-0.21257264 -0.97714527
-0.20435267 -0.97889733
-0.19601456 -0.98060099
-0.18755786 -0.98225356
-0.17898222 -0.98385231
-0.17028738 -0.98539444
-0.16147317 -0.98687710
-0.15253952 -0.98829737
-0.14348647 -0.98965228
-0.13451351 -0.99091176
-0.12582211 -0.99205282
-0.11741509 -0.99308293
-0.10929486 -0.99400937
-0.10146347 -0.99483927
-0.09392259 -0.99557950
-0.08667360 -0.99623676
-0.07971758 -0.99681749
-0.07305535 -0.99732789
-0.06668749 -0.99777391
-0.06061440 -0.99816126
-0.05483626 -0.99849536
-0.04935312 -0.99878139
-0.04416490 -0.99902425
-0.03927139 -0.99922858
-0.03467230 -0.99939873
-0.03036727 -0.99953881
-0.02635589 -0.99965262
-0.02263769 -0.99974373
-0.01921221 -0.99981543
-0.01607897 -0.99987073
-0.01323748 -0.99991238
-0.01068731 -0.99994289
-0.00842802 -0.99996448
-0.00645923 -0.99997914
-0.00478059 -0.99998857
-0.00339182 -0.99999425
-0.00229270 -0.99999737
-0.00148307 -0.99999890
-0.00096283 -0.99999954
-0.00073199 -0.99999973
-0.00064630 -0.99999979
-0.00056150 -0.99999984
-0.00047761 -0.99999989
-0.00039460 -0.99999992
-0.00031249 -0.99999995
-0.00023128 -0.99999997
-0.00015095 -0.99999999
-0.00007151 -1.00000000
0.00000705 -1.00000000
0.00008472 -1.00000000
0.00016151 -0.99999999
0.00023742 -0.99999997
0.00031244 -0.99999995
0.00038659 -0.99999993
0.00045986 -0.99999989
0.00053226 -0.99999986
0.00060378 -0.99999982
0.00067443 -0.99999977
0.00074420 -0.99999972
0.00081310 -0.99999967
0.00088114 -0.99999961
0.00094830 -0.99999955
0.00101460 -0.99999949
0.00108003 -0.99999942
0.00114460 -0.99999934
0.00120829 -0.99999927
0.00127113 -0.99999919
0.00133310 -0.99999911
0.00139421 -0.99999903
0.00145445 -0.99999894
0.00151384 -0.99999885
0.00157236 -0.99999876
0.00163002 -0.99999867
0.00168683 -0.99999858
0.00174277 -0.99999848
0.00179785 -0.99999838
0.00185208 -0.99999828
0.00190544 -0.99999818
0.00195795 -0.99999808
0.00200960 -0.99999798
0.00206039 -0.99999788
0.00211033 -0.99999777
0.00215940 -0.99999767
0.00220762 -0.99999756
0.00225498 -0.99999746
0.00230149 -0.99999735
0.00234713 -0.99999725
0.00239192 -0.99999714
0.00243585 -0.99999703
0.00247892 -0.99999693
0.00252113 -0.99999682
0.00256248 -0.99999672
0.00260297 -0.99999661
0.00264260 -0.99999651
0.00268137 -0.99999641
0.00271928 -0.99999630
0.00275633 -0.99999620
0.00279252 -0.99999610
0.00282784 -0.99999600
0.00286230 -0.99999590
0.00289589 -0.99999581
0.00292862 -0.99999571
0.00295538 -0.99999563
0.00297095 -0.99999559
0.00297531 -0.99999557
0.00296869 -0.99999559
0.00295154 -0.99999564
0.00292449 -0.99999572
0.00288831 -0.99999583
0.00284394 -0.99999596
0.00279234 -0.99999610
0.00273454 -0.99999626
0.00267157 -0.99999643
0.00260442 -0.99999661
0.00253405 -0.99999679
0.00246134 -0.99999697
0.00238709 -0.99999715
0.00231202 -0.99999733
0.00017098 0.99999999
0.00020989 0.99999998
0.00078303 -0.99999969
0.01177636 -0.99993066
0.00609890 -0.99998140
0.00463991 -0.99998924
0.00416561 -0.99999132
0.00420129 -0.99999117
0.00444649 -0.99999011
0.00463276 -0.99998927
0.00474310 -0.99998875
0.00476704 -0.99998864
0.00475100 -0.99998871
0.00474379 -0.99998875
0.00474523 -0.99998874
0.00475523 -0.99998869
0.00476923 -0.99998863
0.00478269 -0.99998856
0.00479560 -0.99998850
0.00480798 -0.99998844
0.00481982 -0.99998838
0.00483112 -0.99998833
0.00484190 -0.99998828
0.00485214 -0.99998823
0.00486185 -0.99998818
0.00487104 -0.99998814
0.00487969 -0.99998809
0.00488783 -0.99998805
0.00489544 -0.99998802
0.00490253 -0.99998798
0.00490910 -0.99998795
0.00491515 -0.99998792
0.00492068 -0.99998789
0.00492570 -0.99998787
0.00493019 -0.99998785
0.00493418 -0.99998783
0.00493764 -0.99998781
0.00494059 -0.99998780
0.00494303 -0.99998778
0.00494495 -0.99998777
0.00494636 -0.99998777
0.00494725 -0.99998776
0.00494763 -0.99998776
0.00494749 -0.99998776
0.00494684 -0.99998776
0.00494568 -0.99998777
0.00494400 -0.99998778
0.00494170 -0.99998779
0.00493871 -0.99998780
0.00493500 -0.99998782
0.00493059 -0.99998784
0.00492547 -0.99998787
0.00491964 -0.99998790
0.00491310 -0.99998793
0.00490585 -0.99998797
0.00489789 -0.99998801
0.00488922 -0.99998805
0.00487985 -0.99998809
0.00486976 -0.99998814
0.00485896 -0.99998820
0.00484745 -0.99998825
0.00483524 -0.99998831
0.00482231 -0.99998837
0.00480866 -0.99998844
0.00479431 -0.99998851
0.00477925 -0.99998858
0.00476348 -0.99998865
0.00474699 -0.99998873
0.00472980 -0.99998881
0.00471189 -0.99998890
0.00469327 -0.99998899
0.00467395 -0.99998908
0.00465391 -0.99998917
0.00463316 -0.99998927
0.00461170 -0.99998937
0.00458953 -0.99998947
0.00456665 -0.99998957
0.00454307 -0.99998968
0.00451877 -0.99998979
0.00449376 -0.99998990
0.00446805 -0.99999002
0.00444163 -0.99999014
0.00441450 -0.99999026
0.00438666 -0.99999038
0.00435812 -0.99999050
0.00432887 -0.99999063
0.00429892 -0.99999076
0.00426826 -0.99999089
0.00423690 -0.99999102
0.00420483 -0.99999116
0.00417206 -0.99999130
0.00413858 -0.99999144
0.00410441 -0.99999158
0.00406953 -0.99999172
0.00403396 -0.99999186
0.00399768 -0.99999201
0.00396071 -0.99999216
0.00392303 -0.99999230
0.00388466 -0.99999245
0.00384560 -0.99999261
0.00380584 -0.99999276
0.00376538 -0.99999291
0.00372423 -0.99999307
0.00368239 -0.99999322
0.00363985 -0.99999338
0.00359663 -0.99999353
0.00355272 -0.99999369
0.00350812 -0.99999385
0.00346283 -0.99999400
0.00341685 -0.99999416
0.00337021 -0.99999432
0.00332291 -0.99999448
0.00327495 -0.99999464
0.00322635 -0.99999480
0.00317708 -0.99999495
0.00312717 -0.99999511
0.00307660 -0.99999527
0.00302537 -0.99999542
0.00297349 -0.99999558
0.00292095 -0.99999573
0.00286776 -0.99999589
0.00281391 -0.99999604
0.00275941 -0.99999619
0.00270425 -0.99999634
0.00264843 -0.99999649
0.00259195 -0.99999664
0.00253482 -0.99999679
0.00247703 -0.99999693
0.00241859 -0.99999708
0.00235948 -0.99999722
0.00229972 -0.99999736
0.00223930 -0.99999749
0.00217822 -0.99999763
0.00211648 -0.99999776
0.00205408 -0.99999789
0.00199102 -0.99999802
0.00192730 -0.99999814
0.00186292 -0.99999826
0.00179788 -0.99999838
0.00173217 -0.99999850
0.00166581 -0.99999861
0.00159878 -0.99999872
0.00153109 -0.99999883
0.00146273 -0.99999893
0.00139371 -0.99999903
0.00132403 -0.99999912
0.00125368 -0.99999921
0.00118266 -0.99999930
0.00111098 -0.99999938
0.00103864 -0.99999946
0.00096562 -0.99999953
0.00089194 -0.99999960
0.00081759 -0.99999967
0.00074257 -0.99999972
0.00066688 -0.99999978
0.00059052 -0.99999983
0.00051349 -0.99999987
0.00043579 -0.99999991
0.00035742 -0.99999994
0.00027837 -0.99999996
0.00019865 -0.99999998
0.00011826 -0.99999999
0.00003720 -1.00000000
-0.00004455 -1.00000000
-0.00012696 -0.99999999
-0.00021006 -0.99999998
-0.00029383 -0.99999996
-0.00037828 -0.99999993
-0.00046341 -0.99999989
-0.00054922 -0.99999985
-0.00063571 -0.99999980
-0.00072288 -0.99999974
-0.00081073 -0.99999967
-0.00089927 -0.99999960
-0.00098848 -0.99999951
-0.00107839 -0.99999942
-0.00116897 -0.99999932
-0.00126025 -0.99999921
-0.00135221 -0.99999909
-0.00144486 -0.99999896
-0.00153820 -0.99999882
-0.00163223 -0.99999867
-0.00172694 -0.99999851
-0.00182235 -0.99999834
-0.00191845 -0.99999816
-0.00201525 -0.99999797
-0.00211274 -0.99999777
-0.00221092 -0.99999756
-0.00230980 -0.99999733
-0.00240938 -0.99999710
-0.00250966 -0.99999685
-0.00261063 -0.99999659
-0.00271231 -0.99999632
-0.00281469 -0.99999604
-0.00291777 -0.99999574
-0.00302155 -0.99999544
-0.00312604 -0.99999511
-0.00323123 -0.99999478
-0.00333713 -0.99999443
-0.00344374 -0.99999407
-0.00355105 -0.99999369
-0.00365908 -0.99999331
-0.00376782 -0.99999290
-0.00387727 -0.99999248
-0.00398743 -0.99999205
-0.00409831 -0.99999160
-0.00420990 -0.99999114
-0.00432222 -0.99999066
-0.00443525 -0.99999016
-0.00454900 -0.99998965
-0.00466347 -0.99998913
-0.00477866 -0.99998858
-0.00489457 -0.99998802
-0.00501121 -0.99998744
-0.00512858 -0.99998685
-0.00524667 -0.99998624
-0.00536550 -0.99998561
-0.00548505 -0.99998496
-0.00560533 -0.99998429
-0.00572635 -0.99998360
-0.00584810 -0.99998290
-0.00597058 -0.99998218
-0.00609380 -0.99998143
-0.00621777 -0.99998067
-0.00634247 -0.99997989
-0.00646791 -0.99997908
-0.00659409 -0.99997826
-0.00672102 -0.99997741
-0.00684869 -0.99997655
-0.00697711 -0.99997566
-0.00710628 -0.99997475
-0.00723620 -0.99997382
-0.00736687 -0.99997286
-0.00749830 -0.99997189
-0.00763047 -0.99997089
-0.00774760 -0.99996999
-0.00783387 -0.99996931
-0.00788924 -0.99996888
-0.00791370 -0.99996869
-0.00790724 -0.99996874
-0.00786985 -0.99996903
-0.00780151 -0.99996957
-0.00770222 -0.99997034
-0.00757198 -0.99997133
-0.00741078 -0.99997254
-0.00721863 -0.99997395
-0.00699553 -0.99997553
-0.00674149 -0.99997728
-0.00645653 -0.99997916
-0.00614065 -0.99998115
-0.00579388 -0.99998322
-0.00541624 -0.99998533
-0.00500775 -0.99998746
-0.00456843 -0.99998956
-0.00409832 -0.99999160
-0.00359745 -0.99999353
-0.00306586 -0.99999530
-0.00250358 -0.99999687
-0.00191066 -0.99999817
-0.00128714 -0.99999917
-0.00063307 -0.99999980
0.00005149 -1.00000000
0.00076650 -0.99999971
0.00151189 -0.99999886
0.00228760 -0.99999738
0.00309357 -0.99999521
0.00392972 -0.99999228
0.00479600 -0.99998850
0.00569232 -0.99998380
0.00661860 -0.99997810
0.00757477 -0.99997131
0.00856074 -0.99996336
0.00957642 -0.99995415
0.01062172 -0.99994359
0.01169654 -0.99993159
0.01280080 -0.99991807
0.01393438 -0.99990291
0.01509718 -0.99988603
0.01628910 -0.99986732
0.01751002 -0.99984669
0.01875982 -0.99982402
0.02003840 -0.99979921
0.02134561 -0.99977216
0.02268135 -0.99974275
0.02404548 -0.99971087
0.02543786 -0.99967641
0.02685836 -0.99963925
0.02830685 -0.99959928
0.02978317 -0.99955638
0.03128718 -0.99951044
0.03281873 -0.99946132
0.03437766 -0.99940891
0.03596382 -0.99935309
0.03757704 -0.99929373
0.03921716 -0.99923071
0.04088400 -0.99916390
0.04257741 -0.99909317
0.04429719 -0.99901840
0.04634196 -0.99892563
0.04901045 -0.99879827
0.05230326 -0.99863125
0.05622175 -0.99841831
0.06076792 -0.99815192
0.06594436 -0.99782330
0.07175423 -0.99742234
0.07820108 -0.99693761
0.08528884 -0.99635627
0.09302161 -0.99566409
0.10140362 -0.99484537
0.11043903 -0.99388290
0.12013178 -0.99275795
0.13048540 -0.99145023
0.14150284 -0.98993785
0.15318619 -0.98819734
0.16553651 -0.98620366
0.17855351 -0.98393020
0.19223531 -0.98134886
0.20657809 -0.97843012
0.22157583 -0.97514314
0.23721997 -0.97145596
0.25349906 -0.96733563
0.27039843 -0.96274851
0.28789989 -0.95766051
0.30598139 -0.95203749
0.32461677 -0.94584563
0.34377547 -0.93905188
0.36342240 -0.93162447
0.38351778 -0.92353349
0.40401709 -0.91475144
0.42487114 -0.90525384
0.44557186 -0.89524618
0.46565449 -0.88496661
0.48513253 -0.87444064
0.50402082 -0.86369151
0.52233531 -0.85274019
0.54009280 -0.84160547
0.55731070 -0.83030403
0.57400686 -0.81885049
0.59019937 -0.80725752
0.60590642 -0.79553593
0.62114618 -0.78369473
0.63593665 -0.77174126
0.65029560 -0.75968127
0.66424045 -0.74751898
0.67778823 -0.73525718
0.69095549 -0.72289730
0.70375827 -0.71043951
0.71621205 -0.69788273
0.72833171 -0.68522472
0.74013152 -0.67246214
0.75162507 -0.65959060
0.76282529 -0.64660465
0.77374441 -0.63349790
0.78439394 -0.62026296
0.79478466 -0.60689154
0.80492657 -0.59337443
0.81482893 -0.57970149
0.82450015 -0.56586174
0.83394784 -0.55184327
0.84317876 -0.53763332
0.85219874 -0.52321822
0.86096404 -0.50866583
0.86942553 -0.49406401
0.87758105 -0.47942831
0.88542929 -0.46477411
0.89296982 -0.45011653
0.90020306 -0.43547037
0.90713022 -0.42085006
0.91375326 -0.40626958
0.92007491 -0.39174247
0.92609853 -0.37728174
0.93182815 -0.36289984
0.93726837 -0.34860865
0.94242433 -0.33441946
0.94730165 -0.32034293
0.95190637 -0.30638907
0.95624494 -0.29256727
0.96032414 -0.27888627
0.96415101 -0.26535416
0.96773286 -0.25197840
0.97107718 -0.23876582
0.97419161 -0.22572264
0.97708392 -0.21285445
0.97976194 -0.20016629
0.98223355 -0.18766262
0.98450663 -0.17534735
0.98658906 -0.16322388
0.98848864 -0.15129512
0.99021312 -0.13956349
0.99177017 -0.12803098
0.99316731 -0.11669916
0.99441196 -0.10556919
0.99551138 -0.09464188
0.99647269 -0.08391768
0.99730282 -0.07339673
0.99800854 -0.06307888
0.99859644 -0.05296370
0.99907290 -0.04305052
0.99944412 -0.03333843
0.99971611 -0.02382634
0.99989468 -0.01451295
0.99998544 -0.00539681
0.99999379 0.00352368
0.99992496 0.01225025
0.99978397 0.02078475
0.99957566 0.02912911
0.99930466 0.03728536
0.99897544 0.04525560
0.99859228 0.05304197
0.99815930 0.06064667
0.99768042 0.06807192
0.99715942 0.07531999
0.99659991 0.08239313
0.99600535 0.08929361
0.99537905 0.09602371
0.99472417 0.10258567
0.99404375 0.10898173
0.99334068 0.11521411
0.99261773 0.12128498
0.99187754 0.12719649
0.99112265 0.13295074
0.99035547 0.13854979
0.98957832 0.14399564
0.98879342 0.14929024
0.98795315 0.15475329
0.98700221 0.16070670
0.98593044 0.16715611
0.98472661 0.17410771
0.98337837 0.18156814
0.98187215 0.18954441
0.98019315 0.19804389
0.97832525 0.20707413
0.97625093 0.21664283
0.97395121 0.22675765
0.97140559 0.23742615
0.96859198 0.24865554
0.96548664 0.26045259
0.96206413 0.27282339
0.95829730 0.28577312
0.95415724 0.29930581
0.94961327 0.31342406
0.94463301 0.32812874
0.93918241 0.34341868
0.93322586 0.35929026
0.92672631 0.37573707
0.91964549 0.39274951
0.91194415 0.41031436
0.90358239 0.42841436
0.89452006 0.44702781
0.88471720 0.46612818
0.87413463 0.48568369
0.86273458 0.50565704
0.85048138 0.52600516
0.83734226 0.54667901
0.82328823 0.56762355
0.80895710 0.58786768
0.79505457 0.60653790
0.78164776 0.62372012
0.76879307 0.63949763
0.75653803 0.65394970
0.74492298 0.66715048
0.73398264 0.67916823
0.72374768 0.69006471
0.71424609 0.69989465
0.70550455 0.70870539
0.69754970 0.71653640
0.69040934 0.72341893
0.68411371 0.72937537
0.67869674 0.73441864
0.67419734 0.73855124
0.67066090 0.74176408
0.66690557 0.74514224
0.66166548 0.74979916
0.65487141 0.75574033
0.64646422 0.76294431
0.63639852 0.77136044
0.62464666 0.78090752
0.61120302 0.79147386
0.59608815 0.80291900
0.57935239 0.81507718
0.56107842 0.82776265
0.54138231 0.84077654
0.52041268 0.85391489
0.49834770 0.86697726
0.47539009 0.87977512
0.45176034 0.89213933
0.42862560 0.90348221
0.40695434 0.91344850
0.38667380 0.92221655
0.36770883 0.92994098
0.34998437 0.93675554
0.33342727 0.94277583
0.31796742 0.94810164
0.30353852 0.95281917
0.29007846 0.95700287
0.27752960 0.96071709
0.26583876 0.96401751
0.25495722 0.96695233
0.24484058 0.96956335
0.23544863 0.97188680
0.22674519 0.97395412
0.21869792 0.97579261
0.21130755 0.97741962
0.20457468 0.97885096
0.19847315 0.98010633
0.19298142 0.98120241
0.18808243 0.98215325
0.18376357 0.98297047
0.18001665 0.98366356
0.17683801 0.98423997
0.17422871 0.98470521
0.17219479 0.98506292
0.17074765 0.98531479
0.16990460 0.98546052
0.16968956 0.98549757
0.17013399 0.98542094
0.17127800 0.98522274
0.17317192 0.98489161
0.17527848 0.98451890
0.17699846 0.98421113
0.17829793 0.98397655
0.17914315 0.98382302
0.17950108 0.98375778
0.17933989 0.98378717
0.17862950 0.98391641
0.17734226 0.98414924
0.17545351 0.98448772
0.17294229 0.98493196
0.16979198 0.98547993
0.16599091 0.98612728
0.16153296 0.98686732
0.15641806 0.98769094
0.15065261 0.98858677
0.14424974 0.98954131
0.13722950 0.99053928
0.12961879 0.99156390
0.12145118 0.99259741
0.11276651 0.99362152
0.10361033 0.99461797
0.09403318 0.99556906
0.08408970 0.99645819
0.07383761 0.99727028
0.06333669 0.99799222
0.05264765 0.99861315
0.04183104 0.99912470
0.03094620 0.99952105
0.02005032 0.99979897
0.00919756 0.99995770
-0.00156163 0.99999878
-0.01211509 0.99992661
-0.02240114 0.99974906
-0.03244619 0.99947348
-0.04227433 0.99910604
-0.05190759 0.99865189
-0.06136617 0.99811532
-0.07066863 0.99749985
-0.07983208 0.99680833
-0.08887233 0.99604303
-0.09780403 0.99520569
-0.10664081 0.99429761
-0.11539533 0.99331965
-0.12407944 0.99227229
-0.13270422 0.99115568
-0.14128006 0.98996967
-0.14981675 0.98871378
-0.15832351 0.98738729
-0.16680906 0.98598922
-0.17528165 0.98451833
-0.18374911 0.98297318
-0.19221890 0.98135207
-0.20069812 0.97965313
-0.20919355 0.97787426
-0.21771166 0.97601313
-0.22625867 0.97406725
-0.23484053 0.97203391
-0.24346295 0.96991020
-0.25213142 0.96769300
-0.26085124 0.96537901
-0.26962747 0.96296471
-0.27846503 0.96044637
-0.28690594 0.95795876
-0.29450461 0.95565006
-0.30128322 0.95353470
-0.30726229 0.95162486
-0.31246063 0.94993071
-0.31689522 0.94846055
-0.32058119 0.94722104
-0.32353180 0.94621730
-0.32575839 0.94545305
-0.32727041 0.94493073
-0.32807541 0.94465154
-0.32817908 0.94461553
-0.32758523 0.94482163
-0.32629587 0.94526769
-0.32431120 0.94595044
-0.32162971 0.94686553
-0.31824816 0.94800744
-0.31416168 0.94936950
-0.30936382 0.95094375
-0.30384666 0.95272095
-0.29760083 0.95469039
-0.29061569 0.95683986
-0.28287938 0.95915549
-0.27437903 0.96162162
-0.26510087 0.96422068
-0.25503046 0.96693302
-0.24415289 0.96973675
-0.23245306 0.97260762
-0.21991598 0.97551882
-0.20652710 0.97844088
-0.19227270 0.98134154
-0.17760288 0.98410224
-0.16298229 0.98662900
-0.14841968 0.98892446
-0.13392353 0.99099167
-0.11950195 0.99283397
-0.10516275 0.99445502
-0.09091338 0.99585880
-0.07676091 0.99704953
-0.06271207 0.99803166
-0.04877319 0.99880988
-0.03495022 0.99938905
-0.02124873 0.99977422
-0.00767391 0.99997056
0.00576944 0.99998336
0.01907690 0.99981802
0.03224444 0.99948001
0.04526837 0.99897486
0.05814540 0.99830813
0.07087256 0.99748538
0.08344724 0.99651220
0.09586718 0.99539413
0.10813042 0.99413672
0.12023531 0.99274542
0.13218053 0.99122566
0.14396500 0.98958278
0.15558797 0.98782204
0.16704890 0.98594861
0.17834752 0.98396756
0.18948379 0.98188385
0.20045789 0.97970232
0.21127022 0.97742769
0.22192135 0.97506457
0.23241205 0.97261742
0.24274326 0.97009057
0.25291606 0.96748823
0.26293169 0.96481445
0.27279152 0.96207317
0.28249704 0.95926817
0.29204987 0.95640309
0.30145171 0.95348144
0.31070437 0.95050660
0.31980973 0.94748179
0.32876975 0.94441011
0.33758647 0.94129452
0.34626197 0.93813786
0.35479840 0.93494283
0.36319793 0.93171201
0.37146281 0.92844783
0.37959528 0.92515265
0.38759763 0.92182866
0.39547216 0.91847796
0.40322121 0.91510254
0.41084711 0.91170426
0.41835221 0.90828488
0.42573885 0.90484608
0.43300938 0.90138941
0.44016616 0.89791634
0.44721153 0.89442822
0.45414782 0.89092635
0.46097737 0.88741189
0.46770248 0.88388596
0.47432545 0.88034957
0.48084857 0.87680366
0.48734417 0.87320997
0.49388321 0.86952825
0.50046583 0.86575629
0.50709213 0.86189186
0.51376212 0.85793268
0.52047578 0.85387643
0.52723300 0.84972075
0.53403362 0.84546324
0.54087737 0.84110146
0.54776396 0.83663292
0.55469296 0.83205512
0.56166391 0.82736549
0.56867621 0.82256147
0.57572921 0.81764043
0.58282215 0.81259974
0.58995416 0.80743674
0.59712428 0.80214873
0.60433143 0.79673303
0.61157444 0.79118690
0.61885198 0.78550762
0.62616265 0.77969246
0.63350488 0.77373869
0.64087701 0.76764357
0.64827722 0.76140439
0.65570356 0.75501844
0.66315393 0.74848304
0.67062610 0.74179554
0.67811769 0.73495333
0.68562615 0.72795384
0.69314878 0.72079454
0.70068275 0.71347298
0.70822502 0.70598677
0.71577242 0.69833362
0.72332161 0.69051130
0.73086908 0.68251769
0.73841114 0.67435079
0.74594397 0.66600871
0.75346353 0.65748970
0.76096566 0.64879216
0.76844600 0.63991463
0.77590006 0.63085584
0.78332317 0.62161468
0.79071050 0.61219025
0.79805709 0.60258184
0.80535783 0.59278898
0.81260745 0.58281140
0.81980058 0.57264911
0.82693172 0.56230236
0.83399524 0.55177164
0.84098544 0.54105776
0.84789650 0.53016178
0.85472256 0.51908510
0.86145767 0.50782939
0.86809583 0.49639664
0.87463104 0.48478918
0.88105724 0.47300967
0.88736841 0.46106107
0.89355853 0.44894671
0.89962163 0.43667026
0.90555180 0.42423572
0.91134319 0.41164742
0.91699006 0.39891004
0.92240661 0.38622020
0.92751983 0.37377395
0.93234313 0.36157474
0.93688964 0.34962523
0.94117220 0.33792735
0.94520329 0.32648237
0.94899505 0.31529097
0.95255923 0.30435326
0.95590720 0.29366889
0.95904993 0.28323707
0.96199796 0.27305662
0.96476147 0.26312604
0.96735018 0.25344354
0.96977345 0.24400707
0.97204023 0.23481439
0.97415906 0.22586306
0.97613813 0.21715052
0.97798524 0.20867409
0.97970782 0.20043102
0.98131296 0.19241849
0.98280742 0.18463364
0.98419761 0.17707362
0.98548964 0.16973557
0.98668932 0.16261667
0.98780216 0.15571412
0.98883340 0.14902521
0.98978799 0.14254728
0.99067067 0.13627775
0.99148589 0.13021417
0.99223789 0.12435417
0.99293070 0.11869551
0.99356811 0.11323609
0.99415373 0.10797392
0.99469096 0.10290719
0.99518304 0.09803424
0.99563302 0.09335357
0.99604378 0.08886387
0.99641805 0.08456400
0.99675840 0.08045302
0.99706726 0.07653021
0.99734692 0.07279504
0.99759953 0.06924721
0.99782711 0.06588666
0.99803157 0.06271359
0.99821466 0.05972844
0.99837806 0.05693193
0.99852330 0.05432506
0.99865181 0.05190915
0.99876490 0.04968582
0.99886376 0.04765705
0.99894948 0.04582516
0.99902302 0.04419287
0.99908523 0.04276329
0.99913684 0.04153999
0.99917844 0.04052698
0.99921050 0.03972878
0.99923333 0.03915045
0.99924709 0.03879761
0.99925178 0.03867652
0.99924723 0.03879411
0.99923303 0.03915803
0.99920859 0.03977672
0.99917306 0.04065949
0.99913153 0.04166759
0.99908988 0.04265458
0.99904825 0.04361885
0.99900677 0.04455875
0.99896559 0.04547262
0.99892485 0.04635876
0.99888473 0.04721543
0.99884537 0.04804088
0.99880694 0.04883334
0.99876961 0.04959102
0.99873354 0.05031212
0.99869892 0.05099484
0.99866590 0.05163738
0.99863467 0.05223794
0.99860539 0.05279473
0.99857822 0.05330600
0.99855335 0.05376998
0.99853091 0.05418499
0.99851108 0.05454934
0.99849398 0.05486140
0.99847976 0.05511962
0.99846854 0.05532248
0.99846044 0.05546853
0.99845555 0.05555642
0.99845397 0.05558485
0.99845576 0.05555264
0.99846098 0.05545870
0.99846967 0.05530203
0.99848185 0.05508177
0.99849751 0.05479715
0.99851663 0.05444754
0.99853918 0.05403244
0.99856509 0.05355146
0.99859428 0.05300439
0.99862664 0.05239113
0.99866205 0.05171173
0.99870037 0.05096640
0.99874142 0.05015549
0.99878503 0.04927949
0.99883098 0.04833905
0.99887907 0.04733497
0.99892905 0.04626819
0.99898068 0.04513979
0.99903369 0.04395101
0.99908780 0.04270320
0.99914274 0.04139785
0.99919821 0.04003659
0.99925393 0.03862113
0.99930958 0.03715335
0.99936487 0.03563517
0.99941949 0.03406866
0.99947317 0.03245593
0.99952559 0.03079922
0.99957648 0.02910079
0.99962556 0.02736299
0.99967257 0.02558821
0.99971724 0.02377888
0.99975934 0.02193746
0.99979865 0.02006644
0.99983494 0.01816831
0.99986803 0.01624557
0.99989774 0.01430072
0.99992391 0.01233622
0.99994605 0.01038763
0.99996395 0.00849125
0.99997789 0.00665040
0.99998815 0.00486805
0.99999505 0.00314675
0.99999889 0.00148868
0.99999999 -0.00010436
0.99999867 -0.00163097
0.99999523 -0.00309010
0.99998996 -0.00448106
0.99998316 -0.00580348
0.99997510 -0.00705734
0.99996603 -0.00824288
0.99995619 -0.00936063
0.99994580 -0.01041138
0.99993506 -0.01139612
0.99992405 -0.01232431
0.99991278 -0.01320734
0.99990131 -0.01404896
0.99988969 -0.01485255
0.99987798 -0.01562115
0.99986621 -0.01635752
0.99985440 -0.01706417
0.99984257 -0.01774338
0.99983076 -0.01839725
0.99981896 -0.01902768
0.99980719 -0.01963643
0.99979545 -0.02022512
0.99978376 -0.02079526
0.99977210 -0.02134824
0.99976049 -0.02188534
0.99974891 -0.02240778
0.99973748 -0.02291217
0.99972631 -0.02339475
0.99971540 -0.02385609
0.99970479 -0.02429670
0.99969449 -0.02471708
0.99968450 -0.02511770
0.99967485 -0.02549898
0.99966554 -0.02586134
0.99965659 -0.02620515
0.99964800 -0.02653078
0.99963978 -0.02683856
0.99963195 -0.02712880
0.99962450 -0.02740178
0.99961745 -0.02765778
0.99961080 -0.02789704
0.99960456 -0.02811978
0.99959873 -0.02832622
0.99959332 -0.02851655
0.99958833 -0.02869092
0.99958377 -0.02884951
0.99957963 -0.02899243
0.99957593 -0.02911982
0.99957266 -0.02923177
0.99956983 -0.02932836
0.99956744 -0.02940967
0.99956550 -0.02947574
0.99956399 -0.02952662
0.99956294 -0.02956232
0.99956233 -0.02958285
0.99956217 -0.02958818
0.99956247 -0.02957831
0.99956330 -0.02955026
0.99956475 -0.02950105
0.99956682 -0.02943065
0.99956952 -0.02933898
0.99957283 -0.02922600
0.99957675 -0.02909167
0.99958127 -0.02893593
0.99958638 -0.02875874
0.99959208 -0.02856007
0.99959835 -0.02833988
0.99960517 -0.02809812
0.99961254 -0.02783477
0.99962043 -0.02754979
0.99962884 -0.02724316
0.99963773 -0.02691486
0.99964709 -0.02656486
0.99965690 -0.02619314
0.99966713 -0.02579968
0.99967776 -0.02538447
0.99968876 -0.02494750
0.99970011 -0.02448876
0.99971176 -0.02400824
0.99972370 -0.02350595
0.99973588 -0.02298187
0.99974828 -0.02243602
0.99976086 -0.02186840
0.99977358 -0.02127902
0.99978640 -0.02066788
0.99979928 -0.02003500
0.99981218 -0.01938041
0.99982506 -0.01870411
0.99983788 -0.01800614
0.99985058 -0.01728652
0.99986312 -0.01654527
0.99987545 -0.01578243
0.99988752 -0.01499804
0.99989929 -0.01419213
0.99991069 -0.01336474
0.99992167 -0.01251592
0.99993219 -0.01164572
0.99994217 -0.01075418
0.99995157 -0.00984136
0.99996033 -0.00890731
0.99996838 -0.00795209
0.99997567 -0.00697578
0.99998213 -0.00597842
0.99998770 -0.00496010
0.99999231 -0.00392087
0.99999591 -0.00286083
0.99999842 -0.00178004
0.99999977 -0.00067858
0.99999990 0.00044345
0.99999874 0.00158598
0.99999622 0.00274890
0.99999227 0.00393214
0.99998681 0.00513559
0.99997978 0.00635915
0.99997110 0.00760271
0.99996069 0.00886619
0.99994849 0.01014945
0.99993442 0.01145240
0.99991840 0.01277491
0.99990083 0.01408290
0.99988230 0.01534239
0.99986298 0.01655348
0.99984306 0.01771624
0.99982269 0.01883075
0.99980203 0.01989711
0.99978125 0.02091537
0.99976048 0.02188563
0.99973986 0.02280796
0.99971953 0.02368242
0.99969961 0.02450909
0.99968021 0.02528805
0.99966144 0.02601934
0.99964341 0.02670305
0.99962621 0.02733922
0.99960994 0.02792793
0.99959467 0.02846923
0.99958048 0.02896317
0.99956744 0.02940981
0.99955561 0.02980920
0.99954504 0.03016138
0.99953579 0.03046639
0.99952790 0.03072429
0.99952140 0.03093511
0.99951631 0.03109888
0.99951267 0.03121565
0.99951049 0.03128544
0.99950978 0.03130828
0.99951053 0.03128419
0.99951275 0.03121321
0.99951642 0.03109535
0.99952153 0.03093062
0.99952806 0.03071906
0.99953597 0.03046065
0.99954522 0.03015543
0.99955578 0.02980339
0.99956759 0.02940454
0.99958060 0.02895888
0.99959475 0.02846641
0.99960996 0.02792713
0.99962616 0.02734103
0.99964327 0.02670811
0.99966120 0.02602836
0.99967986 0.02530176
0.99969914 0.02452830
0.99971893 0.02370797
0.99973912 0.02284074
0.99975958 0.02192660
0.99978020 0.02096552
0.99980083 0.01995748
0.99982133 0.01890246
0.99984156 0.01780042
0.99986136 0.01665135
0.99988056 0.01545521
0.99989900 0.01421196
0.99991651 0.01292158
0.99993290 0.01158404
0.99994799 0.01019930
0.99996157 0.00876732
0.99997344 0.00728807
0.99998340 0.00576152
0.99999123 0.00418763
0.99999671 0.00256636
0.99999956 0.00093858
0.99999979 -0.00065483
0.99999755 -0.00221387
0.99999301 -0.00373856
0.99998633 -0.00522892
0.99997766 -0.00668495
0.99996714 -0.00810668
0.99995493 -0.00949411
0.99994117 -0.01084725
0.99992599 -0.01216612
0.99990953 -0.01345073
0.99989193 -0.01470109
0.99987331 -0.01591721
0.99985380 -0.01709909
0.99983351 -0.01824676
0.99981257 -0.01936020
0.99979109 -0.02043944
0.99976918 -0.02148448
0.99974695 -0.02249532
0.99972450 -0.02347196
0.99970192 -0.02441442
0.99967933 -0.02532268
0.99965681 -0.02619675
0.99963444 -0.02703663
0.99961233 -0.02784232
0.99959054 -0.02861381
0.99956916 -0.02935110
0.99954827 -0.03005418
0.99952794 -0.03072304
0.99950823 -0.03135768
0.99948921 -0.03195808
0.99947095 -0.03252422
0.99945350 -0.03305610
0.99943692 -0.03355369
0.99942125 -0.03401699
0.99940656 -0.03444596
0.99939288 -0.03484060
0.99938026 -0.03520086
0.99936873 -0.03552674
0.99935832 -0.03581820
0.99934908 -0.03607521
0.99934102 -0.03629774
0.99933417 -0.03648576
0.99932856 -0.03663924
0.99932419 -0.03675813
0.99932109 -0.03684240
0.99931926 -0.03689201
0.99931871 -0.03690692
0.99931944 -0.03688707
0.99932146 -0.03683243
0.99932475 -0.03674294
0.99932932 -0.03661856
0.99933514 -0.03645923
0.99934221 -0.03626489
0.99935051 -0.03603550
0.99936001 -0.03577098
0.99937070 -0.03547128
0.99938253 -0.03513633
0.99939548 -0.03476608
0.99940951 -0.03436045
0.99942457 -0.03391937
0.99944063 -0.03344278
0.99945764 -0.03293059
0.99947511 -0.03239606
0.99949258 -0.03185257
0.99951003 -0.03130027
0.99952744 -0.03073929
0.99954479 -0.03016981
0.99956206 -0.02959196
0.99957924 -0.02900591
0.99959630 -0.02841183
0.99961323 -0.02780989
0.99963000 -0.02720027
0.99964661 -0.02658314
0.99966302 -0.02595868
0.99967922 -0.02532709
0.99969519 -0.02468855
0.99971092 -0.02404326
0.99972638 -0.02339141
0.99974157 -0.02273322
0.99975645 -0.02206887
0.99977102 -0.02139858
0.99978526 -0.02072255
0.99979916 -0.02004100
0.99981269 -0.01935414
0.99982585 -0.01866218
0.99983861 -0.01796534
0.99985097 -0.01726384
0.99986291 -0.01655790
0.99987442 -0.01584773
0.99988548 -0.01513355
0.99989609 -0.01441560
0.99990623 -0.01369408
0.99991590 -0.01296922
0.99992507 -0.01224125
0.99993375 -0.01151038
0.99994193 -0.01077684
0.99994959 -0.01004084
0.99995673 -0.00930260
0.99996334 -0.00856235
0.99996942 -0.00782029
0.99997496 -0.00707665
0.99997995 -0.00633164
0.99998440 -0.00558547
0.99998830 -0.00483835
0.99999163 -0.00409049
0.99999442 -0.00334210
0.99999664 -0.00259338
0.99999830 -0.00184452
0.99999940 -0.00109574
0.99999994 -0.00034722
0.99999992 0.00040084
0.99999934 0.00114825
0.99999820 0.00189483
0.99999651 0.00264039
0.99999427 0.00338476
0.99999148 0.00412775
0.99998815 0.00486919
0.99998427 0.00560892
0.99997986 0.00634676
0.99997492 0.00708256
0.99996945 0.00781616
0.99996347 0.00854739
0.99995698 0.00927612
0.99994998 0.01000220
0.99994248 0.01072547
0.99992915 0.01190397
0.99990210 0.01399231
0.99985566 0.01699019
0.99978149 0.02090369
0.99966854 0.02574520
0.99950270 0.03153336
0.99926655 0.03829317
0.99893886 0.04605601
0.99849407 0.05485983
0.99790156 0.06474930
0.99712487 0.07577599
0.99612060 0.08799859
0.99483727 0.10148300
0.99321384 0.11630245
0.99117801 0.13253738
0.98864421 0.15027519
0.98551133 0.16960962
0.98166007 0.19063973
0.97695001 0.21346820
0.97121642 0.23819880
0.96426689 0.26493274
0.95587812 0.29376353
0.94579300 0.32477007
0.93371873 0.35800745
0.91932661 0.39349533
0.90225463 0.43120365
0.88211405 0.47103588
0.85850175 0.51281063
0.83101947 0.55624333
0.79930126 0.60093053
0.76304901 0.64634063
0.72341612 0.69041228
0.68209452 0.73126402
0.63968727 0.76863528
0.59679258 0.80239555
0.55397238 0.83253505
0.51172852 0.85914721
0.47048780 0.88240650
0.43059557 0.90254499
0.39231639 0.91983034
0.35583987 0.93454694
0.32128961 0.94698099
0.28873374 0.95740944
0.25819558 0.96609267
0.22966365 0.97327006
0.20310063 0.97915787
0.17845087 0.98394882
0.15564666 0.98781280
0.13461311 0.99089823
0.11527205 0.99333396
0.09754493 0.99523112
0.08135492 0.99668519
0.06662849 0.99777785
0.05329651 0.99857873
0.04129489 0.99914700
0.03056511 0.99953278
0.02105441 0.99977833
0.01271597 0.99991915
0.00550895 0.99998483
-0.00060157 0.99999982
-0.00564458 0.99998407
-0.00964324 0.99995350
-0.01301688 0.99991528
-0.01617415 0.99986919
-0.01911762 0.99981724
-0.02184960 0.99976127
-0.02437219 0.99970295
-0.02668726 0.99964383
-0.02879644 0.99958530
-0.03070113 0.99952861
-0.03240248 0.99947490
-0.03390142 0.99942518
-0.03519864 0.99938034
-0.03629460 0.99934113
-0.03718949 0.99930823
-0.03788328 0.99928217
-0.03837569 0.99926338
-0.03866619 0.99925218
-0.03875399 0.99924878
-0.03863804 0.99925327
-0.03831704 0.99926563
-0.03778940 0.99928573
-0.03705329 0.99931329
-0.03610656 0.99934795
-0.03494681 0.99938917
-0.03357131 0.99943632
-0.03197707 0.99948860
-0.03016075 0.99954506
-0.02811872 0.99960459
-0.02584700 0.99966591
-0.02334129 0.99972755
-0.02059692 0.99978786
-0.01760888 0.99984495
-0.01437178 0.99989672
-0.01105829 0.99993886
-0.00784809 0.99996920
-0.00474584 0.99998874
-0.00175606 0.99999846
0.00111690 0.99999938
0.00386883 0.99999252
0.00649577 0.99997890
0.00899391 0.99995955
0.01135971 0.99993548
0.01358983 0.99990765
0.01568119 0.99987704
0.01763098 0.99984456
0.01943663 0.99981109
0.02109588 0.99977746
0.02260673 0.99974444
0.02396747 0.99971274
0.02517670 0.99968302
0.02623330 0.99965585
0.02713646 0.99963174
0.02788569 0.99961112
0.02848075 0.99959434
0.02892175 0.99958168
0.02920908 0.99957332
0.02934340 0.99956939
0.02932569 0.99956991
0.02915719 0.99957484
0.02883941 0.99958406
0.02837412 0.99959737
0.02776337 0.99961452
0.02700942 0.99963518
0.02611479 0.99965895
0.02516651 0.99968327
0.02424892 0.99970595
0.02336072 0.99972710
0.02250068 0.99974683
0.02166765 0.99976523
0.02086055 0.99978240
0.02007836 0.99979841
0.01932011 0.99981335
0.01858490 0.99982729
0.01787189 0.99984029
0.01718027 0.99985241
0.01650928 0.99986371
0.01585822 0.99987425
0.01522642 0.99988407
0.01461323 0.99989322
0.01401808 0.99990174
0.01344039 0.99990967
0.01287964 0.99991705
0.01233534 0.99992392
0.01180702 0.99993029
0.01129424 0.99993622
0.01079659 0.99994172
0.01031369 0.99994681
0.00984518 0.99995154
0.00939074 0.99995591
0.00895004 0.99995995
0.00852281 0.99996368
0.00810879 0.99996712
0.00770773 0.99997030
0.00731941 0.99997321
0.00694365 0.99997589
0.00658026 0.99997835
0.00622838 0.99998060
0.00588727 0.99998267
0.00555705 0.99998456
0.00523780 0.99998628
0.00492965 0.99998785
0.00463272 0.99998927
0.00434716 0.99999055
0.00407310 0.99999170
0.00381073 0.99999274
0.00356021 0.99999366
0.00332175 0.99999448
0.00309555 0.99999521
0.00288184 0.99999585
0.00268087 0.99999641
0.00249291 0.99999689
0.00231823 0.99999731
0.00215715 0.99999767
0.00200999 0.99999798
0.00187712 0.99999824
0.00175891 0.99999845
0.00165578 0.99999863
0.00156816 0.99999877
0.00149653 0.99999888
0.00144140 0.99999896
0.00140332 0.99999902
0.00138288 0.99999904
0.00138072 0.99999905
0.00139750 0.99999902
0.00143398 0.99999897
0.00149095 0.99999889
0.00156925 0.99999877
0.00165863 0.99999862
0.00174811 0.99999847
0.00183750 0.99999831
0.00192662 0.99999814
0.00201526 0.99999797
0.00210324 0.99999779
0.00219033 0.99999760
0.00227632 0.99999741
0.00236099 0.99999721
0.00244412 0.99999701
0.00252548 0.99999681
0.00260486 0.99999661
0.00268203 0.99999640
0.00275678 0.99999620
0.00282889 0.99999600
0.00289816 0.99999580
0.00296441 0.99999561
0.00302745 0.99999542
0.00308710 0.99999523
0.00314322 0.99999506
0.00319566 0.99999489
0.00324429 0.99999474
0.00328902 0.99999459
0.00332976 0.99999446
0.00336643 0.99999433
0.00339899 0.99999422
0.00342740 0.99999413
0.00345166 0.99999404
0.00347176 0.99999397
0.00348774 0.99999392
0.00349965 0.99999388
0.00350753 0.99999385
0.00351361 0.99999383
0.00352008 0.99999380
0.00352692 0.99999378
0.00353416 0.99999375
0.00354178 0.99999373
0.00354980 0.99999370
0.00355821 0.99999367
0.00356703 0.99999364
0.00357626 0.99999361
0.00358591 0.99999357
0.00359600 0.99999353
0.00360652 0.99999350
0.00361750 0.99999346
0.00362895 0.99999342
0.00364088 0.99999337
0.00365330 0.99999333
0.00366624 0.99999328
0.00367971 0.99999323
0.00369374 0.99999318
0.00370834 0.99999312
0.00372353 0.99999307
0.00373935 0.99999301
0.00375582 0.99999295
0.00377297 0.99999288
0.00379083 0.99999281
0.00380944 0.99999274
0.00382883 0.99999267
0.00384905 0.99999259
0.00387013 0.99999251
0.00389213 0.99999243
0.00391509 0.99999234
0.00393613 0.99999225
0.00395222 0.99999219
0.00396324 0.99999215
0.00396907 0.99999212
0.00396962 0.99999212
0.00396486 0.99999214
0.00395475 0.99999218
0.00393933 0.99999224
0.00391863 0.99999232
0.00389274 0.99999242
0.00386176 0.99999254
0.00382583 0.99999268
0.00378513 0.99999284
0.00373984 0.99999301
0.00369018 0.99999319
0.00363639 0.99999339
0.00358230 0.99999358
0.00353143 0.99999376
0.00348355 0.99999393
0.00343848 0.99999409
0.00339603 0.99999423
0.00335605 0.99999437
0.00331839 0.99999449
0.00328294 0.99999461
0.00324959 0.99999472
0.00321822 0.99999482
0.00318877 0.99999492
0.00316115 0.99999500
0.00313531 0.99999508
0.00311117 0.99999516
0.00308870 0.99999523
0.00306581 0.99999530
0.00304042 0.99999538
0.00301250 0.99999546
0.00298202 0.99999555
0.00294896 0.99999565
0.00291331 0.99999576
0.00287504 0.99999587
0.00283416 0.99999598
0.00278110 0.99999613
0.00270717 0.99999634
0.00261425 0.99999658
0.00250498 0.99999686
0.00238247 0.99999716
0.00225008 0.99999747
0.00211120 0.99999777
0.00196901 0.99999806
0.00183418 0.99999832
0.00171348 0.99999853
0.00160446 0.99999871
0.00150519 0.99999887
0.00141411 0.99999900
0.00132991 0.99999912
0.00125155 0.99999922
0.00117813 0.99999931
0.00110890 0.99999939
0.00104319 0.99999946
0.00098044 0.99999952
0.00092013 0.99999958
0.00086182 0.99999963
0.00080507 0.99999968
0.00074951 0.99999972
0.00069484 0.99999976
0.00064102 0.99999979
0.00058805 0.99999983
0.00053592 0.99999986
0.00048464 0.99999988
0.00043422 0.99999991
0.00038464 0.99999993
0.00033591 0.99999994
0.00028804 0.99999996
0.00024101 0.99999997
0.00019484 0.99999998
0.00014951 0.99999999
0.00010504 0.99999999
0.00006143 1.00000000
0.00001866 1.00000000
-0.00002325 1.00000000
-0.00006431 1.00000000
-0.00010452 0.99999999
-0.00014387 0.99999999
-0.00018236 0.99999998
-0.00022001 0.99999998
-0.00025679 0.99999997
-0.00029272 0.99999996
-0.00032780 0.99999995
-0.00036202 0.99999993
-0.00039538 0.99999992
-0.00042789 0.99999991
-0.00045954 0.99999989
-0.00049034 0.99999988
-0.00052027 0.99999986
-0.00054935 0.99999985
-0.00057757 0.99999983
-0.00060494 0.99999982
-0.00063144 0.99999980
-0.00065709 0.99999978
-0.00068187 0.99999977
-0.00070580 0.99999975
-0.00072887 0.99999973
-0.00075108 0.99999972
-0.00077243 0.99999970
-0.00079292 0.99999969
-0.00081255 0.99999967
-0.00083132 0.99999965
-0.00084923 0.99999964
-0.00086628 0.99999962
-0.00088247 0.99999961
-0.00089780 0.99999960
-0.00091226 0.99999958
-0.00092587 0.99999957
-0.00093861 0.99999956
-0.00095049 0.99999955
-0.00096151 0.99999954
-0.00097167 0.99999953
-0.00098097 0.99999952
-0.00098940 0.99999951
-0.00099697 0.99999950
-0.00100368 0.99999950
-0.00100953 0.99999949
-0.00101451 0.99999949
-0.00101863 0.99999948
-0.00102189 0.99999948
-0.00102428 0.99999948
-0.00102581 0.99999947
-0.00102648 0.99999947
-0.00102629 0.99999947
-0.00102523 0.99999947
-0.00102331 0.99999948
-0.00102052 0.99999948
-0.00101687 0.99999948
-0.00101236 0.99999949
-0.00100698 0.99999949
-0.00100074 0.99999950
-0.00099364 0.99999951
-0.00098567 0.99999951
-0.00097683 0.99999952
-0.00096714 0.99999953
-0.00095658 0.99999954
-0.00094515 0.99999955
-0.00093287 0.99999956
-0.00091971 0.99999958
-0.00090570 0.99999959
-0.00089082 0.99999960
-0.00087507 0.99999962
-0.00085847 0.99999963
-0.00084100 0.99999965
-0.00082266 0.99999966
-0.00080346 0.99999968
-0.00078340 0.99999969
-0.00076247 0.99999971
-0.00074068 0.99999973
-0.00071802 0.99999974
-0.00069450 0.99999976
-0.00067012 0.99999978
-0.00064488 0.99999979
-0.00061877 0.99999981
-0.00059180 0.99999982
-0.00056396 0.99999984
-0.00053526 0.99999986
-0.00050570 0.99999987
-0.00047527 0.99999989
-0.00044399 0.99999990
-0.00041183 0.99999992
-0.00037882 0.99999993
-0.00034495 0.99999994
-0.00031021 0.99999995
-0.00027461 0.99999996
-0.00023814 0.99999997
-0.00020082 0.99999998
-0.00016263 0.99999999
-0.00012358 0.99999999
-0.00008367 1.00000000
-0.00004290 1.00000000
-0.00000127 1.00000000
0.00004123 1.00000000
0.00008458 1.00000000
0.00012880 0.99999999
0.00017388 0.99999998
0.00021981 0.99999998
0.00026661 0.99999996
0.00031427 0.99999995
0.00036279 0.99999993
0.00041216 0.99999992
0.00046240 0.99999989
0.00051349 0.99999987
0.00056545 0.99999984
0.00061826 0.99999981
0.00067193 0.99999977
0.00072647 0.99999974
0.00078186 0.99999969
0.00083811 0.99999965
0.00089522 0.99999960
0.00095319 0.99999955
0.00101202 0.99999949
0.00107172 0.99999943
0.00113227 0.99999936
0.00119368 0.99999929
0.00125595 0.99999921
0.00131908 0.99999913
0.00138307 0.99999904
0.00144793 0.99999895
0.00151364 0.99999885
0.00158021 0.99999875
0.00164765 0.99999864
0.00171594 0.99999853
0.00178510 0.99999841
0.00185511 0.99999828
0.00192599 0.99999815
0.00199773 0.99999800
0.00207033 0.99999786
0.00214379 0.99999770
0.00221811 0.99999754
0.00229329 0.99999737
0.00236934 0.99999719
0.00244624 0.99999701
0.00252401 0.99999681
0.00260264 0.99999661
0.00268213 0.99999640
0.00276249 0.99999618
0.00284371 0.99999596
0.00292579 0.99999572
0.00300873 0.99999547
0.00309253 0.99999522
0.00317720 0.99999495
0.00326273 0.99999468
0.00334913 0.99999439
0.00343638 0.99999410
0.00352450 0.99999379
0.00361349 0.99999347
0.00370334 0.99999314
0.00379405 0.99999280
0.00388563 0.99999245
0.00397807 0.99999209
0.00407138 0.99999171
0.00416555 0.99999132
0.00426058 0.99999092
0.00435648 0.99999051
0.00445325 0.99999008
0.00455088 0.99998964
0.00464938 0.99998919
0.00474875 0.99998872
0.00484898 0.99998824
0.00495007 0.99998775
0.00505204 0.99998724
0.00515487 0.99998671
0.00525856 0.99998617
0.00536313 0.99998562
0.00546856 0.99998505
0.00557486 0.99998446
0.00568203 0.99998386
0.00579006 0.99998324
0.00589897 0.99998260
0.00600874 0.99998195
0.00611939 0.99998128
0.00623090 0.99998059
0.00634328 0.99997988
0.00645653 0.99997916
0.00657065 0.99997841
0.00668564 0.99997765
0.00680150 0.99997687
0.00691823 0.99997607
0.00703584 0.99997525
0.00715431 0.99997441
0.00727366 0.99997355
0.00739388 0.99997266
0.00751497 0.99997176
0.00763693 0.99997084
0.00775977 0.99996989
0.00788348 0.99996892
0.00800806 0.99996793
0.00813352 0.99996692
0.00825985 0.99996589
0.00838705 0.99996483
0.00851513 0.99996375
0.00864409 0.99996264
0.00877392 0.99996151
0.00890462 0.99996035
0.00903620 0.99995917
0.00916866 0.99995797
0.00930199 0.99995674
0.00943620 0.99995548
0.00957129 0.99995419
0.00970726 0.99995288
0.00984410 0.99995155
0.00998182 0.99995018
0.01012043 0.99994879
0.01025991 0.99994737
0.01040026 0.99994592
0.01054150 0.99994444
0.01068362 0.99994293
0.01082662 0.99994139
0.01097050 0.99993982
0.01111526 0.99993822
0.01126091 0.99993659
0.01140743 0.99993493
0.01155484 0.99993324
0.01170313 0.99993152
0.01185230 0.99992976
0.01200236 0.99992797
0.01215330 0.99992615
0.01230513 0.99992429
0.01245784 0.99992240
0.01261143 0.99992047
0.01276591 0.99991851
0.01292128 0.99991652
0.01307753 0.99991449
0.01323467 0.99991242
0.01339270 0.99991031
0.01355162 0.99990817
0.01371142 0.99990599
0.01387211 0.99990378
0.01387211 0.99990378
0.01387211 0.99990378
0.01387211 0.99990378
0.01387211 0.99990378
0.01387211 0.99990378
0.01387211 0.99990378
0.01387211 0.99990378
0.01387211 0.99990378
0.01387211 0.99990378
0.01387211 0.99990378
0.01387211 0.99990378
0.01387211 0.99990378
0.01387211 0.99990378
0.01387211 0.99990378
0.01387211 0.99990378
0.01387211 0.99990378
0.01387211 0.99990378
0.01387211 0.99990378
0.01387211 0.99990378
0.01387211 0.99990378
0.01387211 0.99990378
0.01387211 0.99990378
0.01387211 0.99990378
0.01387211 0.99990378
0.01387211 0.99990378
0.01387211 0.99990378
0.01387211 0.99990378
0.01387211 0.99990378
0.01387211 0.99990378
0.01387211 0.99990378
0.01387211 0.99990378
0.01387211 0.99990378
0.01387211 0.99990378
0.01387211 0.99990378
0.01387211 0.99990378
0.01387211 0.99990378
0.01387211 0.99990378
0.01387211 0.99990378
0.01387211 0.99990378
0.01387211 0.99990378
0.01387211 0.99990378
0.01387211 0.99990378
0.01387211 0.99990378
0.01387211 0.99990378
0.01387211 0.99990378
