0.16954146 0.98552306
0.05709368 0.99836883
-0.19481613 0.98083978
-0.68438453 0.72912126
-0.98283786 0.18447154
-0.99695874 -0.07793119
-0.99654704 -0.08303011
-0.99623153 0.08673369
-0.95024272 0.31151046
-0.85818653 0.51333798
-0.69266513 0.72125933
-0.46445554 0.88559644
-0.28286269 0.95916041
-0.18620959 0.98251005
-0.13651664 0.99063778
-0.09287421 0.99567785
-0.05541646 0.99846333
-0.02411304 0.99970924
0.00116191 0.99999932
0.02057502 0.99978831
0.03429382 0.99941179
0.04245948 0.99909819
0.04516992 0.99897932
0.04247089 0.99909770
0.03435359 0.99940974
0.02075819 0.99978453
0.00158361 0.99999875
-0.01828029 0.99983290
-0.03381076 0.99942825
-0.04494899 0.99898928
-0.05165029 0.99866523
-0.05387446 0.99854772
-0.05157982 0.99866888
-0.04472113 0.99899951
-0.03325163 0.99944701
-0.01712961 0.99985328
0.00367038 0.99999326
0.02914148 0.99957530
0.05922398 0.99824472
0.09378142 0.99559281
0.13696354 0.99057609
0.19239483 0.98131760
0.25847933 0.96601679
0.33269635 0.94303401
0.38289380 0.92379237
0.38358388 0.92350604
0.33487992 0.94226081
0.25917523 0.96583032
0.18469159 0.98279653
0.11344813 0.99354392
0.04710960 0.99888973
-0.01311881 0.99991394
-0.06649681 0.99778664
-0.11544169 0.99331426
-0.16267049 0.98668045
-0.20822837 0.97808023
-0.25218405 0.96767929
-0.29462248 0.95561373
-0.33563881 0.94199076
-0.37533325 0.92688994
-0.41380690 0.91036468
-0.45115832 0.89244393
-0.48748065 0.87313379
-0.52285908 0.85241914
-0.55736860 0.83026517
-0.59107192 0.80661886
-0.62401728 0.78141054
-0.65623628 0.75455546
-0.68774151 0.72595565
-0.71852403 0.69550213
-0.74855065 0.66307762
-0.77776112 0.62855998
-0.80606534 0.59182655
-0.83334074 0.55275964
-0.85943017 0.51125315
-0.88414070 0.46722074
-0.90724380 0.42060514
-0.92847749 0.37138869
-0.94755106 0.31960443
-0.96364989 0.26716828
-0.97636523 0.21612712
-0.98600932 0.16669018
-0.99289574 0.11898762
-0.99732595 0.07308180
-0.99958001 0.02897920
-0.99991078 -0.01335820
-0.99854079 -0.05400271
-0.99566123 -0.09305221
-0.99143211 -0.13062300
-0.98598327 -0.16684421
-0.97941572 -0.20185351
-0.97180306 -0.23579401
-0.96401445 -0.26584984
-0.95729333 -0.28911844
-0.95214357 -0.30565114
-0.94892308 -0.31550750
-0.94784947 -0.31871835
-0.94900420 -0.31526342
-0.95233216 -0.30506305
-0.95763509 -0.28798442
-0.96456001 -0.26386359
-0.97258561 -0.23254512
-0.98101319 -0.19394100
-0.98897125 -0.14810764
-0.99544529 -0.09533450
-0.99897544 -0.04525571
-0.99997504 -0.00706569
-0.99980884 0.01955196
-0.99938853 0.03496531
-0.99922179 0.03944391
-0.99945265 0.03308179
-0.99987553 0.01577726
-0.99991889 -0.01273656
-0.99860494 -0.05280310
-0.99450602 -0.10467943
-0.98573886 -0.16828219
-0.97006405 -0.24284920
-0.94516881 -0.32658218
-0.92129103 -0.38887381
-0.91457800 -0.40440954
-0.92758744 -0.37360612
-0.95724580 -0.28927577
-0.99030440 -0.13891436
-0.99668623 0.08134226
-0.94072068 0.33918225
-0.85658110 0.51601242
-0.81212157 0.58348826
-0.81524769 0.57911243
-0.86644353 0.49927508
-0.95495544 0.29674922
-0.99547213 -0.09505389
-0.87702970 -0.48043616
-0.71102832 -0.70316337
-0.55122775 -0.83435482
-0.38916889 -0.92116642
-0.19234820 -0.98132674
0.06247479 -0.99804654
0.36039821 -0.93279855
0.60413752 -0.79688007
0.76347141 -0.64584163
0.87690936 -0.48065578
0.96145994 -0.27494507
0.99977356 0.02127998
0.89413620 0.44779511
0.65277304 0.75755354
0.53304926 0.84608421
0.56325648 0.82628212
0.73155251 0.68178510
0.90576220 0.42378631
0.98687244 0.16150168
0.99636333 -0.08520631
0.95909862 -0.28307215
0.91551597 -0.40228163
0.88843784 -0.45899695
0.88475979 -0.46604733
0.90459668 -0.42626851
0.94298268 -0.33284181
0.97684042 -0.21396916
0.99373092 -0.11179828
0.99950220 -0.03154928
0.99968405 0.02513570
0.99828581 0.05852734
0.99758903 0.06939830
0.99830286 0.05823580
0.99919866 0.04002553
0.99955967 0.02967268
0.99963039 0.02718611
0.99946686 0.03264959
0.99893074 0.04623172
0.99767339 0.06817482
0.99539071 0.09590274
0.99196287 0.12652930
0.98714881 0.15980373
0.98072603 0.19538798
0.97251007 0.23286081
0.96237359 0.27172979
0.95026212 0.31145128
0.93934755 0.34296672
0.93354063 0.35847160
0.93339824 0.35884221
0.93885875 0.34430256
0.94927415 0.31444967
0.96330580 0.26840627
0.97698737 0.21329718
0.98761176 0.15691720
0.99506604 0.09921485
0.99919365 0.04015041
0.99979411 -0.02029143
0.99662513 -0.08208746
0.98940816 -0.14516025
0.97783828 -0.20936163
0.96159954 -0.27445643
0.94038629 -0.34010826
0.91393091 -0.40586980
0.88203666 -0.47118079
0.84461349 -0.53537655
0.80307169 -0.59588243
0.75911984 -0.65095090
0.71306535 -0.70109757
0.66503751 -0.74680996
0.61501651 -0.78851423
0.56285979 -0.82655239
0.50832526 -0.86116516
0.45109251 -0.89247719
0.39078427 -0.92048230
0.32699107 -0.94502743
0.25930308 -0.96579600
0.18735302 -0.98229265
0.11087439 -0.99383443
0.04063469 -0.99917407
-0.01138283 -0.99993521
-0.04454487 -0.99900738
-0.05902168 -0.99825670
-0.05525464 -0.99847230
-0.03372261 -0.99943123
0.00501236 -0.99998744
0.04019558 -0.99919183
0.05239253 -0.99862657
0.04209847 -0.99911347
0.00872196 -0.99996196
-0.04922723 -0.99878760
-0.13336080 -0.99106755
-0.25600329 -0.96667591
-0.44094003 -0.89753657
-0.68856923 -0.72517061
-0.91690426 -0.39910722
-0.99455922 -0.10417276
-0.99950434 0.03148124
-0.99819395 0.06007366
-0.99904120 0.04378002
-0.99956255 0.02957546
-0.99984001 0.01788713
-0.99995881 0.00907669
-0.99999417 0.00341489
-0.99999944 0.00106251
-0.99999991 0.00042397
-0.99999999 -0.00014450
-0.99999979 -0.00064405
-0.99999942 -0.00107569
-0.99999896 -0.00144030
-0.99999849 -0.00173859
-0.99999806 -0.00197116
-0.99999771 -0.00213848
-0.99999749 -0.00224087
-0.99999740 -0.00227855
-0.99999747 -0.00225159
-0.99999767 -0.00215995
-0.99999799 -0.00200345
-0.99999841 -0.00178142
-0.99999889 -0.00149329
-0.99999935 -0.00113900
-0.99999974 -0.00071850
-0.99999997 -0.00023181
-0.99999995 0.00032104
-0.99999956 0.00093996
-0.99999868 0.00162484
-0.99999718 0.00237551
-0.99999491 0.00319177
-0.99999170 0.00407340
-0.99998740 0.00502011
-0.99998181 0.00603159
-0.99997887 0.00650065
-0.99998306 0.00582126
-0.99999202 0.00399534
-0.99999947 0.00102562
-0.99999524 -0.00308431
-0.99996531 -0.00832977
-0.99989188 -0.01470484
-0.99980466 -0.01976474
-0.99977781 -0.02107921
-0.99982582 -0.01866345
-0.99992146 -0.01253298
-0.99999634 -0.00270512
-0.99994171 0.01079726
-0.99854327 0.05395684
-0.98767386 0.15652587
-0.94629344 0.32330903
-0.84160225 0.54009781
-0.68890444 0.72485218
-0.53121097 0.84723958
-0.36411418 0.93135432
-0.19568104 0.98066759
-0.05926187 0.99824247
0.03526021 0.99937817
0.08804225 0.99611674
0.10199825 0.99478458
0.07889661 0.99688280
0.04076034 0.99916895
0.00948963 0.99995497
-0.01495143 0.99988822
-0.03263329 0.99946739
-0.04360990 0.99904864
-0.04788265 0.99885297
-0.04537679 0.99896994
-0.03592903 0.99935434
-0.01928654 0.99981400
0.00488024 0.99998809
0.03694542 0.99931728
0.07726846 0.99701032
0.12609831 0.99201775
0.22204589 0.97503622
0.38977252 0.92091117
0.51794850 0.85541180
0.55115812 0.83440082
0.50282439 0.86438859
0.34269347 0.93944728
0.01088721 0.99994073
-0.31636178 0.94863861
-0.46379462 0.88594275
-0.48905977 0.87225027
-0.45368989 0.89115963
-0.39615516 0.91818358
-0.31314944 0.94970386
-0.22021293 0.97545183
-0.13736604 0.99052035
-0.06687758 0.99776119
-0.00963432 0.99995359
0.03436625 0.99940931
0.06554819 0.99784940
0.08441489 0.99643069
0.08817793 0.99610474
0.07374609 0.99727705
0.04072782 0.99917028
-0.01155202 0.99993327
-0.08352970 0.99650529
-0.17449753 0.98465761
-0.27064703 0.96267865
-0.35984000 0.93301403
-0.44255881 0.89673948
-0.51945687 0.85449667
-0.59120282 0.80652292
-0.65836494 0.75269888
-0.72131911 0.69260287
-0.78016562 0.62557302
-0.83464516 0.55078803
-0.88405401 0.46738476
-0.92717250 0.37463471
-0.96224190 0.27219573
-0.98704696 0.16043163
-0.99889928 0.04690659
-0.99814509 -0.06088011
-0.98669398 -0.16258840
-0.96601369 -0.25849090
-0.93705572 -0.34917987
-0.90026610 -0.43534004
-0.85563614 -0.51757781
-0.80277284 -0.59628497
-0.74098875 -0.67151744
-0.66942593 -0.74287881
-0.58723674 -0.80941523
-0.49384220 -0.86955154
-0.38926731 -0.92112483
-0.28153832 -0.95954998
-0.17794646 -0.98404017
-0.07729701 -0.99700811
0.02228395 -0.99975168
0.12303951 -0.99240177
0.22736465 -0.97380969
0.33752927 -0.94131503
0.44346343 -0.89629246
0.52972231 -0.84817114
0.59365555 -0.80471926
0.63619091 -0.77153168
0.65987673 -0.75137388
0.66741359 -0.74468725
0.65040552 -0.75958716
0.59542904 -0.80340790
0.48710530 -0.87334325
0.29679036 -0.95494266
0.08872708 -0.99605597
-0.02716008 -0.99963110
-0.04544247 -0.99896696
-0.01987067 -0.99980256
-0.00018512 -0.99999998
0.01394654 -0.99990274
0.02277635 -0.99974059
0.02646738 -0.99964968
0.02508984 -0.99968520
0.02128007 -0.99977355
0.01767703 -0.99984375
0.01428419 -0.99989798
0.01110475 -0.99993834
0.00814162 -0.99996686
0.00539748 -0.99998543
0.00287470 -0.99999587
0.00057539 -0.99999983
-0.00149860 -0.99999888
-0.00334570 -0.99999440
-0.00496461 -0.99998768
-0.00635430 -0.99997981
-0.00751401 -0.99997177
-0.00848231 -0.99996402
-0.00929830 -0.99995677
-0.00996216 -0.99995038
-0.01047407 -0.99994515
-0.01083417 -0.99994131
-0.01104258 -0.99993903
-0.01109941 -0.99993840
-0.01100473 -0.99993945
-0.01075860 -0.99994212
-0.01036104 -0.99994632
-0.00981208 -0.99995186
-0.00911168 -0.99995849
-0.00825982 -0.99996589
-0.00725644 -0.99997367
-0.00610146 -0.99998139
-0.00479479 -0.99998850
-0.00333631 -0.99999443
-0.00172589 -0.99999851
0.00003662 -1.00000000
0.00195137 -0.99999810
0.00401854 -0.99999193
0.00623831 -0.99998054
0.00861087 -0.99996293
0.01113641 -0.99993799
0.01381513 -0.99990457
0.01381513 -0.99990457
0.01381513 -0.99990457
0.01381513 -0.99990457
0.01381513 -0.99990457
0.01381513 -0.99990457
0.01381513 -0.99990457
0.01381513 -0.99990457
0.01381513 -0.99990457
0.01381513 -0.99990457
0.01381513 -0.99990457
0.01381513 -0.99990457
0.01381513 -0.99990457
0.01381513 -0.99990457
0.01381513 -0.99990457
0.01381513 -0.99990457
0.01381513 -0.99990457
0.01381513 -0.99990457
0.01381513 -0.99990457
0.01381513 -0.99990457
0.01381513 -0.99990457
0.01381513 -0.99990457
0.01381513 -0.99990457
0.01381513 -0.99990457
0.01381513 -0.99990457
0.01381513 -0.99990457
0.01381513 -0.99990457
0.01381513 -0.99990457
0.01381513 -0.99990457
0.01381513 -0.99990457
0.01381513 -0.99990457
0.01381513 -0.99990457
0.01381513 -0.99990457
0.01381513 -0.99990457
0.01381513 -0.99990457
0.01381513 -0.99990457
0.01381513 -0.99990457
0.01381513 -0.99990457
0.01381513 -0.99990457
0.01381513 -0.99990457
0.01381513 -0.99990457
0.01381513 -0.99990457
0.01381513 -0.99990457
0.01381513 -0.99990457
0.01381513 -0.99990457
0.01381513 -0.99990457
