0.00543271 0.99998524
0.00237685 0.99999718
-0.00024768 0.99999997
-0.00244913 0.99999700
-0.00423507 0.99999103
-0.00561239 0.99998425
-0.00658731 0.99997830
-0.00716540 0.99997433
-0.00735161 0.99997298
-0.00715029 0.99997444
-0.00656517 0.99997845
-0.00559945 0.99998432
-0.00425577 0.99999094
-0.00253623 0.99999678
-0.00044242 0.99999990
0.00202454 0.99999795
0.00486400 0.99998817
0.00807577 0.99996739
0.01166007 0.99993202
0.01561753 0.99987804
0.01994914 0.99980100
0.02465626 0.99969599
0.02974054 0.99955765
0.03520397 0.99938015
0.04104875 0.99915714
0.04727735 0.99888180
0.05389241 0.99854675
0.06089672 0.99814407
0.06829320 0.99766529
0.07608481 0.99710135
0.08427452 0.99644257
0.09286528 0.99567868
0.10185992 0.99479875
0.11126110 0.99379121
0.12107123 0.99264382
0.13129243 0.99134368
0.14192640 0.98987721
0.15297436 0.98823016
0.16443694 0.98638760
0.17631412 0.98433395
0.18860505 0.98205302
0.20130802 0.97952799
0.21442029 0.97674149
0.22793801 0.97367565
0.24185607 0.97031214
0.25616798 0.96663228
0.27086578 0.96261712
0.28593989 0.95824756
0.30137900 0.95350443
0.31716998 0.94836871
0.33329777 0.94282161
0.34974530 0.93684483
0.36649342 0.93042064
0.38352087 0.92353221
0.40027987 0.91639294
0.41624230 0.90925373
0.43141679 0.90215274
0.44581436 0.89512544
0.45944797 0.88820468
0.47233208 0.88142067
0.48448228 0.87480108
0.49591491 0.86837112
0.50664680 0.86215371
0.51669493 0.85616958
0.52607622 0.85043742
0.53480729 0.84497406
0.54290428 0.83979459
0.55038267 0.83491252
0.55725718 0.83033995
0.56354157 0.82608771
0.56924863 0.82216543
0.57439001 0.81858177
0.57897620 0.81534444
0.58301643 0.81246036
0.58651863 0.80993573
0.58948938 0.80777613
0.59193383 0.80598657
0.59385571 0.80457156
0.59525727 0.80353518
0.59613923 0.80288107
0.59650075 0.80261252
0.59685178 0.80235151
0.59770498 0.80171613
0.59906134 0.80070313
0.60092043 0.79930885
0.60328029 0.79752924
0.60613750 0.79535988
0.60948703 0.79279604
0.61332231 0.78983273
0.61763511 0.78646480
0.62241554 0.78268697
0.62765205 0.77849400
0.63333136 0.77388073
0.63943850 0.76884225
0.64595675 0.76337401
0.65286770 0.75747196
0.66015125 0.75113270
0.66778566 0.74435362
0.67574760 0.73713308
0.68401225 0.72947052
0.69255336 0.72136665
0.70134343 0.71282354
0.71035378 0.70384480
0.71955477 0.69443569
0.72891595 0.68460319
0.73840630 0.67435609
0.74799437 0.66370507
0.75581149 0.65478927
0.76016254 0.64973296
0.76119047 0.64852838
0.75892600 0.65117688
0.75328795 0.65769086
0.74408089 0.66808953
0.73099026 0.68238789
0.71357652 0.70057730
0.69127098 0.72259562
0.66337817 0.74828431
0.62909226 0.77733064
0.58753883 0.80919597
0.53785583 0.84303684
0.47932702 0.87763637
0.41645037 0.90915845
0.35496073 0.93488121
0.29604907 0.95517273
0.24064154 0.97061406
0.18938589 0.98190274
0.14267452 0.98976966
0.10068884 0.99491797
0.06345112 0.99798495
0.03087419 0.99952328
0.00280389 0.99999607
-0.02094754 0.99978058
-0.04057670 0.99917643
-0.05627176 0.99841549
-0.06888876 0.99762435
-0.07923943 0.99685561
-0.08741636 0.99617186
-0.09349159 0.99562007
-0.09751655 0.99523390
-0.09952209 0.99503535
-0.09951837 0.99503572
-0.09749471 0.99523604
-0.09341916 0.99562687
-0.08723799 0.99618750
-0.07887500 0.99688451
-0.06823073 0.99766957
-0.05518168 0.99847633
-0.04141379 0.99914208
-0.02877617 0.99958588
-0.01736482 0.99984922
-0.00726561 0.99997361
0.00144673 0.99999895
0.00870926 0.99996207
0.01447140 0.99989528
0.01869515 0.99982523
0.02135530 0.99977195
0.02243934 0.99974821
0.02194744 0.99975913
0.01989222 0.99980213
0.01629852 0.99986717
0.01214021 0.99992630
0.00836261 0.99996503
0.00495720 0.99998771
0.00191611 0.99999816
-0.00076793 0.99999971
-0.00310155 0.99999519
-0.00509079 0.99998704
-0.00674111 0.99997728
-0.00805739 0.99996754
-0.00904398 0.99995910
-0.00970466 0.99995291
-0.01004270 0.99994957
-0.01006083 0.99994939
-0.00976131 0.99995236
-0.00914587 0.99995818
-0.00821579 0.99996625
-0.00697186 0.99997570
-0.00541440 0.99998534
-0.00354330 0.99999372
-0.00135799 0.99999908
0.00114253 0.99999935
0.00395969 0.99999216
0.00709533 0.99997483
0.01055172 0.99994433
0.01433149 0.99989730
0.01843769 0.99983001
0.02287375 0.99973836
0.02675096 0.99964213
0.02917651 0.99957427
0.03014608 0.99954550
0.02965274 0.99956026
0.02768676 0.99961665
0.02423567 0.99970627
0.01928433 0.99981404
0.01281521 0.99991788
0.00480882 0.99998844
-0.00475566 0.99998869
-0.01589963 0.99987359
-0.02864402 0.99958968
-0.04300804 0.99907473
-0.05900766 0.99825753
-0.07665384 0.99705777
-0.09595048 0.99538611
-0.11689211 0.99314462
-0.13946137 0.99022751
-0.16362635 0.98652239
-0.18933790 0.98191199
-0.21652703 0.97627662
-0.24510260 0.96949715
-0.27494951 0.96145867
-0.30592771 0.95205475
-0.33787205 0.94119205
-0.37059354 0.92879515
-0.40296982 0.91521327
-0.43406029 0.90088383
-0.46393381 0.88586986
-0.49266042 0.87022164
-0.52030979 0.85397759
-0.54695009 0.83716521
-0.57264708 0.81980200
-0.59746332 0.80189624
-0.62145767 0.78344775
-0.64468472 0.76444856
-0.66719450 0.74488355
-0.68903204 0.72473088
-0.71023709 0.70396255
-0.73084379 0.68254476
-0.75088033 0.66043829
-0.77036852 0.63759889
-0.78932342 0.61397764
-0.80775283 0.58952130
-0.82565672 0.56417282
-0.84302664 0.53787181
-0.85984499 0.51055519
-0.87608430 0.48215796
-0.89170644 0.45261421
-0.90666178 0.42185829
-0.92088840 0.38982632
-0.93431135 0.35645798
-0.94684210 0.32169868
-0.95792573 0.28701620
-0.96722694 0.25391346
-0.97496166 0.22237301
-0.98132555 0.19235425
-0.98649371 0.16379916
-0.99062118 0.13663702
-0.99384407 0.11078791
-0.99628084 0.08616545
-0.99803377 0.06267846
-0.99919036 0.04023204
-0.99982462 0.01872772
-0.99999812 -0.00193702
-0.99976082 -0.02187012
-0.99915716 -0.04104842
-0.99824727 -0.05918101
-0.99710985 -0.07597335
-0.99583907 -0.09112925
-0.99453963 -0.10435960
-0.99332012 -0.11539126
-0.99228523 -0.12397587
-0.99152735 -0.12989811
-0.99111829 -0.13298323
-0.99110211 -0.13310373
-0.99148971 -0.13018506
-0.99225593 -0.12421019
-0.99333967 -0.11522287
-0.99447665 -0.10495803
-0.99546895 -0.09508721
-0.99632911 -0.08560550
-0.99706899 -0.07650773
-0.99769971 -0.06778852
-0.99823174 -0.05944240
-0.99867486 -0.05146379
-0.99903825 -0.04384711
-0.99933048 -0.03658676
-0.99955953 -0.02967724
-0.99973286 -0.02311311
-0.99985737 -0.01688907
-0.99993950 -0.01099996
-0.99998520 -0.00544079
-0.99999998 -0.00020677
-0.99998892 0.00470670
-0.99995672 0.00930397
-0.99990766 0.01358916
-0.99984570 0.01756616
-0.99977444 0.02123856
-0.99969713 0.02460972
-0.99961676 0.02768271
-0.99953598 0.03046030
-0.99945717 0.03294500
-0.99938243 0.03513902
-0.99931363 0.03704425
-0.99925233 0.03866230
-0.99919990 0.03999448
-0.99915743 0.04104179
-0.99912579 0.04180491
-0.99910562 0.04228421
-0.99909733 0.04247976
-0.99910108 0.04239130
-0.99911684 0.04201826
-0.99914432 0.04135975
-0.99918300 0.04041454
-0.99923213 0.03918111
-0.99929070 0.03765760
-0.99935748 0.03584181
-0.99943094 0.03373124
-0.99950931 0.03132306
-0.99959053 0.02861410
-0.99967224 0.02560087
-0.99975178 0.02227956
-0.99982615 0.01864605
-0.99989201 0.01469587
-0.99994567 0.01042427
-0.99998303 0.00582618
-0.99999960 0.00089621
-0.99999045 -0.00437130
-0.99995018 -0.00998230
-0.99987290 -0.01594301
-0.99975222 -0.02225989
-0.99959645 -0.02840649
-0.99942758 -0.03383059
-0.99925841 -0.03850489
-0.99910035 -0.04240859
-0.99896308 -0.04552754
-0.99885432 -0.04785436
-0.99877965 -0.04938833
-0.99874244 -0.05013524
-0.99874385 -0.05010710
-0.99878294 -0.04932176
-0.99885681 -0.04780246
-0.99896081 -0.04557731
-0.99908885 -0.04267873
-0.99923363 -0.03914282
-0.99938701 -0.03500875
-0.99954030 -0.03031813
-0.99968458 -0.02511438
-0.99981098 -0.01944211
-0.99991093 -0.01334657
-0.99997638 -0.00687305
-1.00000000 -0.00006643
-0.99997529 0.00702930
-0.99989673 0.01437143
-0.99975975 0.02191886
-0.99956086 0.02963239
-0.99929757 0.03747494
-0.99896835 0.04541174
-0.99868839 0.05120064
-0.99860315 0.05283694
-0.99872006 0.05057907
-0.99900449 0.04460984
-0.99938561 0.03504861
-0.99975880 0.02196206
-0.99998556 0.00537440
-0.99989162 -0.01472264
-0.99926402 -0.03835904
-0.99784768 -0.06557443
-0.99534230 -0.09640386
-0.99140073 -0.13086095
-0.98563012 -0.16891794
-0.97809277 -0.20816950
-0.96918775 -0.24632319
-0.95897817 -0.28347993
-0.94750415 -0.31974347
-0.93478351 -0.35521794
-0.92081238 -0.39000584
-0.90556560 -0.42420625
-0.88899693 -0.45791316
-0.87103905 -0.49121377
-0.85160345 -0.52418658
-0.83058004 -0.55689927
-0.80783691 -0.58940608
-0.78322002 -0.62174464
-0.75716938 -0.65321859
-0.73040742 -0.68301172
-0.70319387 -0.71099816
-0.67579015 -0.73709407
-0.64845082 -0.76125655
-0.62141630 -0.78348056
-0.59490719 -0.80379440
-0.56912034 -0.82225424
-0.54422657 -0.83893828
-0.52036996 -0.85394093
-0.49766845 -0.86736735
-0.47621531 -0.87932871
-0.45608135 -0.88993809
-0.43595130 -0.89997026
-0.41442026 -0.91008563
-0.39140785 -0.92021731
-0.36683324 -0.93028672
-0.34061700 -0.94020214
-0.31268359 -0.94985734
-0.28296438 -0.95913042
-0.25140125 -0.96788295
-0.21795083 -0.97595975
-0.18258932 -0.98318927
-0.14531775 -0.98938504
-0.10616744 -0.99434827
-0.06520545 -0.99787186
-0.02672621 -0.99964279
0.00510802 -0.99998695
0.03044689 -0.99953639
0.04945677 -0.99877627
0.06227553 -0.99805900
0.06898122 -0.99761796
0.06957135 -0.99757698
0.06394999 -0.99795310
0.05192174 -0.99865116
0.03319326 -0.99944895
0.00738519 -0.99997273
-0.02593976 -0.99966351
-0.06722412 -0.99773790
-0.11430606 -0.99344558
-0.16480763 -0.98632573
-0.21872473 -0.97578660
-0.27591808 -0.96118115
-0.33607190 -0.94183633
-0.39865572 -0.91710066
-0.46289879 -0.88641114
-0.52778888 -0.84937559
-0.59210712 -0.80585927
-0.65450470 -0.75605794
-0.71361699 -0.70053608
-0.76819753 -0.64021289
-0.81724433 -0.57629134
-0.85815478 -0.51339105
-0.89018118 -0.45560671
-0.91515315 -0.40310634
-0.93459646 -0.35570979
-0.94973556 -0.31305329
-0.96153129 -0.27469541
-0.97072842 -0.24017978
-0.97790086 -0.20906916
-0.98349012 -0.18096181
-0.98783628 -0.15549752
-0.99120199 -0.13235792
-0.99379089 -0.11126392
-0.99576162 -0.09197175
-0.99723827 -0.07426868
-0.99833021 -0.05776500
-0.99910519 -0.04229451
-0.99960803 -0.02799631
-0.99988746 -0.01500246
-0.99999410 -0.00343603
-0.99997828 0.00659050
-0.99988784 0.01497672
-0.99976593 0.02163537
-0.99964899 0.02649332
-0.99956501 0.02949229
-0.99953203 0.03058951
-0.99955712 0.02975829
-0.99963574 0.02698855
-0.99972806 0.02331960
-0.99980416 0.01978973
-0.99986551 0.01639993
-0.99991352 0.01315110
-0.99994956 0.01004405
-0.99997494 0.00707950
-0.99999093 0.00425805
-0.99999875 0.00158025
-0.99999955 -0.00095347
-0.99999441 -0.00334274
-0.99998439 -0.00558729
-0.99997046 -0.00768693
-0.99995352 -0.00964154
-0.99993443 -0.01145107
-0.99991399 -0.01311557
-0.99989290 -0.01463513
-0.99987183 -0.01600993
-0.99985138 -0.01724022
-0.99983206 -0.01832631
-0.99981434 -0.01926856
-0.99979863 -0.02006741
-0.99978525 -0.02072336
-0.99977447 -0.02123696
-0.99976650 -0.02160884
-0.99976149 -0.02183964
-0.99975951 -0.02193011
-0.99975923 -0.02194266
-0.99975931 -0.02193926
-0.99975973 -0.02191999
-0.99976050 -0.02188491
-0.99976161 -0.02183410
-0.99976306 -0.02176759
-0.99976484 -0.02168543
-0.99976696 -0.02158764
-0.99976940 -0.02147422
-0.99977217 -0.02134519
-0.99977524 -0.02120054
-0.99977863 -0.02104024
-0.99978232 -0.02086427
-0.99978630 -0.02067259
-0.99979057 -0.02046513
-0.99979511 -0.02024185
-0.99979993 -0.02000267
-0.99980500 -0.01974749
-0.99981032 -0.01947623
-0.99981588 -0.01918877
-0.99982166 -0.01888500
-0.99982766 -0.01856478
-0.99983386 -0.01822798
-0.99984024 -0.01787443
-0.99984679 -0.01750397
-0.99985350 -0.01711642
-0.99986035 -0.01671158
-0.99987341 -0.01591094
-0.99989727 -0.01433372
-0.99992829 -0.01197585
-0.99996099 -0.00883268
-0.99998800 -0.00489902
-0.99999999 -0.00016918
-0.99998562 0.00536286
-0.99993151 0.01170338
-0.99982216 0.01885873
-0.99963987 0.02683518
-0.99936474 0.03563868
-0.99897458 0.04527463
-0.99844489 0.05574759
-0.99774888 0.06706096
-0.99685742 0.07921668
-0.99573914 0.09221479
-0.99436047 0.10605305
-0.99268581 0.12072651
-0.99067765 0.13622703
-0.98829686 0.15254283
-0.98550300 0.16965799
-0.98225467 0.18755203
-0.97850999 0.20619942
-0.97422715 0.22556921
-0.96936501 0.24562467
-0.96388382 0.26632308
-0.95799134 0.28679713
-0.95196370 0.30621089
-0.94586217 0.32456857
-0.93974376 0.34187961
-0.93366109 0.35815774
-0.92766234 0.37342012
-0.92179129 0.38768650
-0.91608747 0.40097849
-0.91058634 0.41331891
-0.90531951 0.42473119
-0.90031500 0.43523890
-0.89559750 0.44486527
-0.89118866 0.45363286
-0.88710732 0.46156323
-0.88336978 0.46867667
-0.87999009 0.47499204
-0.87698018 0.48052654
-0.87435015 0.48529560
-0.87210839 0.48931274
-0.87026176 0.49258955
-0.86881575 0.49513553
-0.86777452 0.49695813
-0.86714107 0.49806262
-0.86691721 0.49845215
-0.86710369 0.49812768
-0.86770014 0.49708799
-0.86870507 0.49532969
-0.87012378 0.49283324
-0.87195997 0.48957717
-0.87420778 0.48555201
-0.87685967 0.48074642
-0.87990631 0.47514723
-0.88333641 0.46873957
-0.88713656 0.46150701
-0.89129100 0.45343175
-0.89578144 0.44449479
-0.90058678 0.43467626
-0.90568294 0.42395567
-0.91104257 0.41231230
-0.91663483 0.39972564
-0.92242518 0.38617585
-0.92837518 0.37164436
-0.93444234 0.35611446
-0.94058005 0.33957204
-0.94673752 0.32200630
-0.95285990 0.30341063
-0.95888840 0.28378342
-0.96476067 0.26312894
-0.97041120 0.24145827
-0.97577196 0.21879006
-0.98077313 0.19515138
-0.98534412 0.17057835
-0.98941456 0.14511664
-0.99276838 0.12004562
-0.99532080 0.09662563
-0.99719335 0.07486943
-0.99849862 0.05477680
-0.99933958 0.03633749
-0.99980920 0.01953387
-0.99999057 0.00434338
-0.99995713 -0.00925949
-0.99977310 -0.02130142
-0.99949397 -0.03180883
-0.99916706 -0.04080668
-0.99883203 -0.04831746
-0.99852138 -0.05436048
-0.99826087 -0.05895120
-0.99806988 -0.06210078
-0.99796170 -0.06381571
-0.99794364 -0.06409758
-0.99801713 -0.06294289
-0.99817770 -0.06034300
-0.99841479 -0.05628413
-0.99871151 -0.05074752
-0.99904428 -0.04370960
-0.99938232 -0.03514236
-0.99968710 -0.02501387
-0.99991170 -0.01328896
-1.00000000 0.00006986
-0.99990768 0.01358803
-0.99966887 0.02573222
-0.99933516 0.03645876
-0.99895377 0.04573146
-0.99856673 0.05352097
-0.99821013 0.05980418
-0.99791359 0.06456363
-0.99769982 0.06778699
-0.99758427 0.06946665
-0.99757502 0.06959945
-0.99767259 0.06818650
-0.99787005 0.06523316
-0.99815307 0.06074912
-0.99850017 0.05474870
-0.99888304 0.04725117
-0.99926701 0.03828121
-0.99961157 0.02786943
-0.99987114 0.01605295
-0.99999586 0.00287595
-0.99993260 -0.01160981
-0.99962607 -0.02734452
-0.99902004 -0.04426007
-0.99805872 -0.06227991
-0.99668812 -0.08131912
-0.99485747 -0.10128484
-0.99252065 -0.12207683
-0.99006698 -0.14059653
-0.98806727 -0.15402293
-0.98669052 -0.16260937
-0.98603657 -0.16652892
-0.98614714 -0.16587288
-0.98701124 -0.16065118
-0.98856525 -0.15079375
-0.99068781 -0.13615306
-0.99318968 -0.11650865
-0.99579815 -0.09157538
-0.99813667 -0.06101801
-0.99970041 -0.02447616
-0.99983079 0.01839550
-0.99769443 0.06786621
-0.99271816 0.12046015
-0.98502482 0.17241262
-0.97471012 0.22347302
-0.96189462 0.27342045
-0.94671697 0.32206672
-0.92932710 0.36925756
-0.90987970 0.41487218
-0.88852847 0.45882149
-0.86542106 0.50104530
-0.84069510 0.54150877
-0.81447516 0.58019843
-0.78687060 0.61711803
-0.75797431 0.65228440
-0.72983937 0.68361868
-0.70501545 0.70919195
-0.68416512 0.72932715
-0.66774654 0.74438871
-0.65603921 0.75472681
-0.64917361 0.76064028
-0.64715775 0.76235612
-0.64989709 0.76002222
-0.65720662 0.75371046
-0.66881587 0.74342810
-0.68436881 0.72913601
-0.70342134 0.71077311
-0.72543971 0.68828572
-0.74817854 0.66349746
-0.76994806 0.63810656
-0.79094584 0.61188617
-0.81132621 0.58459368
-0.83120385 0.55596777
-0.85065461 0.52572496
-0.86971381 0.49355638
-0.88837175 0.45912486
-0.90656638 0.42206327
-0.92417273 0.38197482
-0.94098911 0.33843684
-0.95672002 0.29100999
-0.97095665 0.23925550
-0.98275533 0.18491066
-0.99148094 0.13025182
-0.99713391 0.07565686
-0.99976922 0.02148280
-0.99948964 -0.03194475
-0.99643707 -0.08433958
-0.99078284 -0.13545984
-0.98271778 -0.18511015
-0.97244289 -0.23314122
-0.96016103 -0.27944732
-0.94606998 -0.32396235
-0.93035701 -0.36665492
-0.91319493 -0.40752304
-0.89473941 -0.44658862
-0.87512752 -0.48389237
-0.85447714 -0.51948900
-0.83288707 -0.55344298
-0.81043767 -0.58582487
-0.78719184 -0.61670821
-0.76319616 -0.64616686
-0.73848224 -0.67427293
-0.71306796 -0.70109492
-0.68695882 -0.72669634
-0.66014920 -0.75113450
-0.63262352 -0.77445947
-0.60435749 -0.79671326
-0.57531915 -0.81792902
-0.54576537 -0.83793804
-0.51600123 -0.85658784
-0.48605465 -0.87392842
-0.45594434 -0.89000829
-0.42568060 -0.90487348
-0.39526613 -0.91856665
-0.36469684 -0.93112632
-0.33396263 -0.94258631
-0.30304820 -0.95297523
-0.27193371 -0.96231599
-0.24059555 -0.97062546
-0.20900703 -0.97791414
-0.17713907 -0.98418583
-0.14496094 -0.98943738
-0.11244096 -0.99365841
-0.07954731 -0.99683109
-0.04624886 -0.99892995
-0.01251605 -0.99992167
0.02167802 -0.99976500
0.05635656 -0.99841071
0.09153776 -0.99580161
0.12723346 -0.99187280
0.16344761 -0.98655202
0.20017463 -0.97976024
0.23739761 -0.97141257
0.27508650 -0.96141948
0.31264115 -0.94987131
0.34944033 -0.93695862
0.38541816 -0.92274202
0.42051776 -0.90728430
0.45469093 -0.89064929
0.48789771 -0.87290081
0.52010584 -0.85410182
0.55129012 -0.83431362
0.58143162 -0.81359528
0.61051700 -0.79200315
0.63853772 -0.76959053
0.66548925 -0.74640744
0.69137038 -0.72250051
0.71618253 -0.69791302
0.73992909 -0.67268488
0.76261482 -0.64685287
0.78424538 -0.62045079
0.80482681 -0.59350974
0.82436516 -0.56605837
0.84286617 -0.53812324
0.86033493 -0.50972915
0.87677574 -0.48089947
0.89219191 -0.45165651
0.90658564 -0.42202189
0.91995802 -0.39201689
0.93230899 -0.36166277
0.94363737 -0.33098114
0.95395401 -0.29995290
0.96330593 -0.26840581
0.97172191 -0.23612821
0.97919910 -0.20290175
0.98570163 -0.16850012
0.99115783 -0.13268820
0.99545605 -0.09522209
0.99843915 -0.05585044
0.99989750 -0.01431767
0.99956093 0.02963001
0.99708990 0.07623473
0.99206679 0.12571187
0.98398914 0.17822845
0.97233076 0.23360841
0.95663175 0.29130001
0.93647608 0.35073146
0.91155732 0.41117301
0.88172716 0.47175970
0.84703593 0.53153564
0.80775586 0.58951715
0.76437949 0.64476663
0.71759042 0.69646536
0.66821024 0.74397249
0.61713078 0.78686059
0.56524390 0.82492384
0.51338018 0.85816129
0.46770568 0.88388426
0.43325448 0.90127163
0.40908709 0.91249534
0.39444724 0.91891859
0.38887185 0.92129185
0.39223379 0.91986556
0.40476059 0.91442269
0.42704270 0.90423146
0.46002089 0.88790809
0.50490891 0.86317263
0.56294739 0.82649273
0.63478270 0.77269070
0.71915850 0.69484607
0.80241107 0.59677171
0.87075250 0.49172155
0.92226438 0.38655971
0.95781950 0.28737049
0.98013639 0.19832464
0.99258850 0.12152398
0.99834671 0.05747912
0.99998347 0.00574957
0.99940373 -0.03452811
0.99793098 -0.06429426
0.99643433 -0.08437199
0.99544176 -0.09537143
0.99522095 -0.09764862
0.99542432 -0.09555326
0.99563509 -0.09333150
0.99585240 -0.09098355
0.99607532 -0.08850965
0.99630289 -0.08591015
0.99653409 -0.08318540
0.99676785 -0.08033586
0.99700307 -0.07736201
0.99723858 -0.07426443
0.99747320 -0.07104372
0.99770568 -0.06770059
0.99793475 -0.06423579
0.99815909 -0.06065015
0.99837734 -0.05694457
0.99858813 -0.05312003
0.99879005 -0.04917756
0.99898165 -0.04511829
0.99916147 -0.04094341
0.99932801 -0.03665420
0.99947977 -0.03225201
0.99961522 -0.02773826
0.99973282 -0.02311448
0.99983103 -0.01838226
0.99990829 -0.01354326
0.99996303 -0.00859924
0.99999369 -0.00355204
0.99999906 0.00136849
0.99998238 0.00593592
0.99994845 0.01015333
0.99990166 0.01402360
0.99984600 0.01754942
0.99978504 0.02073325
0.99972202 0.02357731
0.99965977 0.02608356
0.99960078 0.02825373
0.99954722 0.03008923
0.99950087 0.03159122
0.99946323 0.03276057
0.99943543 0.03359786
0.99941831 0.03410335
0.99941237 0.03427702
0.99941779 0.03411854
0.99943444 0.03362726
0.99946186 0.03280225
0.99949926 0.03164224
0.99954552 0.03014567
0.99959917 0.02831067
0.99965842 0.02613508
0.99972109 0.02361642
0.99978466 0.02075193
0.99984619 0.01753856
0.99990237 0.01397300
0.99994948 0.01005165
0.99998489 0.00549791
1.00000000 0.00003227
0.99997981 -0.00635371
0.99990658 -0.01366874
0.99975969 -0.02192157
0.99951563 -0.03112071
0.99914786 -0.04127411
0.99862677 -0.05238874
0.99791963 -0.06447021
0.99699062 -0.07752228
0.99580082 -0.09154626
0.99430836 -0.10654049
0.99246855 -0.12249968
0.99023415 -0.13941423
0.98755571 -0.15726955
0.98438205 -0.17604537
0.98066081 -0.19571506
0.97633914 -0.21624498
0.97136457 -0.23759392
0.96568594 -0.25971267
0.95925444 -0.28254366
0.95202481 -0.30602086
0.94395651 -0.33006986
0.93501499 -0.35460820
0.92517288 -0.37954596
0.91441118 -0.40478661
0.90332397 -0.42895898
0.89261429 -0.45082116
0.88241489 -0.47047207
0.87283572 -0.48801415
0.86396655 -0.50354920
0.85587964 -0.51717506
0.84863229 -0.52898321
0.84226931 -0.53905697
0.83682510 -0.54747033
0.83232554 -0.55428711
0.82878955 -0.55956044
0.82623031 -0.56333247
0.82465627 -0.56563420
0.82407177 -0.56648540
0.82447755 -0.56589466
0.82587084 -0.56385934
0.82824531 -0.56036569
0.83159071 -0.55538896
0.83589230 -0.54889348
0.84113000 -0.54083298
0.84727724 -0.53115090
0.85429959 -0.51978093
0.86215308 -0.50664787
0.87078231 -0.49166876
0.88011826 -0.47475451
0.89007599 -0.45581217
0.90055225 -0.43474780
0.91087814 -0.41267543
0.92046888 -0.39081586
0.92933635 -0.36923428
0.93749748 -0.34799207
0.94497370 -0.32714631
0.95179029 -0.30674947
0.95797575 -0.28684918
0.96356114 -0.26748819
0.96857946 -0.24870429
0.97306510 -0.23053048
0.97705326 -0.21299515
0.98057945 -0.19612224
0.98367912 -0.17993162
0.98638719 -0.16443936
0.98873781 -0.14965808
0.99076403 -0.13559731
0.99249763 -0.12226386
0.99396892 -0.10966215
0.99520662 -0.09779457
0.99623779 -0.08666179
0.99708773 -0.07626309
0.99777998 -0.06659664
0.99833629 -0.05765976
0.99877664 -0.04944913
0.99911925 -0.04196108
0.99938058 -0.03519172
0.99958067 -0.02895655
0.99973378 -0.02307308
0.99984616 -0.01754036
0.99992365 -0.01235729
0.99997170 -0.00752271
0.99999539 -0.00303539
0.99999939 0.00110592
0.99998798 0.00490248
0.99996509 0.00835552
0.99993426 0.01146625
0.99989867 0.01423582
0.99986112 0.01666530
0.99982410 0.01875569
0.99978969 0.02050790
0.99975967 0.02192271
0.99973545 0.02300081
0.99971810 0.02374275
0.99970837 0.02414898
0.99970666 0.02421980
0.99971303 0.02395539
0.99972722 0.02335580
0.99974862 0.02242094
0.99977630 0.02115062
0.99980899 0.01954449
0.99984507 0.01760212
0.99988260 0.01532296
0.99991927 0.01270636
0.99995053 0.00994639
0.99997381 0.00723741
0.99998952 0.00457910
0.99999806 0.00197118
0.99999983 -0.00058663
0.99999521 -0.00309462
0.99998458 -0.00555305
0.99996830 -0.00796217
0.99994672 -0.01032223
0.99992019 -0.01263348
0.99988905 -0.01489613
0.99985361 -0.01711040
0.99981419 -0.01927649
0.99977111 -0.02139461
0.99972466 -0.02346494
0.99967514 -0.02548764
0.99962282 -0.02746288
0.99956800 -0.02939082
0.99951092 -0.03127158
0.99945187 -0.03310529
0.99939109 -0.03489207
0.99932882 -0.03663202
0.99926532 -0.03832523
0.99920081 -0.03997177
0.99913552 -0.04157171
0.99906968 -0.04312510
0.99901435 -0.04438832
0.99898178 -0.04511550
0.99897324 -0.04530415
0.99898911 -0.04495291
0.99902882 -0.04406159
0.99909088 -0.04263117
0.99917289 -0.04066377
0.99927154 -0.03816272
0.99938266 -0.03513253
0.99950126 -0.03157889
0.99962156 -0.02750871
0.99973707 -0.02293012
0.99984063 -0.01785244
0.99992452 -0.01228622
0.99998051 -0.00624320
0.99999997 0.00026367
0.99997393 0.00722026
0.99989325 0.01461129
0.99974863 0.02242035
0.99953079 0.03062998
0.99923054 0.03922165
0.99883887 0.04817589
0.99834710 0.05747233
0.99774694 0.06708978
0.99703060 0.07700633
0.99619087 0.08719945
0.99522120 0.09764607
0.99450298 0.10470830
0.99448280 0.10489978
0.99516524 0.09821476
0.99643493 0.08436486
0.99802835 0.06276481
0.99947144 0.03250897
0.99997074 -0.00765028
0.99824044 -0.05929602
0.99225032 -0.12425500
0.97890622 -0.20431011
0.95376853 -0.30054217
0.91112550 -0.41212902
0.84502443 -0.53472771
0.75875347 -0.65137790
0.66463092 -0.74717183
0.57099518 -0.82095341
0.48395060 -0.87509532
0.40680264 -0.91351607
0.34064218 -0.94019301
0.28521849 -0.95846253
0.23963986 -0.97086185
0.20280817 -0.97921849
0.17364592 -0.98480815
0.15119580 -0.98850383
0.13465215 -0.99089293
0.12336004 -0.99236198
0.11552771 -0.99330426
0.10947779 -0.99398924
0.10494059 -0.99447849
0.10176351 -0.99480862
0.09989425 -0.99499806
0.09938337 -0.99504922
0.10040981 -0.99494616
0.10188768 -0.99479591
0.10237325 -0.99474606
0.10165357 -0.99481986
0.09956748 -0.99503081
0.09604334 -0.99537715
0.09112778 -0.99583921
0.08499408 -0.99638146
0.07851892 -0.99691262
0.07239018 -0.99737639
0.06658625 -0.99778067
0.06108742 -0.99813242
0.05587568 -0.99843773
0.05093457 -0.99870199
0.04624906 -0.99892994
0.04180540 -0.99912577
0.03759100 -0.99929321
0.03359437 -0.99943555
0.02980498 -0.99955573
0.02621322 -0.99965637
0.02281031 -0.99973981
0.01958371 -0.99980822
0.01652446 -0.99986346
0.01362986 -0.99990711
0.01089738 -0.99994062
0.00832459 -0.99996535
0.00590923 -0.99998254
0.00364917 -0.99999334
0.00154239 -0.99999881
-0.00041296 -0.99999991
-0.00221863 -0.99999754
-0.00387623 -0.99999249
-0.00538724 -0.99998549
-0.00675301 -0.99997720
-0.00797478 -0.99996820
-0.00905367 -0.99995901
-0.00999064 -0.99995009
-0.01078658 -0.99994182
-0.01144224 -0.99993454
-0.01195823 -0.99992850
-0.01233508 -0.99992392
-0.01257318 -0.99992095
-0.01267281 -0.99991970
-0.01263412 -0.99992019
-0.01245718 -0.99992241
-0.01214190 -0.99992628
-0.01168810 -0.99993169
-0.01117037 -0.99993761
-0.01066347 -0.99994314
-0.01016742 -0.99994831
-0.00968223 -0.99995313
-0.00920794 -0.99995761
-0.00874455 -0.99996177
-0.00829209 -0.99996562
-0.00785057 -0.99996918
-0.00742000 -0.99997247
-0.00700042 -0.99997550
-0.00659182 -0.99997827
-0.00619423 -0.99998082
-0.00580766 -0.99998314
-0.00543214 -0.99998525
-0.00506766 -0.99998716
-0.00471426 -0.99998889
-0.00437193 -0.99999044
-0.00404070 -0.99999184
-0.00372058 -0.99999308
-0.00341159 -0.99999418
-0.00311372 -0.99999515
-0.00282701 -0.99999600
-0.00255145 -0.99999675
-0.00228706 -0.99999738
-0.00203385 -0.99999793
-0.00179184 -0.99999839
-0.00156102 -0.99999878
-0.00134142 -0.99999910
-0.00113305 -0.99999936
-0.00093590 -0.99999956
-0.00074999 -0.99999972
-0.00057534 -0.99999983
-0.00041194 -0.99999992
-0.00025980 -0.99999997
-0.00011894 -0.99999999
0.00001064 -1.00000000
0.00012893 -0.99999999
0.00023594 -0.99999997
0.00033164 -0.99999995
0.00041604 -0.99999991
0.00048912 -0.99999988
0.00055090 -0.99999985
0.00060135 -0.99999982
0.00064048 -0.99999979
0.00066828 -0.99999978
0.00068474 -0.99999977
0.00068988 -0.99999976
0.00068367 -0.99999977
0.00066613 -0.99999978
0.00063724 -0.99999980
0.00059701 -0.99999982
0.00054544 -0.99999985
0.00048252 -0.99999988
0.00041567 -0.99999991
0.00035234 -0.99999994
0.00029251 -0.99999996
0.00023620 -0.99999997
0.00018340 -0.99999998
0.00013412 -0.99999999
0.00008835 -1.00000000
0.00004610 -1.00000000
0.00000737 -1.00000000
-0.00002784 -1.00000000
-0.00005953 -1.00000000
-0.00008770 -1.00000000
-0.00011235 -0.99999999
-0.00013348 -0.99999999
-0.00015109 -0.99999999
-0.00016517 -0.99999999
-0.00017574 -0.99999998
-0.00018280 -0.99999998
-0.00018633 -0.99999998
-0.00018635 -0.99999998
-0.00018286 -0.99999998
-0.00017585 -0.99999998
-0.00016534 -0.99999999
-0.00015131 -0.99999999
-0.00013378 -0.99999999
-0.00011275 -0.99999999
-0.00008822 -1.00000000
-0.00006019 -1.00000000
-0.00002867 -1.00000000
0.00000635 -1.00000000
0.00004485 -1.00000000
0.00008683 -1.00000000
0.00013229 -0.99999999
0.00018122 -0.99999998
0.00023362 -0.99999997
0.00028949 -0.99999996
0.00034882 -0.99999994
0.00041161 -0.99999992
0.00047784 -0.99999989
0.00054752 -0.99999985
0.00062063 -0.99999981
0.00069718 -0.99999976
0.00077716 -0.99999970
0.00086055 -0.99999963
0.00094736 -0.99999955
0.00103758 -0.99999946
0.00113120 -0.99999936
0.00122820 -0.99999925
0.00132860 -0.99999912
0.00143237 -0.99999897
0.00153952 -0.99999881
0.00165002 -0.99999864
0.00176388 -0.99999844
0.00188126 -0.99999823
0.00200237 -0.99999800
0.00212727 -0.99999774
0.00225602 -0.99999746
0.00238869 -0.99999715
0.00252536 -0.99999681
0.00266610 -0.99999645
0.00281099 -0.99999605
0.00296012 -0.99999562
0.00311358 -0.99999515
0.00327147 -0.99999465
0.00343388 -0.99999410
0.00360093 -0.99999352
0.00377272 -0.99999288
0.00394937 -0.99999220
0.00413101 -0.99999147
0.00431776 -0.99999068
0.00450977 -0.99998983
0.00470717 -0.99998892
0.00491012 -0.99998795
0.00511878 -0.99998690
0.00533331 -0.99998578
0.00555388 -0.99998458
0.00578069 -0.99998329
0.00601393 -0.99998192
0.00625379 -0.99998044
0.00650563 -0.99997884
0.00677573 -0.99997704
0.00706593 -0.99997504
0.00737834 -0.99997278
0.00771539 -0.99997024
0.00807992 -0.99996736
0.00847521 -0.99996408
0.00890513 -0.99996035
0.00937424 -0.99995606
0.00988796 -0.99995111
0.01045275 -0.99994537
0.01107644 -0.99993865
0.01176853 -0.99993075
0.01250691 -0.99992179
0.01325842 -0.99991210
0.01401685 -0.99990176
0.01477510 -0.99989084
0.01552522 -0.99987948
0.01625865 -0.99986782
0.01696641 -0.99985606
0.01763941 -0.99984441
0.01826876 -0.99983311
0.01884612 -0.99982240
0.01936404 -0.99981250
0.01981626 -0.99980364
0.02019798 -0.99979600
0.02053422 -0.99978915
0.02085282 -0.99978256
0.02115433 -0.99977622
0.02143925 -0.99977015
0.02170808 -0.99976435
0.02196125 -0.99975882
0.02219918 -0.99975357
0.02242224 -0.99974859
0.02263081 -0.99974389
0.02282522 -0.99973947
0.02300576 -0.99973533
0.02317272 -0.99973148
0.02332637 -0.99972790
0.02346694 -0.99972461
0.02359466 -0.99972161
0.02370972 -0.99971889
0.02381230 -0.99971645
0.02390258 -0.99971429
0.02398068 -0.99971242
0.02404674 -0.99971084
0.02410087 -0.99970953
0.02414316 -0.99970851
0.02417369 -0.99970777
0.02419253 -0.99970732
0.02419972 -0.99970714
0.02419529 -0.99970725
0.02417927 -0.99970764
0.02415233 -0.99970829
0.02411518 -0.99970919
0.02406775 -0.99971033
0.02401002 -0.99971172
0.02394189 -0.99971335
0.02386330 -0.99971523
0.02377412 -0.99971736
0.02367424 -0.99971973
0.02356352 -0.99972234
0.02344179 -0.99972520
0.02330888 -0.99972831
0.02316457 -0.99973167
0.02300865 -0.99973527
0.02284088 -0.99973911
0.02266097 -0.99974321
0.02246865 -0.99974755
0.02226359 -0.99975214
0.02204544 -0.99975697
0.02181383 -0.99976205
0.02156835 -0.99976738
0.02130856 -0.99977295
0.02103399 -0.99977876
0.02074412 -0.99978482
0.02043840 -0.99979111
0.02011625 -0.99979765
0.01977701 -0.99980442
0.01939376 -0.99981192
0.01894207 -0.99982058
0.01842616 -0.99983022
0.01785159 -0.99984065
0.01722504 -0.99985164
0.01655411 -0.99986297
0.01584699 -0.99987443
0.01511219 -0.99988580
0.01435820 -0.99989692
0.01359329 -0.99990761
0.01282520 -0.99991775
0.01206104 -0.99992726
0.01130711 -0.99993607
0.01056886 -0.99994415
0.00987432 -0.99995125
0.00924158 -0.99995730
0.00866186 -0.99996249
0.00812789 -0.99996697
0.00763361 -0.99997086
0.00717389 -0.99997427
0.00674436 -0.99997726
0.00634129 -0.99997989
0.00596144 -0.99998223
0.00560197 -0.99998431
0.00526040 -0.99998616
0.00493450 -0.99998783
0.00462230 -0.99998932
0.00431875 -0.99999067
0.00401985 -0.99999192
0.00372540 -0.99999306
0.00343518 -0.99999410
0.00314898 -0.99999504
0.00286661 -0.99999589
0.00258788 -0.99999665
0.00231261 -0.99999733
0.00204061 -0.99999792
0.00177172 -0.99999843
0.00150576 -0.99999887
0.00124258 -0.99999923
0.00098201 -0.99999952
0.00072391 -0.99999974
0.00046812 -0.99999989
0.00021449 -0.99999998
-0.00003711 -1.00000000
-0.00028683 -0.99999996
-0.00053482 -0.99999986
-0.00078119 -0.99999969
-0.00102609 -0.99999947
-0.00126965 -0.99999919
-0.00151200 -0.99999886
-0.00175326 -0.99999846
-0.00199357 -0.99999801
-0.00223306 -0.99999751
-0.00247710 -0.99999693
-0.00273101 -0.99999627
-0.00299481 -0.99999552
-0.00326850 -0.99999466
-0.00355209 -0.99999369
-0.00384559 -0.99999261
-0.00414901 -0.99999139
-0.00446236 -0.99999004
-0.00478564 -0.99998855
-0.00511887 -0.99998690
-0.00546205 -0.99998508
-0.00581519 -0.99998309
-0.00617829 -0.99998091
-0.00655137 -0.99997854
-0.00693444 -0.99997596
-0.00732748 -0.99997315
-0.00773053 -0.99997012
-0.00814357 -0.99996684
-0.00856662 -0.99996331
-0.00899968 -0.99995950
-0.00944275 -0.99995542
-0.00989585 -0.99995103
-0.01035897 -0.99994634
-0.01083213 -0.99994133
-0.01131532 -0.99993598
-0.01180854 -0.99993028
-0.01231181 -0.99992421
-0.01282512 -0.99991775
-0.01334849 -0.99991090
-0.01388190 -0.99990364
-0.01442537 -0.99989595
-0.01497889 -0.99988781
-0.01554247 -0.99987921
-0.01611610 -0.99987013
-0.01669980 -0.99986055
-0.01729356 -0.99985046
-0.01789737 -0.99983983
-0.01851125 -0.99982865
-0.01913519 -0.99981691
-0.01976919 -0.99980457
-0.02041325 -0.99979163
-0.02106737 -0.99977806
-0.02173154 -0.99976384
-0.02240577 -0.99974896
-0.02309005 -0.99973339
-0.02378439 -0.99971711
-0.02448877 -0.99970011
-0.02520319 -0.99968235
-0.02592766 -0.99966382
-0.02666216 -0.99964450
-0.02740669 -0.99962437
-0.02816126 -0.99960339
-0.02892584 -0.99958156
-0.02960390 -0.99956171
-0.03009873 -0.99954693
-0.03041015 -0.99953750
-0.03053811 -0.99953360
-0.03048261 -0.99953530
-0.03024380 -0.99954255
-0.02982190 -0.99955523
-0.02921722 -0.99957309
-0.02843019 -0.99959578
-0.02746133 -0.99962287
-0.02631125 -0.99965380
-0.02498068 -0.99968793
-0.02347042 -0.99972453
-0.02178141 -0.99976276
-0.01991467 -0.99980168
-0.01787130 -0.99984030
-0.01565256 -0.99987749
-0.01325976 -0.99991209
-0.01069434 -0.99994281
-0.00795786 -0.99996834
-0.00505197 -0.99998724
-0.00197842 -0.99999804
0.00126091 -0.99999921
0.00466403 -0.99998912
0.00822885 -0.99996614
0.01195316 -0.99992856
0.01316258 -0.99991337
0.00919460 -0.99995773
0.00002550 -1.00000000
-0.01441650 -0.99989608
-0.03424131 -0.99941359
-0.05958021 -0.99822352
-0.09056044 -0.99589096
-0.12726939 -0.99186819
-0.16970665 -0.98549462
-0.21772477 -0.97601021
-0.27096281 -0.96258982
-0.32878262 -0.94440563
-0.39022442 -0.92071977
-0.45061730 -0.89271723
-0.50616987 -0.86243380
-0.55708301 -0.83045681
-0.60364196 -0.79725554
-0.64617797 -0.76318676
-0.68503924 -0.72850617
-0.72057004 -0.69338215
-0.75309686 -0.65790965
-0.78291957 -0.62212293
-0.81030635 -0.58600650
-0.83549098 -0.54950416
-0.85867161 -0.51252617
-0.88001015 -0.47495488
-0.89910339 -0.43773633
-0.91563541 -0.40200971
-0.92987001 -0.36788826
-0.94206210 -0.33543852
-0.95245179 -0.30468932
-0.96126091 -0.27564010
-0.96869128 -0.24826839
-0.97492444 -0.22253614
-0.98012215 -0.19839496
-0.98442760 -0.17579051
-0.98796683 -0.15466588
-0.99085044 -0.13496448
-0.99317517 -0.11663221
-0.99502562 -0.09961938
-0.99648846 -0.08373026
-0.99762527 -0.06887538
-0.99847738 -0.05516277
-0.99908831 -0.04269141
-0.99950217 -0.03155014
-0.99976199 -0.02181677
-0.99990809 -0.01355751
-0.99997670 -0.00682661
-0.99999861 -0.00166612
-0.99999821 0.00189404
-0.99999264 0.00383610
-0.99999137 0.00415428
-0.99999593 0.00285461
-0.99999961 0.00088051
-0.99999965 -0.00083680
-0.99999735 -0.00230067
-0.99999383 -0.00351407
-0.99998997 -0.00447966
-0.99998648 -0.00519976
-0.99998389 -0.00567637
-0.99998253 -0.00591115
-0.99998256 -0.00590549
-0.99998398 -0.00566043
-0.99998660 -0.00517672
-0.99999008 -0.00445481
-0.99999389 -0.00349487
-0.99999736 -0.00229674
-0.99999963 -0.00086002
-0.99999967 0.00081602
-0.99999627 0.00273239
-0.99998804 0.00489034
-0.99997342 0.00729146
-0.99995062 0.00993756
-0.99991768 0.01283078
-0.99987242 0.01597348
-0.99981242 0.01936834
-0.99973504 0.02301827
-0.99963742 0.02692648
-0.99951639 0.03109640
-0.99937613 0.03531788
-0.99922448 0.03937555
-0.99906361 0.04326547
-0.99889564 0.04698396
-0.99872266 0.05052763
-0.99854670 0.05389336
-0.99836970 0.05707834
-0.99819356 0.06008004
-0.99802007 0.06289622
-0.99785093 0.06552495
-0.99768773 0.06796458
-0.99753197 0.07021377
-0.99738500 0.07227147
-0.99724807 0.07413691
-0.99712231 0.07580962
-0.99700870 0.07728942
-0.99690810 0.07857638
-0.99682122 0.07967087
-0.99674867 0.08057353
-0.99669088 0.08128525
-0.99664818 0.08180716
-0.99662075 0.08214067
-0.99660864 0.08228740
-0.99661179 0.08224923
-0.99663001 0.08202822
-0.99666297 0.08162670
-0.99671027 0.08104715
-0.99676339 0.08039118
-0.99681445 0.07975561
-0.99686382 0.07913610
-0.99691187 0.07852855
-0.99695891 0.07792897
-0.99700529 0.07733342
-0.99705130 0.07673789
-0.99709727 0.07613823
-0.99714353 0.07553004
-0.99719041 0.07490853
-0.99723829 0.07426839
-0.99728757 0.07360362
-0.99733872 0.07290726
-0.99740370 0.07201293
-0.99749462 0.07074239
-0.99761175 0.06907089
-0.99775462 0.06697543
-0.99792188 0.06443545
-0.99811118 0.06143354
-0.99831913 0.05795620
-0.99854123 0.05399463
-0.99877187 0.04954542
-0.99900443 0.04461118
-0.99923134 0.03920109
-0.99944436 0.03333124
-0.99963476 0.02702478
-0.99979286 0.02035291
-0.99991063 0.01336917
-0.99998154 0.00607626
-0.99999884 -0.00152198
-0.99995563 -0.00942055
-0.99984487 -0.01761325
-0.99965953 -0.02609265
-0.99939255 -0.03485007
-0.99903700 -0.04387557
-0.99858612 -0.05315797
-0.99803337 -0.06268485
-0.99737258 -0.07244260
-0.99659798 -0.08241647
-0.99570426 -0.09259061
-0.99468672 -0.10294815
-0.99354127 -0.11347131
-0.99226453 -0.12414150
-0.99085385 -0.13493941
-0.98930743 -0.14584515
-0.98762428 -0.15683839
-0.98580429 -0.16789850
-0.98384822 -0.17900469
-0.98175774 -0.19013613
-0.97953536 -0.20127216
-0.97718446 -0.21239238
-0.97470925 -0.22347679
-0.97211468 -0.23450596
-0.96987900 -0.24358719
-0.96852810 -0.24890423
-0.96810559 -0.25054253
-0.96861340 -0.24857209
-0.97001445 -0.24304727
-0.97223448 -0.23400879
-0.97516318 -0.22148764
-0.97865485 -0.20551079
-0.98252919 -0.18610852
-0.98657260 -0.16332333
-0.99054061 -0.13721986
-0.99416222 -0.10789571
-0.99714641 -0.07549201
-0.99904954 -0.04358918
-0.99987699 -0.01568425
-0.99996615 0.00822829
-0.99960184 0.02821630
-0.99901427 0.04439024
-0.99838062 0.05688698
-0.99782903 0.06585756
-0.99744357 0.07145850
-0.99726964 0.07384619
-0.99731921 0.07317374
-0.99757570 0.06958970
-0.99799846 0.06323829
-0.99852681 0.05426050
-0.99902387 0.04417369
-0.99940898 0.03437580
-0.99969169 0.02483007
-0.99987982 0.01550295
-0.99997975 0.00636362
-0.99999658 -0.00261635
-0.99993429 -0.01146341
-0.99979591 -0.02020225
-0.99958358 -0.02885609
-0.99929862 -0.03744693
-0.99894164 -0.04599573
-0.99851254 -0.05452258
-0.99801056 -0.06304692
-0.99743432 -0.07158761
-0.99678176 -0.08016316
-0.99605021 -0.08879178
-0.99523635 -0.09749156
-0.99433618 -0.10628053
-0.99334500 -0.11517685
-0.99225735 -0.12419881
-0.99106698 -0.13336505
-0.98976677 -0.14269457
-0.98834866 -0.15220688
-0.98680354 -0.16192210
-0.98512120 -0.17186105
-0.98329014 -0.18204534
-0.98131357 -0.19241539
-0.97920078 -0.20289364
-0.97694846 -0.21347529
-0.97455345 -0.22415523
-0.97201276 -0.23492806
-0.96932359 -0.24578808
-0.96648335 -0.25672930
-0.96348968 -0.26774548
-0.96034045 -0.27883010
-0.95703380 -0.28997640
-0.95356814 -0.30117736
-0.94994218 -0.31242577
-0.94615491 -0.32371419
-0.94220568 -0.33503501
-0.93809412 -0.34638045
-0.93382024 -0.35774258
-0.92938437 -0.36911338
-0.92478721 -0.38048470
-0.92002982 -0.39184835
-0.91511361 -0.40319609
-0.91004036 -0.41451965
-0.90481222 -0.42581080
-0.89943170 -0.43706133
-0.89390166 -0.44826312
-0.88822530 -0.45940811
-0.88240618 -0.47048840
-0.87646687 -0.48146218
-0.87042895 -0.49229407
-0.86429457 -0.50298598
-0.85806575 -0.51353985
-0.85174432 -0.52395764
-0.84533201 -0.53424133
-0.83883035 -0.54439292
-0.83224076 -0.55441438
-0.82556453 -0.56430773
-0.81880277 -0.57407493
-0.81195650 -0.58371795
-0.80502658 -0.59323874
-0.79801375 -0.60263923
-0.79091865 -0.61192131
-0.78374175 -0.62108684
-0.77648345 -0.63013764
-0.76914401 -0.63907550
-0.76172359 -0.64790214
-0.75422223 -0.65661925
-0.74663987 -0.66522846
-0.73897637 -0.67373134
-0.73123146 -0.68212942
-0.72340480 -0.69042414
-0.71549594 -0.69861689
-0.70750435 -0.70670899
-0.69942941 -0.71470169
-0.69127043 -0.72259615
-0.68302663 -0.73039347
-0.67469716 -0.73809467
-0.66628109 -0.74570069
-0.65777742 -0.75321236
-0.64918510 -0.76063047
-0.64050299 -0.76795568
-0.63172991 -0.77518857
-0.62286462 -0.78232964
-0.61390583 -0.78937927
-0.60485218 -0.79633776
-0.59570229 -0.80320531
-0.58645473 -0.80998201
-0.57710800 -0.81666783
-0.56766062 -0.82326267
-0.55811104 -0.82976627
-0.54845769 -0.83617831
-0.53869898 -0.84249831
-0.52883331 -0.84872571
-0.51885905 -0.85485980
-0.50877457 -0.86089978
-0.49857825 -0.86684470
-0.48826843 -0.87269350
-0.47784351 -0.87844498
-0.46730186 -0.88409783
-0.45664190 -0.88965059
-0.44586205 -0.89510169
-0.43500648 -0.90042732
-0.42412164 -0.90560523
-0.41320926 -0.91063610
-0.40227104 -0.91552062
-0.39130860 -0.92025952
-0.38032348 -0.92485353
-0.36931714 -0.92930342
-0.35829098 -0.93360997
-0.34724635 -0.93777395
-0.33618449 -0.94179615
-0.32510662 -0.94567737
-0.31401385 -0.94941840
-0.30290727 -0.95302003
-0.29178789 -0.95648305
-0.28065664 -0.95980824
-0.26951444 -0.96299635
-0.25836211 -0.96604814
-0.24720045 -0.96896436
-0.23603019 -0.97174572
-0.22485201 -0.97439293
-0.21366655 -0.97690665
-0.20247442 -0.97928755
-0.19127617 -0.98153626
-0.18007230 -0.98365338
-0.16886330 -0.98563948
-0.15764960 -0.98749512
-0.14643163 -0.98922079
-0.13520975 -0.99081700
-0.12398431 -0.99228418
-0.11275566 -0.99362275
-0.10152407 -0.99483308
-0.09028985 -0.99591553
-0.07905325 -0.99687039
-0.06781452 -0.99769795
-0.05657389 -0.99839841
-0.04533160 -0.99897199
-0.03408785 -0.99941884
-0.02284286 -0.99973907
-0.01159683 -0.99993275
-0.00034997 -0.99999994
0.01089751 -0.99994062
0.02214541 -0.99975476
0.03339351 -0.99944228
0.04464159 -0.99900307
0.05588940 -0.99843697
0.06713669 -0.99774379
0.07838321 -0.99692330
0.08962866 -0.99597525
0.10087275 -0.99489934
0.11211515 -0.99369522
0.12335550 -0.99236254
0.13459343 -0.99090091
0.14582852 -0.98930988
0.15663436 -0.98765666
0.16658771 -0.98602664
0.17569345 -0.98444492
0.18395699 -0.98293429
0.19138391 -0.98151526
0.19797975 -0.98020611
0.20374977 -0.97902300
0.20869874 -0.97797998
0.21283075 -0.97708908
0.21614908 -0.97636037
0.21865609 -0.97580198
0.22035310 -0.97542017
0.22124030 -0.97521932
0.22131673 -0.97520198
0.22058021 -0.97536884
0.21902736 -0.97571872
0.21665359 -0.97624855
0.21345311 -0.97695331
0.20941903 -0.97782599
0.20454341 -0.97885749
0.19881736 -0.98003656
0.19223121 -0.98134966
0.18477466 -0.98278091
0.17643696 -0.98431194
0.16720721 -0.98592178
0.15707460 -0.98758674
0.14602873 -0.98928035
0.13486240 -0.99086434
0.12434392 -0.99223918
0.11443014 -0.99343130
0.10508225 -0.99446353
0.09626541 -0.99535570
0.08794858 -0.99612502
0.08010426 -0.99678649
0.07270835 -0.99735324
0.06574012 -0.99783678
0.05918211 -0.99824720
0.05302026 -0.99859344
0.04724401 -0.99888338
0.04184667 -0.99912404
0.03673955 -0.99932487
0.03187347 -0.99949191
0.02730644 -0.99962711
0.02309881 -0.99973319
0.01931210 -0.99981350
0.01600750 -0.99987187
0.01324431 -0.99991229
0.01107810 -0.99993864
0.00955889 -0.99995431
0.00872924 -0.99996190
0.00862254 -0.99996283
0.00926147 -0.99995711
0.01065689 -0.99994321
0.01257374 -0.99992095
0.01477324 -0.99989087
0.01724987 -0.99985121
0.01999636 -0.99980005
0.02300376 -0.99973538
0.02626152 -0.99965511
0.02975759 -0.99955714
0.03347860 -0.99943943
0.03740996 -0.99930000
0.04153606 -0.99913701
0.04584045 -0.99894877
0.05030602 -0.99873385
0.05491519 -0.99849102
0.05965012 -0.99821935
0.06449287 -0.99791817
0.06942561 -0.99758713
0.07443073 -0.99722619
0.07949109 -0.99683558
0.08459006 -0.99641584
0.08971170 -0.99596778
0.09484083 -0.99549245
0.09996315 -0.99499114
0.10506527 -0.99446533
0.11013475 -0.99391667
0.11516018 -0.99334694
0.12013115 -0.99275803
0.12503826 -0.99215192
0.13071660 -0.99141977
0.13797321 -0.99043596
0.14677237 -0.98917029
0.15709596 -0.98758334
0.16894083 -0.98562619
0.18231662 -0.98323987
0.19724376 -0.98035448
0.21375158 -0.97688805
0.23187630 -0.97274528
0.25165880 -0.96781602
0.27314211 -0.96197369
0.29636827 -0.95507374
0.32137453 -0.94695217
0.34818875 -0.93742445
0.37682376 -0.92628497
0.40727056 -0.91330756
0.43949051 -0.89824723
0.47340646 -0.88084410
0.50889324 -0.86082964
0.54576811 -0.83793626
0.58378226 -0.81191026
0.62261461 -0.78252862
0.66186970 -0.74961890
0.70108141 -0.71308124
0.73972412 -0.67291026
0.77723212 -0.62921398
0.81163372 -0.58416667
0.84154961 -0.54017983
0.86734373 -0.49770961
0.88942313 -0.45708478
0.90820665 -0.41852201
0.92410241 -0.38214492
0.93749319 -0.34800361
0.94872831 -0.31609270
0.95812002 -0.28636694
0.96594325 -0.25875403
0.97243727 -0.23316466
0.97780859 -0.20950028
0.98223429 -0.18765873
0.98586555 -0.16753842
0.98883099 -0.14904118
0.99123984 -0.13207417
0.99318468 -0.11655120
0.99474398 -0.10239344
0.99598414 -0.08952989
0.99696137 -0.07789758
0.99772322 -0.06744167
0.99830987 -0.05811545
0.99875520 -0.04988037
0.99908768 -0.04270604
0.99933108 -0.03657037
0.99950502 -0.03145972
0.99962539 -0.02736921
0.99971558 -0.02384855
0.99979087 -0.02045038
0.99985240 -0.01718101
0.99990134 -0.01404669
0.99993891 -0.01105359
0.99996632 -0.00820775
0.99998479 -0.00551508
0.99999556 -0.00298135
0.99999981 -0.00061215
0.99999874 0.00158712
0.99999348 0.00361129
0.99998512 0.00545542
0.99997469 0.00711482
0.99996315 0.00858508
0.99995137 0.00986209
0.99994013 0.01094204
0.99993012 0.01182146
0.99992191 0.01249724
0.99991593 0.01296660
0.99991252 0.01322716
0.99991186 0.01327691
0.99991400 0.01311427
0.99991887 0.01273804
0.99992622 0.01214746
0.99993568 0.01134217
0.99994672 0.01032227
0.99995766 0.00920159
0.99996724 0.00809432
0.99997549 0.00700141
0.99998245 0.00592381
0.99998818 0.00486241
0.99999271 0.00381809
0.99999610 0.00279168
0.99999841 0.00178400
0.99999968 0.00079583
0.99999999 -0.00017212
0.99999937 -0.00111915
0.99999791 -0.00204459
0.99999566 -0.00294786
0.99999267 -0.00382838
0.99998902 -0.00468564
0.99998477 -0.00551915
0.99997997 -0.00632850
0.99997470 -0.00711330
0.99996901 -0.00787323
0.99996295 -0.00860798
0.99995659 -0.00931733
0.99994999 -0.01000107
0.99994319 -0.01065906
0.99993625 -0.01129119
0.99992922 -0.01189740
0.99992215 -0.01247766
0.99991508 -0.01303201
0.99991207 -0.01326089
0.99991715 -0.01287223
0.99992949 -0.01187512
0.99994720 -0.01027597
0.99996737 -0.00807855
0.99998604 -0.00528419
0.99999821 -0.00189176
0.99999779 0.00210216
0.99997753 0.00670330
0.99992896 0.01191963
0.99984226 0.01776131
0.99970615 0.02424069
0.99950777 0.03137227
0.99923246 0.03917268
0.99886359 0.04766065
0.99838233 0.05685699
0.99776742 0.06678453
0.99699483 0.07746807
0.99603750 0.08893425
0.99486493 0.10121149
0.99344286 0.11432973
0.99173278 0.12832028
0.98969153 0.14321548
0.98727081 0.15904828
0.98441666 0.17585177
0.98106900 0.19365852
0.97707900 0.21287702
0.97225606 0.23391911
0.96646073 0.25681446
0.95953781 0.28157982
0.95131696 0.30821428
0.94161424 0.33669367
0.93023493 0.36696454
0.91697797 0.39893784
0.90164221 0.43248275
0.88403470 0.46742127
0.86398098 0.50352444
0.84133700 0.54051092
0.81600209 0.57804895
0.78793180 0.61576252
0.75771699 0.65258330
0.72603271 0.68766017
0.69301187 0.72092618
0.65878863 0.75232808
0.62349701 0.78182574
0.58726969 0.80939132
0.55023704 0.83500850
0.51252622 0.85867157
0.47426056 0.88038453
0.43555900 0.90016018
0.39653572 0.91801929
0.35729977 0.93398976
0.31795497 0.94810582
0.28017959 0.95994760
0.24551099 0.96939381
0.21380843 0.97687561
0.18490836 0.98275577
0.15863960 0.98733656
0.13483364 0.99086825
0.11333157 0.99355722
0.09398846 0.99557329
0.07667623 0.99705604
0.06128539 0.99812028
0.04772637 0.99886045
0.03593060 0.99935429
0.02585177 0.99966579
0.01742842 0.99984811
0.01068426 0.99994292
0.00570885 0.99998370
0.00257798 0.99999668
0.00135259 0.99999909
0.00207764 0.99999784
0.00478109 0.99998857
0.00947287 0.99995513
0.01614391 0.99986968
0.02476525 0.99969329
0.03528733 0.99937721
0.04763951 0.99886459
0.06173002 0.99809288
0.07500352 0.99718327
0.08504485 0.99637712
0.09194380 0.99576420
0.09577051 0.99540344
0.09657366 0.99532584
0.09437987 0.99553626
0.08919398 0.99601427
0.08100013 0.99671409
0.06976375 0.99756354
0.05543458 0.99846232
0.03795082 0.99927961
0.01724490 0.99985130
-0.00674902 0.99997723
-0.02942319 0.99956704
-0.04610540 0.99893658
-0.05675655 0.99838805
-0.06131457 0.99811849
-0.05967499 0.99821786
-0.05168027 0.99866368
-0.03711870 0.99931086
-0.01573473 0.99987620
0.01274564 0.99991877
0.04857011 0.99881978
0.09189130 0.99576904
0.14267165 0.98977007
0.20056700 0.97967999
0.26123118 0.96527627
0.32041315 0.94727790
0.37764997 0.92594843
0.43254724 0.90161127
0.48478894 0.87463117
0.53414132 0.84539520
0.58045128 0.81429498
0.62364041 0.78171135
0.66369592 0.74800249
0.70065988 0.71349543
0.73461794 0.67848102
0.76568837 0.64321172
0.79401225 0.60790176
0.81921357 0.57348855
0.84120280 0.54071976
0.86049138 0.50946499
0.87750622 0.47956525
0.89260212 0.45084526
0.90607326 0.42312085
0.91816300 0.39620286
0.92907220 0.36989843
0.93896578 0.34401057
0.94797786 0.31833626
0.95621552 0.29266341
0.96376116 0.26676660
0.97067348 0.24040173
0.97685579 0.21389896
0.98219601 0.18785900
0.98672129 0.16242261
0.99047054 0.13772473
0.99349307 0.11389262
0.99584684 0.09104435
0.99759672 0.06928776
0.99881248 0.04871982
0.99956695 0.02942647
0.99993407 0.01148281
0.99998727 -0.00504640
0.99979785 -0.02010598
0.99943370 -0.03364938
0.99895806 -0.04563762
0.99842862 -0.05603823
0.99789671 -0.06482410
0.99740661 -0.07197253
0.99699513 -0.07746422
0.99669110 -0.08128256
0.99651507 -0.08341295
0.99647903 -0.08384239
0.99658616 -0.08255922
0.99683063 -0.07955310
0.99719742 -0.07481521
0.99766218 -0.06833870
0.99819120 -0.06011935
0.99874137 -0.05015649
0.99921534 -0.03960692
0.99956074 -0.02963652
0.99979475 -0.02025975
0.99993400 -0.01148872
0.99999444 -0.00333325
0.99999118 0.00419898
0.99993837 0.01110236
0.99984907 0.01737319
0.99973524 0.02300959
0.99960761 0.02801135
0.99947564 0.03237981
0.99934754 0.03611775
0.99923024 0.03922928
0.99912935 0.04171974
0.99904926 0.04359558
0.99899309 0.04486429
0.99896277 0.04553433
0.99895909 0.04561504
0.99898173 0.04511657
0.99902933 0.04404987
0.99909959 0.04242658
0.99918928 0.04025905
0.99929436 0.03756027
0.99941008 0.03434383
0.99953098 0.03062392
0.99965106 0.02641528
0.99974378 0.02263550
0.99979666 0.02016515
0.99982002 0.01897152
0.99981888 0.01903160
0.99979329 0.02033174
0.99973851 0.02286726
0.99964503 0.02664217
0.99949841 0.03166905
0.99927892 0.03796889
0.99896110 0.04557098
0.99851307 0.05451288
0.99789565 0.06484031
0.99706136 0.07660709
0.99595306 0.08987489
0.99450249 0.10471288
0.99262845 0.12119718
0.99023476 0.13940988
0.98720799 0.15943770
0.98341494 0.18136996
0.97870000 0.20529567
0.97288255 0.23129969
0.96575456 0.25945737
0.95707881 0.28982779
0.94658821 0.32244497
0.93398687 0.35730733
0.91895384 0.39436511
0.90115050 0.43350638
0.88085897 0.47337878
0.85864445 0.51257166
0.83461307 0.55083666
0.80890456 0.58793997
0.78168825 0.62366937
0.75315750 0.65784023
0.72352328 0.69029998
0.69300700 0.72093085
0.66183348 0.74965088
0.63022426 0.77641315
0.59839169 0.80120371
0.56653419 0.82403823
0.53483263 0.84495802
0.50344792 0.86402557
0.47251980 0.88132005
0.44216653 0.89693297
0.41248548 0.91096418
0.38355422 0.92351836
0.35543215 0.93470208
0.32816232 0.94462135
0.30177332 0.95337971
0.27628132 0.96107681
0.25169189 0.96780741
0.22800181 0.97366071
0.20520065 0.97871993
0.18327222 0.98306220
0.16267976 0.98667892
0.14378891 0.98960838
0.12644680 0.99197339
0.11051751 0.99387418
0.09588092 0.99539281
0.08243146 0.99659674
0.07007688 0.99754159
0.05873719 0.99827348
0.04834366 0.99883076
0.03883808 0.99924552
0.03017216 0.99954472
0.02230710 0.99975117
0.01521351 0.99988427
0.00887150 0.99996065
0.00326354 0.99999467
-0.00157192 0.99999876
-0.00556731 0.99998450
-0.00866150 0.99996249
-0.01080143 0.99994166
-0.01194358 0.99992867
-0.01205531 0.99992733
-0.01111595 0.99993822
-0.00911762 0.99995843
-0.00606570 0.99998160
-0.00197902 0.99999804
0.00311044 0.99999516
0.00915813 0.99995806
0.01531177 0.99988277
0.02077179 0.99978424
0.02556157 0.99967325
0.02970157 0.99955881
0.03320945 0.99944841
0.03610017 0.99934818
0.03838611 0.99926298
0.04007711 0.99919659
0.04118055 0.99915172
0.04170142 0.99913012
0.04164234 0.99913258
0.04100358 0.99915900
0.03978304 0.99920834
0.04064726 0.99917356
0.04629426 0.99892785
0.05679510 0.99838586
0.07225353 0.99738630
0.09279620 0.99568512
0.11855636 0.99294732
0.14964936 0.98873913
0.18613827 0.98252356
0.22798883 0.97366375
0.27501486 0.96143997
0.32681876 0.94508703
0.38273703 0.92385733
0.44180622 0.89711051
0.49963010 0.86623886
0.55259266 0.83345147
0.60078944 0.79940731
0.64443451 0.76465951
0.68381917 0.72965152
0.71927759 0.69472279
0.75116014 0.66012002
0.77981443 0.62601075
0.80557247 0.59249725
0.82874301 0.55962936
0.84960741 0.52741564
0.86841810 0.49583263
0.88539873 0.46483233
0.90074517 0.43434795
0.91462718 0.40429831
0.92719017 0.37459095
0.93855694 0.34512442
0.94882922 0.31578966
0.95808897 0.28647081
0.96639927 0.25704561
0.97380487 0.22738528
0.98033223 0.19735429
0.98598910 0.16680975
0.99076354 0.13560089
0.99462234 0.10356835
0.99750869 0.07054371
0.99926310 0.03838293
0.99995746 0.00922371
0.99986009 -0.01672749
0.99922698 -0.03931202
0.99829269 -0.05840973
0.99726350 -0.07392916
0.99631256 -0.08579786
0.99557655 -0.09395387
0.99515301 -0.09833863
0.99509820 -0.09889175
0.99542482 -0.09554801
0.99609954 -0.08823669
0.99704006 -0.07688378
0.99795607 -0.06390372
0.99865819 -0.05178629
0.99917680 -0.04056756
0.99954148 -0.03027933
0.99978054 -0.02094930
0.99992060 -0.01260122
0.99998619 -0.00525516
0.99999943 0.00107235
0.99997972 0.00636804
0.99994359 0.01062172
0.99990442 0.01382605
0.99987237 0.01597643
0.99985428 0.01707079
0.99984904 0.01737510
0.99985282 0.01715634
0.99986524 0.01641636
0.99988511 0.01515779
0.99991043 0.01338402
0.99993840 0.01109920
0.99996549 0.00830825
0.99998742 0.00501686
0.99999924 0.00123151
0.99999538 -0.00304055
0.99996965 -0.00779124
0.99991534 -0.01301171
0.99982528 -0.01869226
0.99969188 -0.02482237
0.99952972 -0.03066496
0.99936978 -0.03549706
0.99922628 -0.03932983
0.99911021 -0.04217571
0.99902940 -0.04404825
0.99898870 -0.04496188
0.99899006 -0.04493181
0.99903268 -0.04397394
0.99911320 -0.04210481
0.99922582 -0.03934160
0.99936248 -0.03570213
0.99951301 -0.03120490
0.99966534 -0.02586919
0.99980695 -0.01964868
0.99992216 -0.01247729
0.99999058 -0.00434013
0.99998856 0.00478425
0.99988864 0.01492369
0.99965902 0.02611219
0.99926284 0.03838981
0.99865735 0.05180247
0.99779296 0.06640182
0.99661215 0.08224485
0.99504820 0.09939360
0.99302376 0.11791445
0.99044931 0.13787732
0.98722145 0.15935438
0.98322100 0.18241839
0.97831123 0.20714038
0.97233601 0.23358655
0.96511826 0.26181435
0.95645880 0.29186738
0.94613611 0.32376916
0.93390716 0.35751561
0.91951011 0.39306635
0.90266930 0.43033492
0.88310323 0.46917873
0.86053621 0.50938928
0.83471366 0.55068422
0.80634668 0.59144317
0.77648294 0.63013827
0.74540955 0.66660678
0.71341771 0.70073902
0.68079237 0.73247645
0.64780351 0.76180746
0.61469941 0.78876145
0.58170198 0.81340199
0.54900416 0.83581962
0.51676901 0.85612487
0.48513030 0.87444187
0.45419409 0.89090276
0.42404104 0.90564297
0.39472916 0.91879752
0.36629670 0.93049811
0.33876504 0.94087100
0.31214142 0.95003565
0.28642149 0.95810372
0.26159151 0.96517868
0.23763037 0.97135565
0.21451124 0.97672152
0.19220301 0.98135519
0.17067143 0.98532800
0.14988012 0.98870418
0.12979132 0.99154133
0.11036646 0.99389096
0.09156669 0.99579895
0.07393529 0.99726304
0.05799121 0.99831709
0.04366486 0.99904624
0.03089528 0.99952263
0.01963106 0.99980729
0.00983110 0.99995167
0.00146534 0.99999893
-0.00548448 0.99998496
-0.01102404 0.99993923
-0.01514534 0.99988530
-0.01782551 0.99984111
-0.01902514 0.99981901
-0.01868625 0.99982540
-0.01668695 0.99986076
-0.01291672 0.99991658
-0.00734355 0.99997304
0.00002939 1.00000000
0.00916126 0.99995803
0.01997283 0.99980052
0.03234749 0.99947668
0.04613431 0.99893525
0.06115300 0.99812840
0.07720052 0.99701559
0.09405892 0.99556663
0.11150371 0.99376402
0.12931229 0.99160392
0.14349550 0.98965097
0.15069101 0.98858091
0.15137194 0.98847688
0.14570951 0.98932742
0.13359612 0.99103586
0.11464996 0.99340595
0.08820516 0.99610233
0.05329432 0.99857885
0.00863763 0.99996269
-0.04733143 0.99887924
-0.11634350 0.99320904
-0.19996595 0.97980285
-0.29891708 0.95427909
-0.41191242 0.91122344
-0.52696525 0.84988683
-0.63052109 0.77617212
-0.71844957 0.69557905
-0.78945178 0.61381258
-0.84455783 0.53546436
-0.88610485 0.46348484
-0.91681355 0.39931557
-0.93859660 0.34501654
-0.95364761 0.30092564
-0.96417359 0.26527211
-0.97159120 0.23666545
-0.97681686 0.21407667
-0.98044419 0.19679735
-0.98327529 0.18212551
-0.98583611 0.16771158
-0.98813387 0.15359509
-0.99017765 0.13981495
-0.99197819 0.12640912
-0.99354777 0.11341443
-0.99489999 0.10086634
-0.99604958 0.08879880
-0.99701221 0.07724409
-0.99780420 0.06623271
-0.99844234 0.05579328
-0.99894363 0.04595248
-0.99932504 0.03673505
-0.99960332 0.02816374
-0.99979476 0.02025933
-0.99991497 0.01304070
-0.99997871 0.00652481
-0.99999974 0.00072678
-0.99999058 -0.00434005
-0.99996247 -0.00866405
-0.99992515 -0.01223528
-0.99988681 -0.01504539
-0.99985400 -0.01708762
-0.99983150 -0.01835671
-0.99982234 -0.01884891
-0.99982771 -0.01856198
-0.99983981 -0.01789836
-0.99985101 -0.01726132
-0.99986136 -0.01665090
-0.99987092 -0.01606714
-0.99987971 -0.01551008
-0.99988780 -0.01497976
-0.99989521 -0.01447622
-0.99990200 -0.01399949
-0.99990820 -0.01354960
-0.99991384 -0.01312658
-0.99991896 -0.01273046
-0.99992360 -0.01236126
-0.99992777 -0.01201902
-0.99993151 -0.01170376
-0.99993484 -0.01141549
-0.99993779 -0.01115424
-0.99994037 -0.01092003
-0.99994262 -0.01071287
-0.99994453 -0.01053277
-0.99994613 -0.01037975
-0.99994743 -0.01025382
-0.99994844 -0.01015498
-0.99994916 -0.01008326
-0.99994961 -0.01003864
-0.99994979 -0.01002115
-0.99994969 -0.01003077
-0.99994932 -0.01006750
-0.99994868 -0.01013136
-0.99994775 -0.01022233
-0.99994654 -0.01034041
-0.99994502 -0.01048560
-0.99994320 -0.01065788
-0.99994106 -0.01085725
-0.99993857 -0.01108369
-0.99993573 -0.01133719
-0.99993251 -0.01161774
-0.99992889 -0.01192532
-0.99992484 -0.01225991
-0.99992035 -0.01262149
-0.99991537 -0.01301003
-0.99990987 -0.01342553
-0.99990384 -0.01386794
-0.99989722 -0.01433724
-0.99988998 -0.01483340
-0.99988208 -0.01535639
-0.99987349 -0.01590619
-0.99986415 -0.01648274
-0.99985402 -0.01708602
-0.99984306 -0.01771598
-0.99983121 -0.01837260
-0.99981842 -0.01905581
-0.99980464 -0.01976559
-0.99979046 -0.02047021
-0.99977657 -0.02113803
-0.99976303 -0.02176910
-0.99974991 -0.02236345
-0.99973728 -0.02292114
-0.99972519 -0.02344220
-0.99971372 -0.02392668
-0.99970290 -0.02437461
-0.99969278 -0.02478603
-0.99968341 -0.02516098
-0.99967484 -0.02549948
-0.99966708 -0.02580156
-0.99966019 -0.02606726
-0.99965418 -0.02629659
-0.99964909 -0.02648959
-0.99964493 -0.02664627
-0.99964171 -0.02676665
-0.99963945 -0.02685075
-0.99963817 -0.02689859
-0.99963786 -0.02691018
-0.99963852 -0.02688552
-0.99964015 -0.02682463
-0.99964276 -0.02672751
-0.99964631 -0.02659417
-0.99965081 -0.02642461
-0.99965623 -0.02621883
-0.99966255 -0.02597683
-0.99966974 -0.02569860
-0.99967777 -0.02538414
-0.99968661 -0.02503344
-0.99969623 -0.02464649
-0.99970657 -0.02422328
-0.99971760 -0.02376379
-0.99972926 -0.02326801
-0.99974151 -0.02273592
-0.99975427 -0.02216749
-0.99976750 -0.02156271
-0.99978112 -0.02092156
-0.99979507 -0.02024400
-0.99980927 -0.01953001
-0.99982365 -0.01877956
-0.99983812 -0.01799263
-0.99985260 -0.01716916
-0.99986700 -0.01630915
-0.99988122 -0.01541254
-0.99989517 -0.01447930
-0.99990874 -0.01350939
-0.99992184 -0.01250277
-0.99993434 -0.01145940
-0.99994613 -0.01037923
-0.99995710 -0.00926223
-0.99996713 -0.00810834
-0.99997607 -0.00691753
-0.99998373 -0.00570350
-0.99998997 -0.00447980
-0.99999473 -0.00324612
-0.99999800 -0.00200213
-0.99999972 -0.00074752
-0.99999987 0.00051806
-0.99999839 0.00179492
-0.99999525 0.00308343
-0.99999039 0.00438392
-0.99998377 0.00569675
-0.99997534 0.00702229
-0.99996505 0.00836091
-0.99995283 0.00971299
-0.99993863 0.01107891
-0.99992238 0.01245907
-0.99990403 0.01385388
-0.99988350 0.01526375
-0.99986073 0.01668910
-0.99983563 0.01813037
-0.99980814 0.01958801
-0.99977816 0.02106247
-0.99974562 0.02255421
-0.99971043 0.02406373
-0.99967248 0.02559150
-0.99963170 0.02713804
-0.99958796 0.02870386
-0.99954117 0.03028950
-0.99941770 0.03412131
-0.99909881 0.04244484
-0.99847071 0.05528330
-0.99735787 0.07264487
-0.99552385 0.09451069
-0.99267457 0.12081885
-0.98846568 0.15144507
-0.98251534 0.18618165
-0.97442403 0.22471716
-0.96380163 0.26662035
-0.95030097 0.31133272
-0.93365498 0.35817366
-0.91371245 0.40636136
-0.89246124 0.45112408
-0.87238912 0.48881205
-0.85401719 0.52024479
-0.83767692 0.54616607
-0.82356841 0.56721696
-0.81180597 0.58392728
-0.80245203 0.59671663
-0.79554128 0.60589939
-0.79109734 0.61169028
-0.78914389 0.61420837
-0.78971136 0.61347858
-0.79284009 0.60942973
-0.79857994 0.60188876
-0.80632668 0.59147044
-0.81543744 0.57884522
-0.82589603 0.56382244
-0.83766399 0.54618591
-0.85067307 0.52569508
-0.86481635 0.50208831
-0.87993777 0.47508896
-0.89582072 0.44441562
-0.91217654 0.40979746
-0.92863450 0.37099590
-0.94473569 0.32783299
-0.95993402 0.28022611
-0.97360806 0.22822654
-0.98508693 0.17205738
-0.99323579 0.11611489
-0.99787697 0.06512714
-0.99980537 0.01972883
-0.99980538 -0.01972822
-0.99858816 -0.05311963
-0.99675578 -0.08048547
-0.99478728 -0.10197187
-0.99303932 -0.11778334
-0.99175508 -0.12814780
-0.99107660 -0.13329356
-0.99105737 -0.13343644
-0.99167385 -0.12877489
-0.99283525 -0.11949125
-0.99390941 -0.11020016
-0.99444337 -0.10527287
-0.99451912 -0.10455488
-0.99415740 -0.10794008
-0.99332286 -0.11536765
-0.99192613 -0.12681698
-0.98982345 -0.14230087
-0.98681432 -0.16185639
-0.98263805 -0.18553289
-0.97697010 -0.21337627
-0.96941973 -0.24540861
-0.95953112 -0.28160261
-0.94679043 -0.32185072
-0.93140272 -0.36399035
-0.91387146 -0.40600364
-0.89408137 -0.44790458
-0.87189998 -0.48968401
-0.84718070 -0.53130486
-0.81976706 -0.57269709
-0.78949844 -0.61375256
-0.75621755 -0.65432027
-0.71977991 -0.69420233
-0.68006537 -0.73315148
-0.63699148 -0.77087084
-0.59052824 -0.80701697
-0.54071327 -0.84120697
-0.49020197 -0.87160887
-0.44192784 -0.89705060
-0.39626386 -0.91813667
-0.35342218 -0.93546393
-0.31349012 -0.94959146
-0.27646397 -0.96102428
-0.24227801 -0.97020687
-0.21082785 -0.97752321
-0.18198840 -0.98330068
-0.15562739 -0.98781583
-0.13161525 -0.99130088
-0.10983249 -0.99395011
-0.09017532 -0.99592591
-0.07234488 -0.99737968
-0.05624262 -0.99841713
-0.04206514 -0.99911487
-0.02998641 -0.99955031
-0.02015479 -0.99979687
-0.01269087 -0.99991947
-0.00768606 -0.99997046
-0.00520165 -0.99998647
-0.00526836 -0.99998612
-0.00788607 -0.99996890
-0.01302381 -0.99991519
-0.02061998 -0.99978739
-0.03058274 -0.99953224
-0.04088781 -0.99916374
-0.04959953 -0.99876919
-0.05674402 -0.99838876
-0.06235567 -0.99805399
-0.06647565 -0.99778805
-0.06915070 -0.99760623
-0.07043195 -0.99751659
-0.07037410 -0.99752067
-0.06903464 -0.99761426
-0.06647323 -0.99778821
-0.06275124 -0.99802920
-0.05793134 -0.99832057
-0.05207716 -0.99864306
-0.04533525 -0.99897183
-0.03779303 -0.99928559
-0.02941722 -0.99956722
-0.02016291 -0.99979671
-0.00997319 -0.99995027
0.00122154 -0.99999925
0.01350456 -0.99990881
0.02697434 -0.99963613
0.04174621 -0.99912825
0.05795449 -0.99831923
0.07575499 -0.99712646
0.09532772 -0.99544594
0.11687995 -0.99314605
0.13993293 -0.99016099
0.16386347 -0.98648303
0.18868026 -0.98203857
0.21438535 -0.97674916
0.24097289 -0.97053185
0.26842767 -0.96329984
0.29672364 -0.95496339
0.32582236 -0.94543101
0.35567160 -0.93461099
0.38620394 -0.92241342
0.41733564 -0.90875242
0.44896596 -0.89354886
0.48097676 -0.87673334
0.51323287 -0.85824939
0.54558307 -0.83805675
0.57786188 -0.81613458
0.60989224 -0.79248436
0.64148892 -0.76713230
0.67246272 -0.74013099
0.70262525 -0.71156009
0.73179394 -0.68152596
0.75979723 -0.65016011
0.78647939 -0.61761652
0.81170479 -0.58406793
0.83536133 -0.54970123
0.85736286 -0.51471247
0.87765035 -0.47930143
0.89580244 -0.44445246
0.91158709 -0.41110701
0.92524771 -0.37936352
0.93701909 -0.34927814
0.94712232 -0.32087275
0.95576162 -0.29414236
0.96312293 -0.26906176
0.96937354 -0.24559101
0.97466260 -0.22368017
0.97912210 -0.20327300
0.98286818 -0.18430989
0.98600256 -0.16673020
0.98861397 -0.15047397
0.99077964 -0.13548321
0.99256658 -0.12170286
0.99403282 -0.10908143
0.99522852 -0.09757150
0.99619695 -0.08713006
0.99697533 -0.07771864
0.99759562 -0.06930354
0.99808509 -0.06185588
0.99846692 -0.05535167
0.99876061 -0.04977191
0.99898236 -0.04510265
0.99914534 -0.04133511
0.99925992 -0.03846580
0.99934954 -0.03606245
0.99943222 -0.03369328
0.99950817 -0.03135959
0.99957759 -0.02906271
0.99964071 -0.02680395
0.99969775 -0.02458461
0.99974895 -0.02240598
0.99979456 -0.02026934
0.99983480 -0.01817596
0.99986995 -0.01612708
0.99990025 -0.01412393
0.99992597 -0.01216775
0.99994737 -0.01025971
0.99996471 -0.00840100
0.99997827 -0.00659276
0.99998831 -0.00483613
0.99999509 -0.00313219
0.99999890 -0.00148203
0.99999999 0.00011332
0.99999863 0.00165285
0.99999508 0.00313556
0.99998960 0.00456053
0.99998244 0.00592684
0.99997384 0.00723361
0.99996404 0.00848001
0.99995329 0.00966524
0.99994180 0.01078854
0.99992980 0.01184920
0.99991748 0.01284653
0.99990505 0.01377990
0.99989270 0.01464873
0.99988060 0.01545247
0.99986892 0.01619062
0.99985781 0.01686272
0.99984742 0.01746838
0.99983786 0.01800723
0.99982925 0.01847896
0.99982169 0.01888330
0.99981528 0.01922005
0.99981007 0.01948902
0.99980613 0.01969011
0.99980350 0.01982325
0.99980221 0.01988841
0.99980226 0.01988563
0.99980366 0.01981498
0.99980640 0.01967659
0.99981043 0.01947063
0.99981571 0.01919733
0.99982219 0.01885696
0.99982979 0.01844983
0.99983841 0.01797631
0.99984797 0.01743682
0.99985834 0.01683179
0.99986880 0.01619818
0.99987874 0.01557249
0.99988817 0.01495460
0.99989711 0.01434440
0.99990558 0.01374177
0.99991358 0.01314659
0.99992114 0.01255875
0.99992826 0.01197814
0.99993496 0.01140466
0.99994127 0.01083820
0.99994717 0.01027865
0.99995270 0.00972593
0.99995786 0.00917992
0.99996267 0.00864054
0.99996713 0.00810770
0.99997126 0.00758129
0.99997507 0.00706125
0.99997857 0.00654746
0.99998176 0.00603987
0.99998466 0.00553837
0.99998728 0.00504289
0.99998963 0.00455335
0.99999172 0.00406967
0.99999355 0.00359178
0.99999513 0.00311960
0.99999648 0.00265307
0.99999760 0.00219211
0.99999849 0.00173664
0.99999917 0.00128662
0.99999965 0.00084196
0.99999992 0.00040261
1.00000000 -0.00003149
0.99999989 -0.00046042
0.99999961 -0.00088422
0.99999915 -0.00130296
0.99999853 -0.00171669
0.99999774 -0.00212547
0.99999680 -0.00252935
0.99999571 -0.00292838
0.99999448 -0.00332263
0.99999311 -0.00371212
0.99999161 -0.00409693
0.99998998 -0.00447709
0.99998823 -0.00485265
0.99998636 -0.00522365
0.99998438 -0.00559014
0.99998229 -0.00595217
0.99998009 -0.00630977
0.99997780 -0.00666299
0.99997542 -0.00701186
0.99997294 -0.00735642
0.99997038 -0.00769672
0.99996774 -0.00803278
0.99996491 -0.00837737
0.99996178 -0.00874324
0.99995832 -0.00913037
0.99995450 -0.00953878
0.99995031 -0.00996845
0.99994572 -0.01041936
0.99994069 -0.01089150
0.99993519 -0.01138482
0.99992920 -0.01189930
0.99992268 -0.01243489
0.99991561 -0.01299154
0.99990793 -0.01356919
0.99989963 -0.01416778
0.99989066 -0.01478724
0.99988099 -0.01542749
0.99987057 -0.01608845
0.99985937 -0.01677002
0.99984735 -0.01747211
0.99983446 -0.01819462
0.99982067 -0.01893743
0.99980593 -0.01970043
0.99979019 -0.02048349
0.99977342 -0.02128649
0.99975556 -0.02210928
0.99973657 -0.02295172
0.99971641 -0.02381367
0.99969503 -0.02469496
0.99967238 -0.02559545
0.99964842 -0.02651495
0.99962309 -0.02745330
0.99959635 -0.02841032
0.99956814 -0.02938581
0.99953843 -0.03037960
0.99950717 -0.03139149
0.99947429 -0.03242126
0.99943977 -0.03346873
0.99940354 -0.03453366
0.99936555 -0.03561586
0.99932577 -0.03671509
0.99928415 -0.03783112
0.99924063 -0.03896373
0.99919516 -0.04011268
0.99914771 -0.04127773
0.99909823 -0.04245863
0.99904666 -0.04365514
0.99899297 -0.04486699
0.99893711 -0.04609394
0.99887904 -0.04733573
0.99881871 -0.04859208
0.99875608 -0.04986274
0.99869111 -0.05114742
0.99862377 -0.05244586
0.99857840 -0.05330279
0.99858035 -0.05326616
0.99862932 -0.05234002
0.99872266 -0.05052767
0.99885541 -0.04783175
0.99902030 -0.04425429
0.99920779 -0.03979681
0.99940606 -0.03446047
0.99960100 -0.02824621
0.99977621 -0.02115494
0.99991304 -0.01318774
0.99999056 -0.00434616
0.99998559 0.00536758
0.99987279 0.01595022
0.99962463 0.02739718
0.99921156 0.03970219
0.99860210 0.05285692
0.99776300 0.06685059
0.99665946 0.08166961
0.99525538 0.09729713
0.99351367 0.11371273
0.99139664 0.13089198
0.98886638 0.14880618
0.98588532 0.16742205
0.98241669 0.18670150
0.97842517 0.20660153
0.97387747 0.22707415
0.96873543 0.24809610
0.96292239 0.26977854
0.95633494 0.29227296
0.94884763 0.31573434
0.94030880 0.34032243
0.93053526 0.36620231
0.91930582 0.39354390
0.90635355 0.42252011
0.89135662 0.45330274
0.87392796 0.48605546
0.85360410 0.52092230
0.82983418 0.55801006
0.80197130 0.59736257
0.77046045 0.63748781
0.73640547 0.67654045
0.70016026 0.71398572
0.66218290 0.74934225
0.62301135 0.78221279
0.58323080 0.81230649
0.54343744 0.83944967
0.50420368 0.86358477
0.46604907 0.88475887
0.42941977 0.90310501
0.39467727 0.91881981
0.36209581 0.93214088
0.33186645 0.94332638
0.30384843 0.95272039
0.27775152 0.96065295
0.25347821 0.96734110
0.23092615 0.97297128
0.20999241 0.97770302
0.19057636 0.98167238
0.17258162 0.98499522
0.15591734 0.98777011
0.14049884 0.99008084
0.12624803 0.99199871
0.11309344 0.99358436
0.10097019 0.99488945
0.08981985 0.99595803
0.07959015 0.99682767
0.07023481 0.99753049
0.06171327 0.99809392
0.05399046 0.99854145
0.04703664 0.99889316
0.04082721 0.99916622
0.03534269 0.99937525
0.03056860 0.99953267
0.02649556 0.99964893
0.02311934 0.99973271
0.02044106 0.99979106
0.01846753 0.99982946
0.01721155 0.99985187
0.01669254 0.99986067
0.01654505 0.99986312
0.01638721 0.99986572
0.01621910 0.99986846
0.01604084 0.99987134
0.01585267 0.99987434
0.01565485 0.99987746
0.01544774 0.99988068
0.01523175 0.99988399
0.01500738 0.99988738
0.01477518 0.99989084
0.01453577 0.99989435
0.01428981 0.99989790
0.01403803 0.99990146
0.01378120 0.99990503
0.01352011 0.99990860
0.01325560 0.99991214
0.01298852 0.99991565
0.01271972 0.99991910
0.01245007 0.99992249
0.01218042 0.99992582
0.01191159 0.99992905
0.01164441 0.99993220
0.01137965 0.99993525
0.01111804 0.99993819
0.01086029 0.99994103
0.01060703 0.99994374
0.01036913 0.99994624
0.01015567 0.99994843
0.00996485 0.99995035
0.00979515 0.99995203
0.00964535 0.99995348
0.00951445 0.99995474
0.00940166 0.99995580
0.00930640 0.99995669
0.00922827 0.99995742
0.00916707 0.99995798
0.00912279 0.99995839
0.00909557 0.99995863
0.00908580 0.99995872
0.00909407 0.99995865
0.00909795 0.99995861
0.00907378 0.99995883
0.00902086 0.99995931
0.00893904 0.99996005
0.00882869 0.99996103
0.00869076 0.99996223
0.00852672 0.99996365
0.00833850 0.99996523
0.00812846 0.99996696
0.00789926 0.99996880
0.00765379 0.99997071
0.00739503 0.99997266
0.00712601 0.99997461
0.00687751 0.99997635
0.00667402 0.99997773
0.00651042 0.99997881
0.00638305 0.99997963
0.00628949 0.99998022
0.00622834 0.99998060
0.00619925 0.99998078
0.00620024 0.99998078
0.00623015 0.99998059
0.00629129 0.99998021
0.00638709 0.99997960
0.00652246 0.99997873
0.00670426 0.99997753
0.00690919 0.99997613
0.00710574 0.99997475
0.00729012 0.99997343
0.00745814 0.99997219
0.00760532 0.99997108
0.00772704 0.99997015
0.00781875 0.99996943
0.00787624 0.99996898
0.00789586 0.99996883
0.00787486 0.99996899
0.00781156 0.99996949
0.00770562 0.99997031
0.00755805 0.99997144
0.00739153 0.99997268
0.00722730 0.99997388
0.00706533 0.99997504
0.00690558 0.99997616
0.00674800 0.99997723
0.00659254 0.99997827
0.00643918 0.99997927
0.00628786 0.99998023
0.00613856 0.99998116
0.00599124 0.99998205
0.00584585 0.99998291
0.00570237 0.99998374
0.00556076 0.99998454
0.00542099 0.99998531
0.00528302 0.99998604
0.00514682 0.99998676
0.00501236 0.99998744
0.00487962 0.99998809
0.00474855 0.99998873
0.00461914 0.99998933
0.00449135 0.99998991
0.00436517 0.99999047
0.00424055 0.99999101
0.00411747 0.99999152
0.00399592 0.99999202
0.00387586 0.99999249
0.00375727 0.99999294
0.00364013 0.99999337
0.00352441 0.99999379
0.00341009 0.99999419
0.00329716 0.99999456
0.00318557 0.99999493
0.00307533 0.99999527
0.00296640 0.99999560
0.00285877 0.99999591
0.00275241 0.99999621
0.00264731 0.99999650
0.00254345 0.99999677
0.00244081 0.99999702
0.00233937 0.99999726
0.00223912 0.99999749
0.00214004 0.99999771
0.00204210 0.99999791
0.00194530 0.99999811
0.00184963 0.99999829
0.00175505 0.99999846
0.00166156 0.99999862
0.00156915 0.99999877
0.00147780 0.99999891
0.00138749 0.99999904
0.00129821 0.99999916
0.00120996 0.99999927
0.00112389 0.99999937
0.00104093 0.99999946
0.00096067 0.99999954
0.00088275 0.99999961
0.00080681 0.99999967
0.00073251 0.99999973
0.00065950 0.99999978
0.00058744 0.99999983
0.00051599 0.99999987
0.00044477 0.99999990
0.00037342 0.99999993
0.00030150 0.99999995
0.00022856 0.99999997
0.00015408 0.99999999
0.00007678 1.00000000
-0.00000190 1.00000000
-0.00007831 1.00000000
-0.00014906 0.99999999
-0.00021146 0.99999998
-0.00026383 0.99999997
-0.00030555 0.99999995
-0.00033863 0.99999994
-0.00036568 0.99999993
-0.00038760 0.99999992
-0.00040852 0.99999992
-0.00043242 0.99999991
-0.00046003 0.99999989
-0.00048896 0.99999988
-0.00051635 0.99999987
-0.00054227 0.99999985
-0.00056681 0.99999984
-0.00059005 0.99999983
-0.00061206 0.99999981
-0.00063289 0.99999980
-0.00065261 0.99999979
-0.00067127 0.99999977
-0.00068892 0.99999976
-0.00070560 0.99999975
-0.00072135 0.99999974
-0.00073622 0.99999973
-0.00075022 0.99999972
-0.00076340 0.99999971
-0.00077578 0.99999970
-0.00078739 0.99999969
-0.00079825 0.99999968
-0.00080838 0.99999967
-0.00081780 0.99999967
-0.00082653 0.99999966
-0.00083457 0.99999965
-0.00084196 0.99999965
-0.00084868 0.99999964
-0.00085476 0.99999963
-0.00086020 0.99999963
-0.00086480 0.99999963
-0.00086836 0.99999962
-0.00087087 0.99999962
-0.00087233 0.99999962
-0.00087274 0.99999962
-0.00087209 0.99999962
-0.00087038 0.99999962
-0.00086761 0.99999962
-0.00086378 0.99999963
-0.00085888 0.99999963
-0.00085291 0.99999964
-0.00084587 0.99999964
-0.00083776 0.99999965
-0.00082857 0.99999966
-0.00081831 0.99999967
-0.00080697 0.99999967
-0.00079455 0.99999968
-0.00078105 0.99999969
-0.00076646 0.99999971
-0.00075080 0.99999972
-0.00073406 0.99999973
-0.00071623 0.99999974
-0.00069732 0.99999976
-0.00067733 0.99999977
-0.00065626 0.99999978
-0.00063410 0.99999980
-0.00061087 0.99999981
-0.00058655 0.99999983
-0.00056115 0.99999984
-0.00053467 0.99999986
-0.00050712 0.99999987
-0.00047849 0.99999989
-0.00044878 0.99999990
-0.00041801 0.99999991
-0.00038616 0.99999993
-0.00035324 0.99999994
-0.00031926 0.99999995
-0.00028421 0.99999996
-0.00024810 0.99999997
-0.00021093 0.99999998
-0.00017271 0.99999999
-0.00013343 0.99999999
-0.00009310 1.00000000
-0.00005173 1.00000000
-0.00000932 1.00000000
0.00003413 1.00000000
0.00007862 1.00000000
0.00012413 0.99999999
0.00017068 0.99999999
0.00021824 0.99999998
0.00026682 0.99999996
0.00031641 0.99999995
0.00036701 0.99999993
0.00041862 0.99999991
0.00047124 0.99999989
0.00052488 0.99999986
0.00057955 0.99999983
0.00063523 0.99999980
0.00069192 0.99999976
0.00074965 0.99999972
0.00080839 0.99999967
0.00086816 0.99999962
0.00092895 0.99999957
0.00099076 0.99999951
0.00105361 0.99999944
0.00111748 0.99999938
0.00118238 0.99999930
0.00124832 0.99999922
0.00131529 0.99999914
0.00138329 0.99999904
0.00145233 0.99999895
0.00152242 0.99999884
0.00159354 0.99999873
0.00166570 0.99999861
0.00173891 0.99999849
0.00181317 0.99999836
0.00188847 0.99999822
0.00196483 0.99999807
0.00204224 0.99999791
0.00212071 0.99999775
0.00220023 0.99999758
0.00228082 0.99999740
0.00236247 0.99999721
0.00244519 0.99999701
0.00252898 0.99999680
0.00261384 0.99999658
0.00269977 0.99999636
0.00278679 0.99999612
0.00287488 0.99999587
0.00296406 0.99999561
0.00305433 0.99999534
0.00314569 0.99999505
0.00323814 0.99999476
0.00333169 0.99999445
0.00342635 0.99999413
0.00352210 0.99999380
0.00361897 0.99999345
0.00371695 0.99999309
0.00381604 0.99999272
0.00391626 0.99999233
0.00401759 0.99999193
0.00412006 0.99999151
0.00422366 0.99999108
0.00432839 0.99999063
0.00443427 0.99999017
0.00454129 0.99998969
0.00464940 0.99998919
0.00475854 0.99998868
0.00486871 0.99998815
0.00497990 0.99998760
0.00509210 0.99998704
0.00520532 0.99998645
0.00531954 0.99998585
0.00543477 0.99998523
0.00555100 0.99998459
0.00566822 0.99998394
0.00578644 0.99998326
0.00590563 0.99998256
0.00602581 0.99998184
0.00614697 0.99998111
0.00626909 0.99998035
0.00639218 0.99997957
0.00651623 0.99997877
0.00664124 0.99997795
0.00676719 0.99997710
0.00689409 0.99997624
0.00702192 0.99997535
0.00715069 0.99997443
0.00728039 0.99997350
0.00741100 0.99997254
0.00754253 0.99997155
0.00767498 0.99997055
0.00780832 0.99996951
0.00794256 0.99996846
0.00807769 0.99996737
0.00821371 0.99996627
0.00835060 0.99996513
0.00848837 0.99996397
0.00862700 0.99996279
0.00876649 0.99996157
0.00890684 0.99996033
0.00904802 0.99995907
0.00919005 0.99995777
0.00933291 0.99995645
0.00947660 0.99995510
0.00962110 0.99995372
0.00976642 0.99995231
0.00991253 0.99995087
0.01005945 0.99994940
0.01020716 0.99994791
0.01035565 0.99994638
0.01050491 0.99994482
0.01065494 0.99994323
0.01080574 0.99994162
0.01095728 0.99993997
0.01110958 0.99993829
0.01126261 0.99993657
0.01141637 0.99993483
0.01141637 0.99993483
0.01141637 0.99993483
0.01141637 0.99993483
0.01141637 0.99993483
0.01141637 0.99993483
0.01141637 0.99993483
0.01141637 0.99993483
0.01141637 0.99993483
0.01141637 0.99993483
0.01141637 0.99993483
0.01141637 0.99993483
0.01141637 0.99993483
0.01141637 0.99993483
0.01141637 0.99993483
0.01141637 0.99993483
0.01141637 0.99993483
0.01141637 0.99993483
0.01141637 0.99993483
0.01141637 0.99993483
0.01141637 0.99993483
0.01141637 0.99993483
0.01141637 0.99993483
0.01141637 0.99993483
0.01141637 0.99993483
0.01141637 0.99993483
0.01141637 0.99993483
0.01141637 0.99993483
0.01141637 0.99993483
0.01141637 0.99993483
0.01141637 0.99993483
0.01141637 0.99993483
0.01141637 0.99993483
0.01141637 0.99993483
0.01141637 0.99993483
0.01141637 0.99993483
0.01141637 0.99993483
0.01141637 0.99993483
0.01141637 0.99993483
0.01141637 0.99993483
0.01141637 0.99993483
0.01141637 0.99993483
0.01141637 0.99993483
0.01141637 0.99993483
0.01141637 0.99993483
0.01141637 0.99993483
0.01141637 0.99993483
0.01141637 0.99993483
0.01141637 0.99993483
0.01141637 0.99993483
0.01141637 0.99993483
0.01141637 0.99993483
0.01141637 0.99993483
0.01141637 0.99993483
0.01141637 0.99993483
0.01141637 0.99993483
0.01141637 0.99993483
0.01141637 0.99993483
0.01141637 0.99993483
0.01141637 0.99993483
0.01141637 0.99993483
0.01141637 0.99993483
0.01141637 0.99993483
0.01141637 0.99993483
0.01141637 0.99993483
0.01141637 0.99993483
0.01141637 0.99993483
0.01141637 0.99993483
0.01141637 0.99993483
0.01141637 0.99993483
0.01141637 0.99993483
0.01141637 0.99993483
0.01141637 0.99993483
0.01141637 0.99993483
0.01141637 0.99993483
0.01141637 0.99993483
0.01141637 0.99993483
0.01141637 0.99993483
0.01141637 0.99993483
0.01141637 0.99993483
0.01141637 0.99993483
0.01141637 0.99993483
0.01141637 0.99993483
0.01141637 0.99993483
0.01141637 0.99993483
0.01141637 0.99993483
