-0.13369533 0.99102248
-0.10171733 0.99481334
-0.06861794 0.99764301
-0.03441971 0.99940747
0.00084017 0.99999965
0.03710826 0.99931125
0.07431343 0.99723493
0.11236572 0.99366692
0.15115577 0.98850996
0.19055472 0.98167658
0.23041491 0.97309248
0.27057135 0.96269992
0.31084407 0.95046092
0.35104125 0.93635999
0.39096316 0.92040633
0.43040669 0.90263508
0.46917027 0.88310773
0.50705893 0.86191139
0.54388924 0.83915701
0.57949374 0.81497669
0.61372473 0.78952008
0.64645720 0.76295025
0.67759073 0.73543919
0.70046163 0.71369006
0.70974212 0.70446158
0.70624116 0.70797135
0.68925910 0.72451494
0.65643855 0.75437950
0.60351114 0.79735456
0.53095586 0.84739948
0.44275336 0.89664344
0.33992337 0.94045314
0.22605196 0.97411524
0.10705376 0.99425323
0.00527301 0.99998610
-0.06342135 0.99798684
-0.10300375 0.99468097
-0.11698667 0.99313349
-0.10741259 0.99421453
-0.07478703 0.99719953
-0.03402653 0.99942093
-0.00007119 1.00000000
0.02744717 0.99962326
0.04877118 0.99880998
0.06396514 0.99795213
0.06930539 0.99759549
0.06044935 0.99817127
0.03702210 0.99931445
-0.00032516 0.99999995
-0.04977813 0.99876030
-0.10839997 0.99410736
-0.17597120 0.98439532
-0.25692791 0.96643057
-0.35461822 0.93501119
-0.47136437 0.88193856
-0.60568375 0.79570547
-0.72898612 0.68452848
-0.82014515 0.57215552
-0.88551449 0.46461175
-0.93170869 0.36320644
-0.96393320 0.26614431
-0.98554184 0.16943224
-0.99707388 0.07644400
-0.99999981 -0.00062180
-0.99845842 -0.05550482
-0.99649230 -0.08368454
-0.99665698 -0.08169979
-0.99795615 -0.06390237
-0.99889901 -0.04691244
-0.99951857 -0.03102631
-0.99986331 -0.01653361
-0.99999314 -0.00370400
-0.99997390 0.00722556
-0.99987100 0.01606189
-0.99974314 0.02266415
-0.99963680 0.02694923
-0.99958249 0.02889376
-0.99959286 0.02853281
-0.99965854 0.02613034
-0.99975832 0.02198391
-0.99986806 0.01624377
-0.99995874 0.00908438
-0.99999976 0.00069583
-0.99996194 -0.00872443
-0.99981988 -0.01897914
-0.99955356 -0.02987765
-0.99914923 -0.04124096
-0.99859952 -0.05290549
-0.99691401 -0.07850137
-0.99139434 -0.13090939
-0.97775799 -0.20973630
-0.94939866 -0.31407354
-0.89812329 -0.43974374
-0.81702103 -0.57660787
-0.71384125 -0.70030755
-0.59720971 -0.80208514
-0.46293712 -0.88639112
-0.30543121 -0.95221414
-0.12075359 -0.99268251
0.01708425 -0.99985405
0.03757252 -0.99929390
-0.06119006 -0.99812613
-0.23430994 -0.97216195
-0.42575140 -0.90484018
-0.62492760 -0.78068271
-0.78511196 -0.61935386
-0.88286327 -0.46963012
-0.93804440 -0.34651510
-0.96810038 -0.25056268
-0.98409880 -0.17762194
-0.99301769 -0.11796556
-0.99783180 -0.06581563
-0.99975328 -0.02221216
-0.99992526 0.01222629
-0.99930838 0.03718546
-0.99861909 0.05253487
-0.99830322 0.05822959
-0.99852755 0.05424700
-0.99917699 0.04056287
-0.99985261 0.01716830
-0.99987403 -0.01587222
-0.99885037 -0.04793676
-0.99764183 -0.06863512
-0.99694318 -0.07813003
-0.99707071 -0.07648529
-0.99797466 -0.06361274
-0.99922831 -0.03927830
-0.99999497 -0.00317093
-0.99898911 0.04495280
-0.99446843 0.10503590
-0.98431724 0.17640740
-0.96629226 0.25744759
-0.94278079 0.33341324
-0.91991576 0.39211604
-0.90028874 0.43529322
-0.88547737 0.46468250
-0.87636801 0.48164211
-0.87341108 0.48698366
-0.87677163 0.48090696
-0.88637229 0.46297318
-0.90182663 0.43209805
-0.92225124 0.38659107
-0.94594664 0.32432230
-0.96702377 0.25468612
-0.98174701 0.19019152
-0.99113739 0.13284079
-0.99646653 0.08399084
-0.99901418 0.04439215
-0.99989752 0.01431602
-0.99998019 -0.00629433
-0.99984349 -0.01769193
-0.99979530 -0.02023268
-0.99989742 -0.01432273
-0.99999992 -0.00040095
-0.99993108 0.01174038
-0.99991491 0.01304478
-0.99999293 0.00376143
-0.99986626 -0.01635451
-0.99884676 -0.04801207
-0.99572824 -0.09233235
-0.99105951 -0.13342054
-0.98806192 -0.15405728
-0.99636121 0.08523104
-0.88324196 0.46891751
-0.76610566 0.64271465
-0.69759197 0.71649525
-0.67249719 0.74009967
-0.69293535 0.72099972
-0.75589228 0.65469601
-0.84921088 0.52805386
-0.93024156 0.36694775
-0.97865579 0.20550633
-0.99920728 0.03980962
-0.99067612 -0.13623815
-0.94484899 -0.32750632
-0.85916903 -0.51169188
-0.75152424 -0.65970548
-0.63689840 -0.77094775
-0.52439119 -0.85147747
-0.41745374 -0.90869818
-0.31594705 -0.94877683
-0.21140856 -0.97739778
-0.09312798 -0.99565415
0.04373825 -0.99904302
0.20219949 -0.97934436
0.37990998 -0.92502346
0.54574455 -0.83795160
0.67492451 -0.73788678
0.77257132 -0.63492800
0.84590324 -0.53333639
0.90122326 -0.43335510
0.94298834 -0.33282578
0.97632694 -0.21630004
0.99801876 -0.06291698
0.99062987 0.13657402
0.92632005 0.37673754
0.78419802 0.62051064
0.63117387 0.77564137
0.54596623 0.83780718
0.52704908 0.84983485
0.57386774 0.81894799
0.69598880 0.71805263
0.88309980 0.46918519
0.99143266 0.13061884
0.99552005 -0.09455067
0.97962895 -0.20081613
0.97563418 -0.21940363
0.98660492 -0.16312794
0.99702177 -0.07712060
0.99995069 -0.00993093
0.99930105 0.03738190
0.99790006 0.06477252
0.99737748 0.07237517
0.99819756 0.06001357
0.99926264 0.03839488
0.99982778 0.01855812
0.99999989 0.00047162
0.99987377 -0.01588837
0.99953372 -0.03053429
0.99856377 -0.05357612
0.99543621 -0.09542932
0.98778746 -0.15580736
0.97250720 -0.23287283
0.94652282 -0.32263687
0.90800465 -0.41896009
0.86871456 -0.49531305
0.84373569 -0.53675887
0.83495605 -0.55031663
0.84248001 -0.53872760
0.86558225 -0.50076679
0.89490972 -0.44624723
0.92177351 -0.38772877
0.94558748 -0.32536798
0.96575374 -0.25946044
0.98169628 -0.19045318
0.99290075 -0.11894578
0.99850630 -0.05463678
0.99997280 -0.00737621
0.99974593 0.02254067
0.99938032 0.03519914
0.99952982 0.03066165
0.99983478 0.01817716
0.99997477 0.00710340
0.99999690 -0.00249087
0.99994427 -0.01055735
0.99985433 -0.01706807
0.99975765 -0.02201466
0.99967718 -0.02540727
0.99962802 -0.02727310
0.99961753 -0.02765481
0.99964593 -0.02660861
0.99970708 -0.02420246
0.99985217 -0.01719419
0.99999763 -0.00217641
0.99976934 0.02147715
0.99848428 0.05503761
0.99493440 0.10052634
0.99714587 0.07549907
0.99157233 -0.12955433
0.86557987 -0.50077090
0.66043035 -0.75088731
0.52845046 -0.84896414
0.42997064 -0.90284287
0.33673884 -0.94159808
0.25208041 -0.96770629
0.17774354 -0.98407684
0.11431150 -0.99344496
0.06169474 -0.99809507
0.01942046 -0.99981141
-0.01210027 -0.99992679
-0.03220200 -0.99948138
-0.04055547 -0.99917729
-0.03706665 -0.99931280
-0.02820303 -0.99960222
-0.02038953 -0.99979211
-0.01361054 -0.99990737
-0.00785189 -0.99996917
-0.00310112 -0.99999519
0.00065227 -0.99999979
0.00341673 -0.99999416
0.00519849 -0.99998649
0.00600148 -0.99998199
0.00582730 -0.99998302
0.00467516 -0.99998907
0.00310838 -0.99999517
0.00169238 -0.99999857
0.00042776 -0.99999991
-0.00068496 -0.99999977
-0.00164529 -0.99999865
-0.00245283 -0.99999699
-0.00310721 -0.99999517
-0.00360815 -0.99999349
-0.00395540 -0.99999218
-0.00414877 -0.99999139
-0.00418815 -0.99999123
-0.00407346 -0.99999170
-0.00380470 -0.99999276
-0.00338190 -0.99999428
-0.00280517 -0.99999607
-0.00207468 -0.99999785
-0.00119063 -0.99999929
-0.00015331 -0.99999999
0.00103694 -0.99999946
0.00237973 -0.99999717
0.00387459 -0.99999249
0.00537998 -0.99998553
0.00673989 -0.99997729
0.00793619 -0.99996851
0.00895674 -0.99995989
0.00979557 -0.99995202
0.01045262 -0.99994537
0.01141235 -0.99993488
0.01342124 -0.99990993
0.01756174 -0.99984578
0.02334638 -0.99972744
0.02576521 -0.99966802
0.02537622 -0.99967797
0.02501335 -0.99968712
0.02466758 -0.99969571
0.02433156 -0.99970394
0.02399895 -0.99971198
0.02366402 -0.99971997
0.02332124 -0.99972802
0.02296494 -0.99973627
0.02258907 -0.99974483
0.02218677 -0.99975384
0.02175001 -0.99976344
0.02112184 -0.99977691
0.02015167 -0.99979693
0.01885212 -0.99982228
0.01697782 -0.99985587
0.01447173 -0.99989528
0.01168985 -0.99993167
0.01056658 -0.99994417
0.01397166 -0.99990239
0.08036030 0.99676588
0.01262030 -0.99992036
0.00175249 -0.99999846
-0.00018005 -0.99999998
-0.00208452 -0.99999783
-0.00399712 -0.99999201
-0.00595050 -0.99998230
-0.00797595 -0.99996819
-0.01010538 -0.99994894
-0.01237303 -0.99992345
-0.01481738 -0.99989022
-0.01748335 -0.99984715
-0.02042505 -0.99979139
-0.02270122 -0.99974229
-0.02325583 -0.99972955
-0.02200974 -0.99975776
-0.01892827 -0.99982084
-0.01402507 -0.99990164
-0.00736317 -0.99997289
0.00094704 -0.99999955
0.01075280 -0.99994219
0.02186662 -0.99976090
0.03407583 -0.99941925
0.04715317 -0.99888767
0.04919169 -0.99878936
0.02909950 -0.99957652
-0.01340924 -0.99991009
-0.07989067 -0.99680363
-0.17221483 -0.98505941
-0.29062248 -0.95683780
-0.41507462 -0.90978737
-0.52778129 -0.84938031
-0.62975050 -0.77679746
-0.72202382 -0.69186819
-0.80504190 -0.59321796
-0.87360410 -0.48663731
-0.92329646 -0.38408807
-0.95672825 -0.29098291
-0.97764606 -0.21025742
-0.98974159 -0.14286915
-0.99606889 -0.08858201
-0.99899453 -0.04483226
-0.99995949 -0.00900102
-0.99980768 0.01961123
-0.99913694 0.04153769
-0.99836797 0.05710868
-0.99766038 0.06836502
-0.99702386 0.07709357
-0.99654025 0.08311150
-0.99626993 0.08629149
-0.99624608 0.08656647
-0.99647148 0.08393201
-0.99691833 0.07844642
-0.99753092 0.07022862
-0.99823107 0.05945358
-0.99892546 0.04634574
-0.99951409 0.03117030
-0.99986740 0.01628448
-0.99999478 0.00323002
-0.99996148 -0.00877769
-0.99979094 -0.02044686
-0.99946960 -0.03256563
-0.99893040 -0.04623906
-0.99811973 -0.06129444
-0.99715793 -0.07533958
-0.99627272 -0.08625933
-0.99576126 -0.09197558
-0.99582008 -0.09133657
-0.99617524 -0.08737783
-0.99653754 -0.08314407
-0.99690529 -0.07861202
-0.99727643 -0.07375449
-0.99764838 -0.06853990
-0.99801784 -0.06293170
-0.99838059 -0.05688755
-0.99873122 -0.05035830
-0.99906269 -0.04328676
-0.99936590 -0.03560614
-0.99962898 -0.02723801
-0.99974132 -0.02274389
-0.99963511 -0.02701190
-0.99914476 -0.04134905
-0.99763370 -0.06875325
-0.99334304 -0.11519381
-0.98128643 -0.19255372
-0.71172636 -0.70245682
-0.12858134 -0.99169897
-0.93692048 -0.34954259
-0.97147701 -0.23713374
-0.96529178 -0.26117387
-0.94504484 -0.32694073
-0.91981761 -0.39234623
-0.89057721 -0.45483209
-0.85897824 -0.51201210
-0.82711313 -0.56203547
-0.79581081 -0.60554534
-0.76502540 -0.64400011
-0.73555629 -0.67746361
-0.70805908 -0.70615320
-0.68303734 -0.73038346
-0.65845396 -0.75262100
-0.63177820 -0.77514921
-0.60263595 -0.79801624
-0.57061324 -0.82121893
-0.53525378 -0.84469130
-0.49606022 -0.86828812
-0.45250169 -0.89176355
-0.40403088 -0.91474535
-0.35011501 -0.93670672
-0.29028540 -0.95694012
-0.22420960 -0.97454095
-0.15658690 -0.98766418
-0.09449019 -0.99552579
-0.04056607 -0.99917686
0.00383598 -0.99999264
0.04332972 -0.99906083
0.08486278 -0.99639265
0.11114272 -0.99380446
0.09695716 -0.99528856
0.07585490 -0.99711887
0.10243755 -0.99473944
0.19988668 -0.97981902
0.19500832 -0.98080159
0.18855118 -0.98206336
0.18049457 -0.98357598
0.17083055 -0.98530042
0.15956553 -0.98718734
0.14672175 -0.98917780
0.13233861 -0.99120457
0.11647369 -0.99319378
0.09920335 -0.99506718
0.08062276 -0.99674469
0.06084529 -0.99814721
0.04803657 -0.99884558
0.05009703 -0.99874436
0.06689581 -0.99775997
0.09845027 -0.99514197
0.14475790 -0.98946710
0.20547918 -0.97866149
0.27948686 -0.96014952
0.36438040 -0.93125019
0.45620018 -0.88987718
0.54965602 -0.83539108
0.61613739 -0.78763870
0.63986475 -0.76848754
0.62745747 -0.77865084
0.62792460 -0.77827418
0.72161784 -0.69229162
0.99870811 0.05081439
0.87317553 0.48740589
0.54131963 -0.84081690
0.60776655 -0.79411575
0.83991382 -0.54271979
0.91908735 -0.39405385
0.95493995 -0.29679907
0.97889233 -0.20437661
0.99259825 -0.12144432
0.99868684 -0.05123089
0.99999011 0.00444788
0.99899644 0.04478971
0.99758165 0.06950426
0.99692299 0.07838724
0.99747377 0.07103573
0.99890797 0.04672113
0.99999012 0.00444618
0.99918032 -0.04048076
0.99750271 -0.07062818
0.99637824 -0.08503177
0.99645677 -0.08410648
0.99759416 -0.06932459
0.99907962 -0.04289432
0.99997091 -0.00762800
0.99931194 0.03708972
0.99549580 0.09480568
0.98529203 0.17087892
0.96197139 0.27315024
0.91850201 0.39541630
0.85407616 0.52014797
0.76935647 0.63881972
0.66912600 0.74314897
0.56110605 0.82774393
0.45340044 0.89130693
0.35227940 0.93589488
0.26136370 0.96524039
0.18198422 0.98330145
0.11398077 0.99348296
0.06222086 0.99806241
0.02985720 0.99955417
0.01447458 0.99989524
0.01499333 0.99988759
0.03166936 0.99949840
0.06615655 0.99780926
0.12077048 0.99268046
0.19689630 0.98042432
0.29436940 0.95569172
0.40940292 0.91235369
0.53320582 0.84598555
0.64710131 0.76240403
0.74279245 0.66952176
0.82301750 0.56801601
0.88930154 0.45732130
0.94172069 0.33639581
0.97886999 0.20448361
0.99652864 0.08325066
0.99998675 -0.00514719
0.99802458 -0.06282461
0.99571349 -0.09249134
0.99544691 -0.09531758
0.99671573 -0.08097999
0.99824422 -0.05923246
0.99956133 -0.02961679
0.99996631 0.00820830
0.99852135 0.05436105
0.99408539 0.10860130
0.98541151 0.17018859
0.97131952 0.23777802
0.95092739 0.30941413
0.92388434 0.38267182
0.89051970 0.45494468
0.85268926 0.52241843
0.81145554 0.58441415
0.76614755 0.64266471
0.71572534 0.69838188
0.65882714 0.75229436
0.59379897 0.80461344
0.51875427 0.85492339
0.43172564 0.90200497
0.33098952 0.94363443
0.21563974 0.97647299
0.08639945 0.99626058
-0.02265371 0.99974337
-0.07989042 0.99680365
-0.08766287 0.99615020
-0.04537698 0.99896993
0.05158025 0.99866885
0.20672835 0.97839838
0.37508072 0.92699216
0.51401472 0.85778136
0.62631588 0.77956938
0.71727902 0.69678606
0.79216727 0.61030404
0.85476849 0.51900947
0.90546117 0.42442910
0.94429232 0.32910791
0.97197197 0.23509677
0.98959987 0.14384750
0.99841748 0.05623642
0.99983745 -0.01802984
0.99752744 -0.07027805
0.99479918 -0.10185571
0.99350831 -0.11375954
0.99435453 -0.10610880
0.99644119 -0.08429088
0.99854633 -0.05390007
0.99989292 -0.01463377
0.99943526 0.03360306
0.99589213 0.09054761
0.98784913 0.15541588
0.97396240 0.22670961
0.95324946 0.30218450
0.92534684 0.37912165
0.89067142 0.45464759
0.85038745 0.52615700
0.80453104 0.59391060
0.74918727 0.66235823
0.67873153 0.73438649
0.58517758 0.81090517
0.45777052 0.88907039
0.31582062 0.94881892
0.19709619 0.98038415
0.11022291 0.99390689
0.05737660 0.99835261
0.03850072 0.99925857
0.03664670 0.99932828
0.03475233 0.99939596
0.03282567 0.99946109
0.03087545 0.99952324
0.02891100 0.99958199
0.02694208 0.99963700
0.02497876 0.99968798
0.02303124 0.99973475
0.02110967 0.99977717
0.01922397 0.99981520
0.01738370 0.99984889
0.01514728 0.99988527
0.01240780 0.99992302
0.00967009 0.99995324
0.00524291 0.99998626
0.00510589 0.99998696
0.00930230 0.99995673
0.00883281 0.99996099
0.00801590 0.99996787
0.00683456 0.99997664
0.00535614 0.99998566
0.00373511 0.99999302
0.00221430 0.99999755
0.00088109 0.99999961
-0.00029592 0.99999996
-0.00134131 0.99999910
-0.00227452 0.99999741
-0.00311112 0.99999516
-0.00386362 0.99999254
-0.00454214 0.99998968
-0.00515485 0.99998671
-0.00570832 0.99998371
-0.00620772 0.99998073
-0.00639599 0.99997955
-0.00603801 0.99998177
-0.00530853 0.99998591
-0.00854405 0.99996350
-0.00603490 -0.99998179
-0.00601546 -0.99998191
-0.00484997 0.99998824
-0.00275942 0.99999619
-0.00287608 0.99999586
-0.00260025 0.99999662
-0.00212287 0.99999775
-0.00166295 0.99999862
-0.00122042 0.99999926
-0.00079523 0.99999968
-0.00038733 0.99999992
0.00000335 1.00000000
0.00037685 0.99999993
0.00073323 0.99999973
0.00107252 0.99999942
0.00139477 0.99999903
0.00170003 0.99999855
0.00198832 0.99999802
0.00225970 0.99999745
0.00251418 0.99999684
0.00275181 0.99999621
0.00297261 0.99999558
0.00317660 0.99999495
0.00336382 0.99999434
0.00353428 0.99999375
0.00368801 0.99999320
0.00382501 0.99999268
0.00394530 0.99999222
0.00404890 0.99999180
0.00413581 0.99999145
0.00420605 0.99999115
0.00425961 0.99999093
0.00429650 0.99999077
0.00431672 0.99999068
0.00432026 0.99999067
0.00430712 0.99999072
0.00427730 0.99999085
0.00423078 0.99999105
0.00416755 0.99999132
0.00408759 0.99999165
0.00399090 0.99999204
0.00387744 0.99999248
0.00374721 0.99999298
0.00360016 0.99999352
0.00343628 0.99999410
0.00325554 0.99999470
0.00305791 0.99999532
0.00284334 0.99999596
0.00261181 0.99999659
0.00261181 0.99999659
0.00261181 0.99999659
0.00261181 0.99999659
0.00261181 0.99999659
0.00261181 0.99999659
0.00261181 0.99999659
0.00261181 0.99999659
0.00261181 0.99999659
0.00261181 0.99999659
0.00261181 0.99999659
0.00261181 0.99999659
0.00261181 0.99999659
0.00261181 0.99999659
0.00261181 0.99999659
0.00261181 0.99999659
0.00261181 0.99999659
0.00261181 0.99999659
0.00261181 0.99999659
0.00261181 0.99999659
0.00261181 0.99999659
0.00261181 0.99999659
0.00261181 0.99999659
0.00261181 0.99999659
0.00261181 0.99999659
0.00261181 0.99999659
0.00261181 0.99999659
0.00261181 0.99999659
0.00261181 0.99999659
0.00261181 0.99999659
0.00261181 0.99999659
0.00261181 0.99999659
0.00261181 0.99999659
0.00261181 0.99999659
0.00261181 0.99999659
0.00261181 0.99999659
0.00261181 0.99999659
0.00261181 0.99999659
0.00261181 0.99999659
0.00261181 0.99999659
0.00261181 0.99999659
0.00261181 0.99999659
0.00261181 0.99999659
0.00261181 0.99999659
0.00261181 0.99999659
0.00261181 0.99999659
