    0.366944            0
    0.403216   -0.0823426
    0.429115    -0.023795
     0.43576   -0.0320973
    0.450445   -0.0642408
    0.447634   -0.0587429
    0.462141   -0.0507951
    0.457061    0.0412121
    0.468769   -0.0524336
    0.466098    0.0566558
     0.48237     0.113738
    0.402847     0.022481
    0.420518   -0.0361019
    0.425158    0.0506266
    0.439249      0.01858
    0.436363    -0.105322
    0.560068     0.107761
    0.575884    0.0483166
    0.567648   -0.0749807
    0.556432    -0.102667
    0.569054     -0.11754
    0.608574    -0.295264
    0.635357    -0.241682
    0.578125   -0.0254676
    0.586969     0.132402
    0.599042    0.0367555
    0.615585    0.0118431
    0.636544    0.0592292
    0.625782     0.103906
    0.636457    0.0789571
    0.646582   -0.0983773
    0.670906   -0.0879585
    0.523909    -0.204167
    0.522699      -0.1915
    0.534136   -0.0602716
    0.545024    -0.202579
    0.570028    -0.149895
    0.490718    -0.282836
    0.484529     -0.18121
    0.488257         -0.4
    0.504514    -0.288638
    0.634339    -0.159183
    0.618182    -0.243875
    0.591361   -0.0177661
    0.589617   -0.0854611
    0.598318    0.0065013
    0.553354    -0.258966
     0.55683    -0.289564
    0.563616    -0.252609
    0.568856    -0.157652
    0.551033    -0.218037
    0.559707    -0.170927
    0.566656    -0.194195
    0.576231    -0.207223
    0.553662   -0.0858859
    0.535086   -0.0593489
    0.513177     0.143209
    0.524176    0.0823407
    0.511183    0.0724142
    0.498011    0.0335118
    0.508291    0.0482748
    0.541281     0.239753
    0.512088   -0.0442216
    0.524737    -0.126919
    0.539666   -0.0984127
    0.543459   -0.0691446
    0.552042    -0.122032
     0.56749   -0.0978981
    0.545141     0.116379
    0.538602    0.0145001
    0.555262    0.0218008
    0.478544   -0.0845722
     0.49609   -0.0975723
     0.48213   -0.0478997
    0.486227   -0.0661705
     0.47662   -0.0744827
    0.570745   0.00864315
    0.557056    0.0132474
    0.564352    -0.184824
    0.581647     -0.28115
    0.559081   -0.0950544
    0.483564    -0.319176
    0.490113    -0.115612
    0.500226    -0.211909
    0.498044    -0.224775
    0.488985    -0.236143
    0.488174    -0.286099
    0.495825    -0.166851
    0.491676    -0.262866
    0.471409    -0.136059
    0.488044    -0.154737
    0.435941   -0.0141829
     0.46031    0.0828923
    0.456778     0.201402
    0.474503 -0.000155938
    0.487405   -0.0415069
    0.501582   0.00955208
    0.552476     0.156028
     0.55745     0.178612
     0.54467     0.155754
    0.554807      0.33331
    0.509326     0.160125
    0.510653     0.194498
    0.502913     0.187417
    0.514937     0.147702
    0.502125     0.282811
    0.578071      0.29943
    0.564312     0.172262
    0.563266     0.285084
    0.586047      0.23749
    0.565727      0.36067
    0.597488          0.4
    0.601906          0.4
    0.584886      0.39474
    0.558859     0.312774
    0.562545          0.4
    0.596325          0.4
    0.619074          0.4
    0.576742      0.34872
    0.546115     0.241759
    0.517908   -0.0881529
    0.502573     0.258762
    0.549302     0.139693
    0.525733   -0.0584889
    0.511943    0.0558038
    0.527407    0.0671189
    0.552458     0.252544
    0.546511     0.112417
    0.545316     0.082806
    0.551115    0.0333325
    0.533824    0.0230447
    0.500128  -0.00916129
    0.507494   -0.0890633
    0.514246    0.0790656
    0.505182   -0.0307877
    0.493481    0.0939663
    0.477806    -0.182245
    0.491335   -0.0854155
    0.485275    -0.131214
    0.502895   -0.0105049
    0.518662    -0.124286
    0.636715    -0.187138
    0.654553    -0.232395
    0.626081   -0.0961716
    0.613832    -0.138656
      0.6156    -0.206057
    0.617933    -0.156612
    0.510753   -0.0473434
    0.523456   -0.0172564
    0.528479   -0.0186605
    0.511419    0.0326776
    0.587718          0.4
     0.62772     0.300148
    0.602753     0.298617
    0.600761       0.2228
    0.591241    0.0643645
    0.596969     0.130224
    0.574554     0.111051
     0.54688   -0.0373655
    0.553232 -0.000875567
    0.563608   -0.0383177
    0.468935   -0.0301156
    0.476658   -0.0842233
    0.468325   -0.0377536
    0.475577     0.138892
    0.474886  -0.00395107
    0.461986   -0.0771939
    0.445156    0.0958964
    0.466507    0.0494672
    0.477423    -0.107513
     0.46169    0.0828595
    0.522602     0.172147
    0.537348    0.0405107
     0.54484     0.039819
    0.559791  -0.00384594
    0.538787   -0.0104426
    0.510257     0.134493
    0.529827     0.280221
    0.540801    0.0869738
    0.524662     0.216242
    0.519473     0.267576
    0.631955     0.262149
    0.639943     0.129193
     0.59158     0.177775
    0.595565       0.1094
    0.576097     0.207419
    0.474819   -0.0223859
    0.429272     0.150192
    0.455963     0.226381
    0.459893    0.0284319
    0.447646     0.153696
    0.434743     0.314921
    0.473351    0.0211616
    0.432653     0.115079
    0.456834    0.0947909
    0.455012     0.300375
    0.560098          0.4
    0.572497          0.4
    0.575667     0.333782
    0.574158     0.381045
    0.560231     0.344995
    0.505361     0.399881
    0.530989          0.4
     0.54122          0.4
    0.561478          0.4
    0.536464          0.4
    0.553073     0.225571
    0.544141     0.293324
    0.537429      0.26815
    0.511051     0.126054
     0.49981     0.184896
    0.472987          0.4
    0.526352     0.399872
     0.51061     0.399998
    0.538793          0.4
    0.570258          0.4
    0.539946          0.4
    0.553448          0.4
    0.570238          0.4
    0.547614          0.4
    0.555779          0.4
    0.591307          0.4
     0.62672          0.4
    0.583052          0.4
    0.580481          0.4
    0.608217          0.4
    0.589062     0.369016
    0.359608     0.261312
    0.355923     0.196764
     0.34551    0.0943992
     0.35117     0.202084
    0.338872   -0.0992249
    0.324133   -0.0444857
    0.333044   -0.0646202
    0.340629   -0.0290725
    0.322189   0.00574006
    0.324503    -0.168558
    0.324837 -0.000483023
    0.335953    -0.163886
    0.322773    -0.122043
    0.333811    -0.145165
    0.426703   -0.0821594
    0.429332    -0.205421
    0.423711    -0.271804
    0.401525    0.0168531
    0.426464   -0.0145475
    0.427868   -0.0137761
    0.351494   -0.0348523
    0.339305     0.012537
      0.3472   -0.0769471
    0.358849    -0.219705
    0.398966   0.00681453
    0.420371   -0.0318168
    0.407771   -0.0235756
    0.411062   -0.0440479
    0.411674   -0.0483344
    0.316332     0.246305
     0.35256     0.130388
    0.346215    0.0875515
    0.347199    0.0201324
    0.352754   -0.0620371
    0.331958   -0.0625781
    0.336146   -0.0260168
    0.347002   -0.0722806
    0.328742    0.0776171
    0.360614    0.0443294
    0.335478    0.0601037
    0.324425    -0.110334
    0.320172     0.035663
    0.323401    0.0697147
     0.33295     0.111656
    0.444204    0.0132255
    0.432512     0.182831
    0.429353     0.092906
     0.42716     0.135936
    0.411831     0.158296
     0.38861     0.299372
    0.387902    0.0973435
    0.366222    0.0671943
    0.353343    0.0522568
    0.358106    0.0945636
    0.320788    0.0469809
    0.328804    0.0996064
    0.322693     0.170888
    0.305992   -0.0351557
    0.313181     0.092828
    0.365855   -0.0507437
    0.354733    0.0100987
    0.361888   -0.0955141
     0.35093    -0.120804
    0.351548   -0.0593664
    0.319329    0.0216499
    0.311593      0.18285
    0.312185      0.12525
    0.318501     0.155631
    0.319793    0.0487663
     0.32435  -0.00477393
    0.322257    -0.130129
    0.331231    -0.270826
    0.321849    -0.124379
     0.30954   -0.0168243
    0.278983  -0.00390555
    0.283389     0.142085
    0.284712    0.0236452
    0.293024    -0.019373
    0.283669    0.0422487
     0.36007   -0.0745577
     0.35571    -0.119174
    0.357634   -0.0874069
    0.534873    -0.128313
    0.531988    -0.116371
    0.497391  -0.00271359
     0.51955   0.00265364
    0.534313   -0.0879849
    0.535767    0.0399789
    0.524285     0.173679
    0.435345    0.0770713
    0.440687    0.0527736
    0.430139     0.244301
    0.460244   0.00671345
    0.422754      0.20381
    0.489057          0.4
    0.545979     0.329666
    0.502264          0.4
     0.54722          0.4
    0.542426     0.309032
    0.576299      0.39767
    0.567224     0.343609
      0.5956          0.4
    0.586203          0.4
    0.585852          0.4
    0.566622     0.379242
     0.54819     0.384119
    0.527623     0.398739
    0.543383          0.4
    0.584103          0.4
    0.555723          0.4
    0.504399          0.4
    0.532353          0.4
    0.543115          0.4
    0.508123          0.4
    0.488058          0.4
    0.511829          0.4
    0.470033          0.4
    0.469268          0.4
    0.473974          0.4
    0.484236          0.4
    0.488805          0.4
     0.49611          0.4
    0.482783          0.4
    0.513258          0.4
    0.427028      0.24047
    0.429534     0.188989
     0.41311          0.4
    0.453401     0.364892
     0.44219          0.4
    0.534081          0.4
    0.514908          0.4
    0.512782          0.4
    0.518245     0.386995
    0.454732     0.101634
    0.388514    -0.224294
    0.436391    -0.287578
    0.464656    -0.255706
    0.426093         -0.4
    0.469304    -0.179557
    0.514947    -0.243847
    0.515567         -0.4
    0.586122         -0.4
    0.569682    -0.177968
    0.539723    -0.237727
    0.611075    -0.108856
    0.527779         -0.4
    0.601491    -0.394445
    0.628352         -0.4
    0.637826         -0.4
    0.638464         -0.4
    0.612227         -0.4
    0.649036         -0.4
    0.623224         -0.4
    0.640249         -0.4
    0.750881         -0.4
    0.736542         -0.4
    0.725833         -0.4
    0.690261         -0.4
    0.679224         -0.4
    0.653587         -0.4
    0.653024         -0.4
    0.607397         -0.4
    0.617836         -0.4
    0.633795         -0.4
    0.580657         -0.4
    0.562122         -0.4
    0.554549         -0.4
    0.537227    -0.261018
    0.543463    -0.322019
    0.547116     -0.21643
    0.514428    -0.117368
    0.495213    -0.111527
    0.500479   -0.0148969
    0.487725    -0.159126
    0.482301   -0.0204545
    0.491976   -0.0483142
    0.480986      -0.0235
    0.494072   -0.0651403
    0.506414   -0.0252826
    0.515739   -0.0266786
    0.477418     0.122223
    0.501517     0.118294
    0.510823    0.0898075
    0.501289    0.0625163
    0.558352     0.276737
    0.570395     0.171409
    0.549907    0.0553493
    0.568348    0.0307614
    0.576482    0.0757958
    0.578047   -0.0693584
    0.511949      0.13443
    0.483798    0.0504844
    0.496741    0.0510022
    0.514518    -0.057261
    0.521139     0.139389
    0.528366    0.0760673
    0.514398    0.0436461
     0.53299     0.186605
    0.497402  -0.00172896
    0.609874    -0.167883
      0.6007   -0.0142885
    0.598596    -0.094043
    0.610022   -0.0740814
    0.589063    -0.130263
    0.584341    -0.120992
    0.588836    0.0115407
    0.589121   -0.0844368
    0.575033  -0.00994783
    0.549044    -0.131717
     0.53958     0.164283
    0.550172     0.213609
    0.536464     0.249335
    0.511928     0.170275
    0.518757    0.0225913
     0.48352     -0.16844
    0.504237    -0.100817
    0.489557    -0.161821
    0.479712   -0.0726264
    0.484975   -0.0543617
    0.558666    -0.130133
    0.554368    -0.247877
    0.566443    -0.198667
    0.537536   -0.0427026
    0.548452    -0.147329
     0.50277    -0.241407
    0.521208    -0.209591
    0.501678    -0.147279
    0.514912    -0.135131
    0.495631    0.0161424
     0.54736    0.0557802
    0.556032   -0.0409742
    0.568522  -0.00328919
    0.550877    -0.021729
    0.561447   -0.0799332
    0.515311    0.0133425
    0.523471    0.0674352
    0.477857    -0.106501
    0.500359   -0.0214977
    0.508226   -0.0584929
    0.520686   -0.0436363
    0.474137    -0.161674
    0.493849    -0.110307
    0.503201    -0.151846
    0.495696    -0.103625
    0.480389    -0.381302
     0.51973    -0.312141
    0.497097    -0.234528
    0.502388    -0.125741
    0.489049    -0.216356
    0.486801    0.0255704
    0.464317    -0.127804
    0.492517    -0.106259
     0.50016   -0.0733525
    0.486769   -0.0190963
    0.516342   0.00286641
    0.528097   -0.0144752
    0.535575    -0.198345
    0.543047    -0.188541
    0.524132    -0.226178
     0.57214    -0.191779
     0.57061   -0.0658558
    0.542823    0.0538949
     0.51624    0.0749605
    0.520864   -0.0635301
    0.571958     0.108044
    0.572603 -0.000129512
    0.563567    -0.134732
    0.557729   -0.0853064
    0.555313    0.0160633
    0.512129   -0.0217774
    0.505236   -0.0261917
    0.525905  0.000396015
    0.531141    0.0323942
     0.54148    0.0287064
    0.575972    -0.193927
    0.591421   -0.0142381
    0.573518    -0.212444
    0.595547    -0.206785
    0.575564     -0.22226
    0.548018    -0.220127
    0.505568    0.0562019
    0.518081   -0.0210079
    0.502769     0.074398
    0.518302     0.045349
    0.480702     0.112403
    0.497231     0.215183
    0.490942     0.250944
    0.495584    0.0327624
    0.485642     0.102547
    0.496461  -0.00963913
     0.48295    0.0688837
     0.50278   -0.0774614
    0.475485     0.127148
    0.506624     0.106403
    0.560046     0.148274
    0.574952      0.08108
    0.551507     0.153003
    0.566303     0.104595
    0.543724    0.0726937
    0.602569     0.236355
    0.600288     0.210543
    0.606546     0.196139
    0.610284      0.16572
    0.582941     0.102015
     0.53047          0.4
     0.57811          0.4
    0.590204          0.4
    0.591698     0.399992
    0.568087     0.310738
    0.522253    0.0563272
    0.527811      0.12334
    0.538054     0.149485
    0.512421     -0.11056
    0.507656    -0.072338
     0.51534     0.126716
    0.512436     0.186768
    0.486847    0.0385004
    0.506326    0.0342768
    0.493426     0.144717
    0.478678    0.0577269
     0.50614      0.15537
    0.509756    0.0537913
    0.491574    -0.224026
    0.530198   -0.0692981
    0.509741    -0.348093
    0.537602    -0.169591
    0.515979    -0.240717
    0.527474    -0.166706
    0.498267   0.00956195
    0.495665    -0.104239
    0.488142   -0.0853657
    0.502781     -0.15109
    0.486803    0.0090639
    0.496456    0.0708143
    0.568908    -0.145361
    0.590794    -0.155496
    0.581651    -0.221596
    0.550912  -0.00453593
    0.564987   -0.0810566
     0.56207     0.141196
    0.498535    0.0166731
    0.504038    0.0696577
    0.517086    0.0294942
    0.523559   0.00890382
    0.534795     0.165081
    0.614015     0.046183
    0.571349     0.107877
    0.588464     0.200542
    0.570443     0.137223
    0.531516     0.109226
    0.504491    0.0128641
    0.508094    -0.142449
    0.489738    0.0579162
    0.508532    0.0171431
    0.470706    0.0760643
    0.471658   -0.0394384
    0.442906    0.0104671
    0.448944   -0.0861061
    0.465991   -0.0248543
    0.468578      -0.1367
    0.438798     -0.26539
    0.441161         -0.4
    0.521828         -0.4
    0.523684         -0.4
    0.572581    -0.267854
    0.570943    -0.362973
    0.554289         -0.4
     0.57548         -0.4
    0.559567         -0.4
     0.49234    -0.370053
    0.469477    -0.390272
    0.504366         -0.4
    0.467068    -0.310103
    0.471401    -0.382653
    0.485181    -0.355013
    0.425338         -0.4
    0.420735    -0.348048
    0.454385    -0.399993
    0.432918     -0.28003
     0.49063    -0.155178
    0.475532     -0.20618
    0.464155   -0.0280874
     0.47242    0.0528074
    0.505055   -0.0786742
    0.504866    0.0313772
    0.587452     0.147749
    0.562725     0.115225
    0.566487     0.271278
     0.54548          0.4
    0.624652      0.10035
    0.563913     0.177369
    0.547745     0.304916
    0.575707          0.4
    0.658176          0.4
     0.63149     0.379821
    0.580889     0.299551
    0.457623          0.4
    0.608936          0.4
     0.60358          0.4
    0.614259          0.4
    0.568302          0.4
    0.513261          0.4
    0.564479          0.4
    0.576375          0.4
    0.478761          0.4
    0.468272          0.4
     0.52579          0.4
    0.528572          0.4
    0.472741          0.4
    0.617557          0.4
    0.634036          0.4
    0.603988          0.4
    0.614895          0.4
    0.562682     0.371737
    0.495732          0.4
    0.554461          0.4
    0.560538          0.4
    0.585213          0.4
    0.509829          0.4
    0.536977          0.4
    0.532883          0.4
    0.575193          0.4
    0.554646          0.4
    0.527987          0.4
    0.532209     0.399232
    0.551592          0.4
    0.547637          0.4
     0.53534          0.4
    0.507344     0.235991
    0.458744          0.4
    0.413883          0.4
    0.443552          0.4
    0.445665          0.4
     0.49341          0.4
    0.504544          0.4
    0.479222          0.4
    0.461645          0.4
    0.475674          0.4
     0.45687          0.4
    0.465594          0.4
     0.47939          0.4
    0.526648          0.4
    0.531052          0.4
    0.516629          0.4
    0.529894          0.4
    0.532521          0.4
    0.534481          0.4
    0.525498          0.4
        0.53          0.4
    0.608455          0.4
    0.558737          0.4
    0.591534          0.4
    0.585857          0.4
    0.580756          0.4
    0.623489          0.4
     0.61151          0.4
    0.648394          0.4
    0.658755          0.4
    0.675242          0.4
    0.612248          0.4
    0.703903          0.4
    0.680437          0.4
    0.670344          0.4
    0.611866          0.4
    0.712146          0.4
    0.666378          0.4
    0.670087          0.4
    0.682293          0.4
    0.658938          0.4
    0.647094          0.4
    0.667275          0.4
    0.680629          0.4
    0.664158          0.4
     0.65598          0.4
    0.709702          0.4
    0.696998          0.4
    0.680784          0.4
    0.689216          0.4
    0.713481          0.4
    0.721296          0.4
    0.662396          0.4
    0.662025          0.4
    0.664174          0.4
    0.715032          0.4
     0.57208          0.4
    0.656203          0.4
     0.52127          0.4
    0.578159          0.4
    0.518573          0.4
    0.568333          0.4
    0.554483          0.4
    0.469276          0.4
    0.461299          0.4
    0.465275          0.4
    0.389771          0.4
    0.400547     0.367097
    0.406268     0.275531
    0.373697     0.130191
     0.47294         -0.4
    0.902075         -0.4
    0.861286         -0.4
    0.858604         -0.4
    0.800674         -0.4
    0.835317         -0.4
    0.747486         -0.4
    0.718237         -0.4
    0.716254         -0.4
    0.631918         -0.4
    0.643342         -0.4
    0.563866         -0.4
    0.563734         -0.4
    0.549603         -0.4
    0.577248         -0.4
    0.528162    -0.399995
     0.63909         -0.4
     0.58196     -0.39778
    0.617066    -0.265991
    0.599959    -0.317144
    0.576032    -0.279173
    0.554001    0.0953092
    0.591704     0.114277
    0.574195   -0.0118365
    0.546097   0.00513762
    0.551868      0.10474
    0.662015     0.106219
    0.641042    0.0425309
     0.61453     0.131513
    0.622979    0.0749671
    0.621386    0.0200366
    0.626185     0.114914
    0.578986     0.218641
    0.575987     0.345182
    0.580838     0.230745
    0.553127     0.173828
     0.48395     0.114762
    0.507447     0.255008
    0.487339     0.131055
      0.4934    -0.020075
    0.508142   -0.0779982
    0.523121      0.14411
    0.535487     0.303577
    0.524468     0.192781
    0.531667     0.096428
    0.527402     0.203004
    0.491515    0.0133654
    0.521462  -0.00345802
    0.509871    0.0564326
    0.520832     0.113737
    0.517232   -0.0382764
    0.478406   -0.0951643
    0.468263    -0.130801
    0.480237    -0.162752
    0.493212   -0.0960106
    0.499237    -0.168897
    0.492612    -0.294092
    0.489707    -0.205537
    0.496346    -0.374394
    0.498833    -0.256066
    0.505052    -0.163719
    0.510792         -0.4
    0.508919      -0.2951
     0.52451    -0.366547
    0.537475    -0.325453
    0.529889         -0.4
    0.516397    -0.322605
    0.512747    -0.210979
    0.512589    -0.205717
    0.529182    -0.252297
    0.512437    -0.172682
    0.621124    -0.206063
    0.625997   -0.0674624
     0.62921    -0.147932
    0.614526    -0.118772
    0.585666    -0.148438
    0.558788    -0.202248
    0.547498    -0.290463
    0.529554    -0.225268
    0.538368    -0.254199
     0.52357    -0.203729
    0.561094   -0.0253232
     0.54386   0.00197337
    0.550062    0.0738551
    0.530385   -0.0311085
    0.543102     0.101019
    0.593596    -0.106393
    0.616797    -0.190722
    0.584418    0.0339594
    0.596918   0.00581504
    0.572666    0.0679006
     0.50718     0.293212
    0.506288     0.268029
    0.517561      0.21703
    0.528988     0.228957
    0.517521     0.203252
    0.508426     0.235244
    0.512075    0.0845318
    0.521305    0.0520207
    0.508763     0.361573
    0.507409     0.137439
    0.493764     0.286997
    0.520695     0.308837
    0.496232     0.104095
    0.483632     0.239262
    0.502277     0.183822
    0.550679     0.156596
    0.564908     0.241281
    0.552969     0.154307
    0.536564     0.140985
    0.546454     0.202954
    0.570306    -0.130603
    0.560432    -0.176937
    0.564407   -0.0697216
    0.547598    -0.102611
    0.553615   0.00413211
    0.488386     0.392979
    0.498447     0.195615
    0.512215     0.253287
    0.528279     0.226515
    0.534789     0.198074
    0.537583     0.115032
     0.54701    0.0730232
    0.534822     0.157551
    0.547952     0.206621
    0.528555    0.0787344
    0.588174   -0.0812443
    0.602591   -0.0612646
    0.583985    -0.129427
    0.588311  -0.00153587
    0.598971   -0.0661556
    0.498913    -0.238813
     0.52456    -0.183338
    0.533938    -0.214038
    0.532021   -0.0648556
    0.551981   -0.0116985
    0.562679    0.0697817
    0.572398    -0.162153
    0.541606   -0.0505893
     0.56235   -0.0867297
    0.566579    -0.119468
    0.485123    0.0761166
    0.508453   -0.0158248
    0.522927    0.0694672
    0.538172      0.07383
    0.549353     0.153341
    0.625586    0.0235637
