     11.7868      1.94813 -0.000469422
     11.7883      1.95551  0.000400048
     12.0063      1.91726  -0.00176941
     12.0409      1.82858  -0.00780462
     12.0526      1.82925   -0.0110776
      12.074      1.82687  -0.00733734
     12.0856      1.82604  0.000937263
     12.0975       1.8289   0.00767039
     12.0263      1.87262    0.0166874
     12.0474      1.87296    0.0248195
     12.0612      1.86859    0.0199639
     12.0751      1.87101    0.0193778
     12.0861      1.87156    0.0187236
     12.0443      1.95232    0.0171137
     12.0654      1.95306    0.0215665
     12.0784        1.952   0.00894217
     12.1018      1.95232   -0.0100934
     12.1142      1.95267   -0.0168802
      12.127      1.94504    -0.031762
     12.1483      1.94066   -0.0518926
     12.1604      1.93981   -0.0482746
     12.1731      1.94154   -0.0509412
     12.1826      1.94045   -0.0591306
     12.1346      1.92063   -0.0614324
     12.1568      1.91747   -0.0730212
     12.1719      1.91925   -0.0673073
     12.1834      1.91926   -0.0775594
     12.2164      1.91152   -0.0673072
     12.1622      1.85545   -0.0666968
      12.197      1.85677   -0.0680375
     12.2157      1.85555   -0.0568915
     12.2334       1.8534   -0.0489766
     12.2478      1.85133   -0.0455617
      12.311      1.90745   -0.0274483
      12.339      1.90824   -0.0174298
      12.355      1.90837   -0.0181987
     12.3605      1.89866   -0.0251981
     12.3744      1.90122   -0.0305064
     12.4294      1.87818   -0.0447464
     12.4449      1.87994   -0.0594197
     12.4726      1.87692   -0.0700217
     12.5005      1.87392   -0.0820632
     12.5386       1.9085    -0.082268
     12.5665      1.90685   -0.0874915
     12.5815      1.90546    -0.104958
     12.5968        1.903    -0.114355
     12.6265       1.9002    -0.133171
     12.6579      1.83032    -0.154319
     12.6747      1.82855    -0.165811
     12.6896      1.82366    -0.168413
     12.7169      1.82011    -0.169536
      12.745      1.81296    -0.168361
     12.7459      1.79331    -0.169794
     12.7621      1.79118    -0.173625
     12.7921       1.7867      -0.1735
     12.8236      1.78234    -0.181175
     12.8401      1.77776    -0.179939
      12.856      1.77426    -0.183777
     12.8246      1.73988    -0.190587
     12.8586       1.7347    -0.202192
     12.8936       1.7282    -0.202432
     12.9112      1.72498    -0.199776
     12.9257      1.72657    -0.199718
     13.0082      1.70543    -0.203394
     13.0247      1.70058    -0.210976
     13.0416      1.70119    -0.219704
     13.0727      1.69263    -0.242187
     13.0893      1.68851    -0.257155
      13.101      1.74959    -0.280978
     13.1351      1.73713    -0.307561
      13.153      1.73142    -0.331035
     13.1706      1.72377    -0.356893
     13.1805      1.64623     -0.39794
     13.2098      1.62963     -0.43255
     13.2256      1.62256    -0.443588
      13.241      1.61367    -0.445738
     13.2546      1.60837    -0.445324
      13.284      1.59187    -0.440446
     13.3337      1.63128    -0.442842
     13.3492      1.62409    -0.444703
     13.3627      1.61874    -0.442385
     13.4051      1.59435    -0.481333
     13.4887      1.53501    -0.503735
     13.5176       1.5217    -0.521465
      13.532      1.51294    -0.531702
     13.5467       1.5047    -0.542891
     13.5747      1.48564    -0.559098
     13.5912      1.47756    -0.568815
     13.5914      1.48588    -0.585147
     13.6183      1.46621    -0.595782
     13.6339      1.45535    -0.607701
     13.6485      1.44469    -0.614495
     13.6646      1.44048    -0.624742
     13.6458      1.39736    -0.636632
      13.661      1.38542    -0.645509
     13.6891      1.36431    -0.643787
     13.7021      1.35155    -0.637717
     13.7158      1.34221    -0.633856
     13.7248      1.34364    -0.630532
     13.7499      1.32586    -0.621565
     13.7623       1.3144    -0.629372
     13.7755      1.30452    -0.628576
     13.7868      1.29669     -0.63045
      13.826      1.24045    -0.635718
     13.8495      1.22129    -0.642117
     13.8636      1.21323    -0.642793
     13.8743       1.2041       -0.646
     13.8975      1.18139    -0.650077
     13.9523      1.14941    -0.656808
     13.9652      1.14009    -0.660317
     13.9762      1.13219    -0.662134
     14.0007      1.11156    -0.676941
     14.0555      1.12399     -0.68784
     14.0675      1.11373    -0.695027
     14.0766      1.10493    -0.700425
     14.1018      1.08655    -0.726271
     14.1191      1.06242     -0.74653
     14.1311      1.05123    -0.757667
     14.1475      1.06418    -0.760963
     14.1833      1.03474    -0.776291
     14.1948      1.02178    -0.783921
     14.2062      1.00986    -0.788795
      14.195     0.954936    -0.791374
     14.2151     0.931499    -0.789825
     14.2267     0.919846    -0.781651
     14.2408     0.909793    -0.761799
     14.2632     0.886212    -0.733714
     14.2802     0.877594    -0.717005
     14.3019      0.80628    -0.687791
     14.3275     0.787599    -0.649928
     14.3419     0.778532     -0.62112
     14.3567     0.769819    -0.592001
      14.369     0.760155    -0.578001
     14.4392     0.773285    -0.514038
     14.4708     0.757402    -0.466399
     14.4877     0.752459     -0.43681
     14.5002     0.741459    -0.410453
      14.517      0.73395      -0.3819
     14.4965     0.643409    -0.307946
     14.5296     0.636396    -0.253095
      14.549     0.636658      -0.2196
     14.5672      0.63033    -0.187175
     14.5817       0.6248    -0.178768
     14.6413     0.602712     -0.10314
     14.7848     0.807324    0.0274014
     14.7854     0.807084    0.0264012
     14.8223     0.804789    0.0187709
     14.7879     0.738619  -0.00259126
     14.8051     0.741575   -0.0188598
     14.8211     0.742825   -0.0260158
     14.8569     0.739218   -0.0233584
     14.8875     0.745291   -0.0172012
      14.947     0.714199   -0.0167157
     14.9636      0.71408   -0.0130882
     14.9781     0.714533    -0.011938
      15.012     0.717772   0.00255572
     15.0461     0.716954    0.0101452
     15.0641     0.718739    0.0130292
     15.1337     0.789021    0.0156729
     15.1658     0.790486    0.0144289
     15.1801      0.79033   0.00597012
     15.2138     0.789052    -0.025344
     15.2086     0.728726    -0.034123
     15.2253     0.731355    -0.044604
     15.2547     0.733143   -0.0509358
     15.2922     0.730189   -0.0432788
     15.3072     0.728092   -0.0342358
     15.3256     0.728981   -0.0351352
     15.3654     0.756194   -0.0317107
     15.4012     0.752786   -0.0230541
      15.416     0.751822   -0.0270374
     15.4342      0.75371   -0.0266636
     15.4503     0.754549   -0.0350645
      15.478     0.724725   -0.0308987
     15.5081     0.724257   -0.0315605
     15.5256     0.724426   -0.0265241
     15.5406     0.719906     -0.02154
     15.5032     0.781224   -0.0197594
     15.5173     0.777594   -0.0062427
     15.5531     0.779831   -0.0182637
     15.5682     0.780437   -0.0212349
     15.5871     0.778178   -0.0373441
     15.6125     0.796655   -0.0471586
     15.6431     0.796599   -0.0663747
      15.657     0.797553   -0.0674334
     15.6737     0.795726   -0.0712243
     15.6888     0.793741   -0.0763142
     15.7205      0.79334   -0.0815388
     15.8279     0.814873   -0.0888958
     15.8448     0.814676   -0.0930496
     15.8574     0.813034   -0.0910651
     15.8901     0.811356    -0.112851
     15.8739     0.757165    -0.127685
     15.8905     0.754977     -0.13005
     15.9053     0.752993    -0.134965
     15.9356     0.753152    -0.122572
     15.9645     0.748462     -0.11266
       15.98     0.746308    -0.106634
     15.9793     0.764447     -0.10574
     16.0086     0.760168   -0.0948119
     16.0368     0.757941   -0.0949546
     16.0533     0.755277   -0.0947822
     16.0675     0.758007   -0.0995765
     16.1052     0.763161   -0.0909642
      16.133     0.758966   -0.0845329
     16.1496     0.756073   -0.0883253
     16.1642     0.755182   -0.0884715
     16.1935     0.751591   -0.0809579
       16.22     0.757867    -0.074619
     16.2363     0.754676    -0.066039
     16.2508     0.754763   -0.0662305
     16.2946     0.755455   -0.0576234
     16.3537     0.708278   -0.0421571
     16.3702     0.708066   -0.0312125
     16.3847     0.707849     -0.02634
      16.431     0.703576    0.0152165
     16.4483     0.708507    0.0532849
      16.435     0.667543    0.0781716
     16.4493     0.670515     0.117387
     16.4676      0.67281     0.146736
     16.5003     0.677468     0.175579
     16.5303     0.684096     0.212623
     16.5563     0.696127      0.23902
     16.5722     0.701163     0.261103
      16.587     0.706108     0.274559
     16.6173     0.716017     0.313796
     16.6491     0.725991     0.351053
     16.6641     0.731026      0.37249
     16.6654      0.77002     0.379572
      16.708      0.79437     0.442561
     16.7222     0.799684     0.462162
      16.753     0.812137     0.494042
     16.8198     0.765171      0.49974
     16.8316     0.777439      0.51662
     16.8566     0.788311     0.549274
     16.8863     0.810547     0.595164
     16.8985     0.818981       0.6245
     16.9135     0.828561     0.652831
     16.8898     0.837938     0.664899
     16.9143     0.860481     0.725389
     16.9409     0.886271     0.772207
     16.9548     0.900787     0.801533
     16.9627     0.916996      0.81631
     17.0351      1.00683     0.885448
     17.0448      1.01958     0.910297
     17.0632      1.05061     0.957349
     17.0723      1.06351     0.986612
     17.0818      1.08004      1.01532
      17.105      1.15622      1.05957
     17.1211      1.18887      1.10561
     17.1278       1.2035      1.13588
     17.1348      1.21942      1.16404
     17.1398       1.2353      1.17646
     17.1749      1.23857      1.23485
     17.1845      1.26995      1.27992
     17.1878       1.2888      1.30886
     17.1928      1.30519      1.32601
     17.1974      1.34015      1.38744
     17.0959      1.46418      1.43481
     17.1007       1.5005      1.47489
      17.099      1.51697      1.49196
     17.1007      1.54858      1.49933
     17.1677      1.54844      1.48581
     17.1684      1.56075      1.48339
     17.1681      1.58195        1.489
     17.1712      1.60531      1.51224
     17.1675      1.61605      1.50879
     17.1739       1.6277      1.51496
     17.1355      1.63686       1.5216
     17.1371      1.65969       1.5337
     17.1364      1.68112      1.53765
     17.1359      1.69361      1.53529
     17.1372      1.70442      1.53741
      17.158      1.78959      1.53526
     17.1579      1.79938      1.53051
     17.1612      1.82216       1.5292
     17.1611      1.83167      1.52956
     17.1627      1.84331       1.5301
     17.1416       1.8027      1.53154
     17.1453      1.82626      1.52396
     17.1459      1.83602      1.52818
     17.1469      1.84982       1.5249
     17.1443       1.8607      1.53858
     17.0693      1.88778      1.52078
     17.0697      1.90788      1.51726
       17.07      1.91979      1.50564
     17.0707      1.93077      1.50308
     17.0736      1.95446      1.47172
     17.0456       1.9449      1.45054
     17.0487      1.96977      1.43649
     17.0498      1.98038      1.42026
      17.052      1.99395      1.40717
     17.0548      2.00545      1.40323
       17.08      2.06193       1.3831
     17.0806       2.0848      1.37227
     17.0839      2.09705      1.36989
     17.0847      2.10877       1.3698
     17.0899      2.11653      1.36595
     17.0941      2.12635      1.37238
     17.0994      2.15069      1.37382
      17.102      2.16193      1.37471
     17.1037      2.17435      1.37867
     17.1062      2.18549      1.37021
     17.0535      2.28024      1.38539
      17.057      2.30289      1.39588
     17.0587      2.31475      1.39192
     17.0648       2.3376       1.3833
     17.0738      2.39775       1.3783
     17.0764      2.40781      1.37671
     17.0773      2.42064      1.37799
     17.0811      2.44184      1.38014
     17.0853       2.4666      1.38426
     17.1782      2.43041      1.38967
     17.1837      2.45325      1.39771
     17.1848      2.46481      1.40831
     17.1853       2.4795      1.42351
     17.1898      2.50433      1.45536
     17.2308      2.57633      1.49146
     17.2299      2.58829      1.50157
     17.2309       2.6138      1.53322
      17.232      2.62372      1.55145
     17.2315      2.63681      1.56521
     17.1388      2.61958      1.58327
     17.1366      2.64229      1.59644
     17.1349      2.65228      1.59594
     17.1345      2.66399      1.58925
     17.1343      2.68246      1.58051
     17.1358      2.69334       1.5744
     17.1648      2.69247      1.56779
     17.1632       2.7138      1.56239
     17.1635      2.72417      1.56053
     17.1639       2.7329      1.56183
     17.1647      2.74211      1.56361
     17.1459      2.73631      1.56309
     17.1455      2.75397      1.56032
     17.1474      2.76615      1.55814
     17.1468      2.77602      1.55736
     17.1484      2.78479      1.55551
      17.155      2.78823      1.54901
     17.1535      2.79933      1.54573
     17.1524      2.81791      1.54353
      17.151      2.83743      1.54434
     17.0913      2.89772      1.54149
     17.0919      2.90831      1.53706
     17.0947       2.9261       1.5314
     17.0932      2.94588      1.51133
      17.093      2.95411       1.5113
     17.1557      2.99003      1.50265
     17.1571      2.99835      1.49639
     17.1581      3.00837      1.49598
     17.1591      3.02572      1.49666
     17.1613      3.04702      1.50337
      17.206      3.03445      1.49581
     17.2093      3.04994      1.49748
     17.2128      3.06521      1.49457
     17.2144       3.1005      1.51381
     17.2141      3.13176      1.52912
     17.2142      3.14862      1.54028
     17.1507      3.22994      1.54152
     17.1512      3.24336      1.55456
     17.1519      3.28626      1.58246
     17.1517      3.30149      1.59517
     17.1546      3.31474      1.59915
     17.2166      3.30988      1.64176
     17.2155      3.32224      1.66211
     17.2128      3.33788      1.67842
     17.2079      3.36537       1.7057
     17.2193      3.42951      1.72649
     17.2157      3.44199      1.75059
     17.2044      3.47066      1.78884
     17.2003      3.48507      1.81268
     17.1989      3.50588      1.84356
     17.1717      3.55632      1.88941
     17.1609      3.59312       1.9285
     17.1547      3.60693      1.96761
     17.1477      3.62492      2.00053
     17.1322      3.65412      2.04666
     17.0882      3.60675      2.10335
     17.0789      3.62097      2.12984
     17.0686      3.63605      2.15001
     17.0523      3.66064       2.1768
     17.0331      3.68661       2.2036
     17.0097      3.73604      2.21737
     17.0007      3.74767      2.23804
      16.982      3.77331      2.27838
     16.9599      3.79623      2.32064
     16.9499      3.80705      2.34677
     16.9375      3.81933       2.3749
     16.8791      3.85129      2.39737
      16.854      3.87312      2.44725
     16.8294      3.89092      2.49222
     16.8158      3.89984      2.51824
     16.8031      3.90837      2.54698
     16.7235      3.94625      2.60464
     16.6383      3.83052      2.69836
     16.6382      3.83047      2.69141
     16.6081      3.84268      2.70008
     16.5973      3.84748      2.70658
     16.5777      3.81301      2.72216
     16.5517      3.82577         2.75
     16.5254      3.83214      2.77209
     16.5103      3.83775      2.78476
     16.4975      3.84421      2.80211
     16.4326      3.83317      2.82538
     16.4204      3.83667      2.83409
       16.39      3.84578      2.83898
      16.377      3.84819      2.83899
     16.3612      3.85361      2.83809
     16.3682      3.96056      2.83821
     16.3393      3.97053      2.83544
     16.3311      3.97399      2.83672
     16.3186      3.97901      2.83737
      16.307      3.98271      2.85145
     16.2481      3.91992      2.83199
     16.2291      3.93143      2.82219
      16.216      3.93509      2.81011
     16.2032      3.94184      2.80605
     16.2139      3.93876      2.73768
     16.2028      3.94866      2.71161
     16.1732      3.96102      2.68175
     16.1626      3.96638      2.66684
     16.1399      3.98736      2.64107
     16.0854      3.97258      2.62068
     16.0596      3.98893      2.57954
     16.0458      3.99677      2.55788
     16.0149        4.018      2.51253
     16.0012      4.02811      2.48245
     16.0127      4.05607      2.44359
     16.0004      4.06619      2.40445
     15.9854      4.07994      2.37314
     15.9604      4.10504      2.32502
     15.9337       4.1343      2.27806
     15.8487        4.196      2.24141
     15.8372      4.21194       2.2086
     15.8179      4.24266      2.15622
     15.7959       4.2806      2.10358
     15.7846      4.29445      2.06826
     15.7728      4.31335      2.03427
     15.7791       4.3354      2.01555
     15.7634      4.37132      1.94586
     15.7521      4.40583      1.89244
     15.7451       4.4255      1.85978
     15.7897      4.43819      1.80835
     15.7795      4.47302      1.75703
     15.7781      4.49051      1.72211
     15.7744       4.5252       1.6738
     15.7725      4.54075      1.65458
     15.7717      4.56002      1.63559
     15.8113      4.67979      1.61048
     15.8144      4.71589      1.57771
     15.8125      4.73014      1.58036
     15.8167      4.74845      1.58606
     15.8156      4.76566      1.58898
      15.758      4.81892      1.58955
     15.7585      4.85241      1.59256
     15.7574      4.87081      1.58752
     15.7572      4.88761      1.59489
      15.757      4.92038      1.56168
     15.8454      4.96812      1.54081
     15.8464      4.98556      1.53867
     15.8488       5.0018      1.52258
     15.8469      5.05079      1.55171
     15.8985      5.03876      1.57873
     15.8979      5.05605      1.59741
     15.8957      5.08808      1.62614
     15.8923      5.10647      1.64889
     15.8905      5.13745      1.67457
     15.9441       5.1525      1.68929
     15.9429      5.16696       1.6995
     15.9379       5.1847      1.71388
     15.9335       5.2197      1.73781
     15.9269      5.25532      1.75791
     15.9338      5.29368      1.76767
     15.9345      5.31279      1.77553
     15.9282      5.32892      1.78498
     15.9169      5.36205      1.78792
      15.916      5.39397      1.79226
     15.9101      5.40864      1.79151
     15.8933      5.46474      1.79097
     15.8821      5.51426      1.78583
     15.8782      5.52818      1.77972
      15.869      5.56146      1.77113
     15.7777      5.55849       1.7608
     15.7739      5.57632      1.75337
     15.7704      5.60946      1.73101
     15.7659       5.6447      1.69223
     15.7668      5.66079      1.66584
     15.7634      5.67935      1.64323
     15.8089      5.73164      1.63009
      15.802      5.76482      1.60281
     15.8009      5.79619      1.59608
     15.8012      5.81349      1.59299
     15.7276      5.85611      1.59585
     15.7262      5.88915      1.60611
      15.724      5.90291      1.59022
     15.7276      5.93706      1.56149
     15.7285      5.95138       1.5572
     15.7269      5.96886      1.54889
     15.7918      5.99538      1.53989
     15.7908      6.02913      1.52468
     15.7913      6.04346      1.52828
     15.7916      6.06137      1.53822
     15.7919      6.07758      1.55077
     15.7175      6.05476      1.55415
     15.7225      6.08551       1.5537
     15.7177       6.1047       1.5563
     15.7202      6.12282      1.55555
     15.7221      6.15635      1.55574
     15.7275      6.15556      1.55606
     15.7271      6.18892      1.56001
     15.7274      6.20316       1.5558
     15.7291      6.22091      1.55708
     15.7291      6.23595      1.55608
      15.765      6.32911      1.55792
     15.7637      6.35946      1.56099
     15.7641      6.37709      1.55786
     15.7646      6.40671      1.55826
      15.858      6.37317      1.55932
     15.8586      6.38745      1.55869
     15.8585      6.42296      1.55245
     15.8585      6.43775      1.55888
     15.8583      6.45593      1.55933
     15.8465      6.45897      1.55998
     15.8421      6.49032      1.55175
     15.8434      6.50674      1.55968
     15.8439      6.52413      1.56046
      15.843      6.53983      1.56558
     15.8422      6.57185      1.56039
     15.8449      6.57937       1.5602
     15.8424      6.59743      1.56113
     15.8441      6.62788      1.56072
     15.8399      6.66181      1.56167
     15.8493      6.64908       1.5614
     15.8499      6.66652      1.56238
      15.851      6.70101      1.56067
     15.8492      6.73405       1.5676
     15.8505      6.75286      1.56243
     15.8312       6.6033      1.56263
     15.8329      6.62008      1.56226
     15.8332      6.63992      1.56304
     15.8433      6.69548      1.56342
     15.8432      6.74136       1.5495
     15.7768      6.66451      1.54343
     15.7768      6.68687      1.51165
     15.7815      6.70842      1.50716
     15.7854       6.7545      1.42026
     15.7954      6.80176      1.35569
     15.8017      6.82515      1.31293
     15.7866      6.78707      1.29179
     15.8111      6.85216      1.19006
      15.819        6.873      1.16208
     15.8398      6.91674      1.13064
     15.8503      6.75533      1.11859
     15.8604      6.77656      1.11126
     15.8785      6.81811      1.11523
     15.9015      6.87424      1.14996
     15.9101      6.89457      1.17154
     15.9193      6.91772      1.18846
     15.9901      6.80019      1.20246
     16.0086       6.8388      1.20704
     16.0155      6.85662      1.22404
     16.0165      6.88449      1.24524
     16.0213      6.90518      1.26316
     16.0677      6.81107      1.32282
     16.0802      6.84551      1.35185
     16.0822       6.8687      1.37415
     16.0889      6.88892      1.38814
     16.0929      6.90704      1.41616
     16.0997      6.94672      1.46691
     16.1043      6.98606      1.48652
     16.1062      7.00187      1.47999
     16.1061      7.02333      1.47028
     16.1465      7.01814      1.44992
     16.1475      7.05652      1.42805
     16.1582        7.071      1.42137
     16.1612      7.09211      1.41642
     16.1684      7.12791      1.41157
      16.183      7.10617      1.40563
     16.1897      7.12395      1.39811
     16.1948      7.14242      1.39621
      16.198      7.17836      1.39832
     16.2049      7.21697      1.39921
     16.1171       7.2167      1.39357
     16.1241      7.23612      1.38756
     16.1268      7.27306      1.36416
     16.1361      7.31192      1.32336
     16.1394      7.32619      1.30151
      16.147      7.34256      1.27885
     16.1833      7.38131      1.25974
     16.1945      7.41549      1.24057
     16.1993      7.42996      1.23549
     16.2087      7.44529      1.23545
     16.2122      7.46148      1.23506
     16.2361      7.47486      1.23849
     16.2438      7.50429      1.24109
     16.2501      7.52124      1.24711
     16.2607      7.55077      1.25519
     16.2656       7.5672      1.26148
     16.2672       7.6902      1.26973
     16.2746      7.72332      1.28725
     16.2777       7.7373      1.28829
     16.2848       7.7533      1.28795
      16.289       7.7683      1.28889
     16.2624      7.74202       1.3041
     16.2672      7.77559       1.3218
     16.2728      7.79624      1.32302
     16.2764      7.81441      1.32769
     16.2852       7.8521      1.33463
     16.3389      7.92296      1.34393
     16.3428      7.94274      1.35039
     16.3444      7.95929      1.35917
     16.3509      8.01045      1.41086
     16.3918      8.05209      1.42371
     16.3942       8.0712      1.44116
     16.3948      8.10267      1.47273
     16.3978      8.12051      1.49956
     16.3976      8.15255      1.53515
     16.4265      8.13674      1.56686
     16.4269      8.15177      1.58103
     16.4251      8.17016      1.59511
      16.424      8.20248      1.61856
     16.4193      8.23716      1.63846
     16.3784      8.27654      1.64663
     16.3784      8.29455      1.65113
     16.3736      8.32494      1.65075
     16.3702      8.35953      1.64747
     16.3712      8.37404      1.63878
     16.3691      8.39118      1.63226
     16.3301      8.46446       1.6254
     16.3314      8.49788      1.61827
     16.3294      8.51173      1.60447
      16.329      8.52981      1.59107
     16.3305      8.54586      1.58836
     16.3707      8.50761      1.56467
     16.3689       8.5388       1.5489
     16.3693      8.55821      1.54415
     16.3735      8.57661      1.54313
     16.3719       8.6135      1.55165
     16.3505      8.69131      1.55727
     16.3514      8.72939      1.55855
     16.3516       8.7457      1.55419
      16.353       8.7635      1.54985
     16.3492      8.77884      1.54738
     16.3604      8.82066      1.54168
     16.3649      8.85094      1.53513
     16.3657      8.86859      1.53752
     16.3671      8.88417      1.54183
     16.3676      8.91651      1.54759
     16.3806      8.95865      1.55387
     16.3826      8.99291      1.56219
     16.3815      9.00694      1.57332
     16.3817      9.02335      1.58066
      16.382      9.03876      1.58008
     16.3073       9.1151      1.60123
     16.3041      9.14579      1.61613
     16.3026      9.16273      1.62058
     16.3014      9.17837      1.61919
     16.3012      9.21039      1.60775
     16.3269      9.21085      1.60129
     16.3322       9.2269      1.59848
     16.3279      9.25554      1.60275
     16.3277      9.28824      1.61193
     16.3772      9.23517      1.61489
     16.3715      9.26895      1.62446
     16.3748      9.28656      1.63116
     16.3745      9.30584      1.64498
     16.3682      9.34484      1.66938
     16.3682      9.34484      1.66938
     16.3682      9.34484      1.66938
     16.3682      9.34484      1.66938
     16.3682      9.34484      1.66938
     16.3682      9.34484      1.66938
     16.3682      9.34484      1.66938
     16.3682      9.34484      1.66938
     16.3682      9.34484      1.66938
     16.3682      9.34484      1.66938
