    0.751487            0
    0.947905    -0.108068
     1.23095   -0.0793729
     1.42366   -0.0653431
     1.61795   -0.0689599
      1.5643    -0.094013
     1.51015    -0.111769
     1.47693    -0.132361
     1.44538    -0.133471
     1.41048    -0.132659
     1.39334     -0.11045
     1.36706   -0.0807054
     1.35825   -0.0290848
     1.33763   0.00641641
     1.33999     0.101529
     1.32682     0.154024
     1.32558     0.240117
     1.30782     0.225768
     1.30818     0.206019
     1.29897      0.12167
     1.30113    0.0536459
     1.28175  -0.00845064
     1.30262   0.00645016
     1.30545  -0.00939623
     1.30596  -0.00907009
     1.29974  -0.00983286
      1.3069    0.0203419
     1.30685    0.0446731
     1.31028    0.0970229
     1.30477     0.150541
     1.31058     0.251627
     1.31121     0.319737
     1.30826     0.356402
     1.29682     0.321609
     1.28298     0.302593
     1.27011     0.245212
     1.26668     0.240943
     1.25519      0.18327
    0.837615     0.193633
    0.840008     0.107095
    0.838855    0.0365311
    0.836138   -0.0454472
    0.840517    -0.087362
     0.84603    -0.124274
    0.850654   -0.0886327
    0.845384   -0.0858097
    0.842256   -0.0243937
    0.850912    0.0384864
    0.852309    0.0633657
    0.852457     0.102437
    0.842681    0.0957797
    0.834697     0.123297
     1.26901     0.115523
     1.26218     0.199004
     1.25708     0.291963
     1.25736          0.4
     1.26077          0.4
     1.26034          0.4
      1.2494          0.4
     1.24775     0.287388
     1.24429   -0.0436596
     1.25726         -0.4
     1.32936         -0.4
     1.31438         -0.4
     1.26961         -0.4
     1.43214         -0.4
      1.3961     -0.38996
     1.39085   -0.0730547
     1.37574    0.0461952
     1.36725    0.0384992
     1.35869    0.0295795
     1.34006     0.024273
     1.33176    0.0126004
      1.3268  -0.00529397
     1.32413   -0.0185159
      1.3196   -0.0387052
     1.31754   -0.0599826
     1.31044   -0.0929708
     1.30035    -0.120573
     1.28987    -0.154626
     1.28587    -0.167091
     1.28632    -0.139883
     1.28844   -0.0823983
     1.29865   0.00703418
     1.30155    0.0651426
     1.30787     0.123646
     1.29388     0.144374
     1.31281     0.162675
     1.28955       0.1258
     1.31442     0.125018
     1.31036    0.0790734
     1.31318    0.0564529
     1.30693    0.0209989
     1.30582  -0.00644005
      1.3018   -0.0486098
     1.30238   -0.0840275
      1.2978    -0.145429
     1.29881    -0.191963
     1.29962    -0.249266
      1.2963     -0.25666
     1.30239    -0.188757
     1.31062  -0.00315121
     1.32294     0.270889
     1.35535          0.4
     1.37045     0.394972
     1.36751          0.4
     1.35313     0.399999
     1.32945          0.4
     1.32456          0.4
     1.32709          0.4
     1.33093          0.4
     1.32454          0.4
     1.32481          0.4
     1.28831     0.174567
     1.32464    -0.216073
     1.39682    -0.346538
     1.57684    -0.374238
     1.60418   -0.0424123
     1.58715    0.0457597
     1.62687    0.0236218
     1.64087   0.00471616
           2   -0.0084736
           2   -0.0366405
           2   -0.0658239
           2    -0.187667
           2          0.4
           2         -0.4
           2          0.4
           2         -0.4
           2    0.0649874
           2    -0.259581
           2     0.299404
           2    -0.320894
           2     0.170969
           2    -0.188541
           2     0.161419
           2    -0.131624
           2     0.117422
           2   -0.0313877
           2    0.0634982
           2    0.0262627
           2    0.0330577
           2    0.0309853
           2    0.0244883
           2 -0.000701747
           2    0.0104174
           2    -0.021178
           2   -0.0375355
           2   -0.0250067
           2     0.158899
           2          0.4
     1.57081          0.4
     1.23084     0.273485
      1.0665         -0.4
     1.39917         -0.4
     1.37888         -0.4
     1.37817    -0.313702
     1.38796   -0.0106445
      1.3871    0.0772989
     1.36472    0.0675011
     1.35755    0.0543491
     1.34092    0.0368203
      1.3363    0.0322816
     1.33225    0.0230946
     1.32836    0.0173114
     1.32644    0.0129256
     1.31513   0.00848195
     1.31276   0.00683045
     1.32189   0.00266757
       1.299    0.0023854
     1.31991   0.00252094
     1.31941   0.00179063
     1.31664   0.00131527
     1.31715 -0.000275968
     1.31239 -0.000654169
      1.3137  -0.00138839
     1.30976  -0.00217139
     1.31161  -0.00255715
     1.30859  -0.00410648
      1.3095  -0.00424666
     1.30839  -0.00486784
     1.30896  -0.00263025
     1.30868   0.00399509
     1.30933    0.0249734
      1.3098    0.0609406
     1.31059     0.106459
     1.31187     0.155165
      1.3138     0.201598
     1.31579     0.239728
     1.31679     0.258193
     1.31606     0.259342
     1.31412     0.254244
     1.31205     0.247485
     1.31011     0.235563
     1.30829     0.207917
     1.30633     0.164945
     1.30468     0.119606
     1.30472    0.0813778
       1.306    0.0531226
      1.3082    0.0464717
     1.30972    0.0909711
     1.31077     0.190805
     1.31312     0.320181
     1.31752          0.4
     1.32174          0.4
     1.31843     0.359175
     1.32135      0.24613
     1.33427      0.13975
    0.893668     0.116217
    0.878186    0.0581473
    0.861216    0.0469813
    0.849232    0.0478734
    0.831223     0.078277
    0.819107     0.117274
     0.79995     0.182116
    0.784754     0.249791
    0.766913     0.355038
    0.757889          0.4
     1.10933   -0.0081791
     1.28988     -0.39995
      1.3175    -0.160158
     1.31647    -0.101429
     1.31093     -0.10545
     1.31994    -0.144061
     1.32286    -0.157572
     1.32457    -0.170004
     1.32134    -0.155955
     1.32319    -0.149145
     1.32986    -0.135182
     1.32905    -0.124844
      1.3293    -0.114012
     1.33172    -0.129317
     1.33691    -0.162883
     1.34691    -0.202893
     1.35454    -0.213148
     1.36449    -0.172369
     1.37287    -0.141906
     1.38044    -0.113967
    0.929428     -0.13181
    0.912152   -0.0837408
    0.894494   -0.0270814
    0.878154    0.0491537
    0.859664    0.0946388
    0.849821     0.117364
    0.836782     0.112282
    0.819569    0.0943384
    0.792853    0.0835488
    0.776162    0.0344611
    0.754204   -0.0185601
    0.727126   -0.0949873
     1.13041     -0.13877
     1.09756    -0.186061
     1.12827    -0.177628
     1.36356     -0.21093
     1.36123   -0.0950897
     1.36236   -0.0133757
     1.34415    0.0267031
      1.3467    0.0598746
     1.32907    0.0694873
     1.33627    0.0818799
     1.33161     0.077095
     1.32114    0.0764245
     1.30941    0.0755463
     1.31762    0.0824024
     1.32141    0.0688495
     1.31192    0.0442584
      1.3158    0.0032872
     1.30672   -0.0458738
     1.30501    -0.104615
     1.30535    -0.147531
     1.31345    -0.152985
     1.30832    -0.122097
     1.31102   -0.0641659
     1.31067   -0.0047293
     1.31291    0.0528611
     1.31355    0.0902211
     1.31517    0.0939694
     1.31571    0.0571621
     1.31574    0.0152447
     1.31759   -0.0297487
     1.31933   -0.0510351
      1.3229   -0.0449963
     1.32477    0.0110544
     1.32834    0.0677512
     1.33335     0.157712
      1.3377     0.259201
     1.33998     0.394131
     1.33757          0.4
     1.32195          0.4
     1.30687     0.330371
      1.3013      0.22668
     1.29426     0.130065
     1.30116    0.0780512
      1.3073    0.0503706
     1.31398    0.0363088
       1.313    0.0207383
     1.31679    0.0214863
     1.31709     0.015608
      1.3264    0.0154967
      1.3343    0.0071084
     1.34119   0.00811268
     1.34852   0.00500784
     1.35912    0.0136844
     1.36773   0.00314487
    0.916771    0.0200311
    0.898234     0.017688
    0.887595     0.025644
    0.877688       0.0279
    0.866988    0.0230242
    0.847764    0.0331741
    0.835905    0.0149825
     0.82793  -0.00725206
    0.809551   -0.0478368
    0.786453    -0.134249
    0.777792    -0.256578
    0.771576         -0.4
    0.791138         -0.4
     1.23005         -0.4
    0.963524          0.4
     1.11913          0.4
     1.13628          0.4
     1.38174     0.207918
       1.386    0.0570392
     1.38185   -0.0367231
     1.37041   -0.0517565
     1.36038   -0.0457486
     1.35251   -0.0380372
     1.34686   -0.0282216
     1.34225   -0.0224322
     1.33921   -0.0151161
     1.33665   -0.0129901
     1.33515  -0.00713864
     1.33407  -0.00829546
      1.3341  -0.00250478
     1.33451  -0.00619005
     1.33597 -0.000145095
     1.33782  -0.00551435
     1.34069  0.000675887
     1.34419  -0.00467991
     1.34874 -0.000989814
     1.35427  -0.00376301
     1.36109  -0.00281566
     1.36939  -0.00238306
     1.37943  -0.00156473
     1.39153  -0.00248315
     1.40608  -0.00523379
