     14.1592      0.20547      1.48403
     14.1614     0.275656      1.59404
     14.1298     0.459789      1.88765
     14.0982     0.643922      1.59404
     14.0977     0.658276      1.61654
     14.0619     0.841652      1.91014
     13.9746      1.00683      2.20375
     13.8433      1.13968      2.49735
     13.6791      1.22883      2.79096
     13.4961      1.26665      3.08457
     13.3087      1.26843      3.17961
     13.1212      1.26462      3.14427
     12.9342      1.26532      3.13143
     12.7499      1.26729      3.13037
     12.5693      1.26904      3.13338
     12.3916      1.27011      3.13778
     12.2151      1.27047      3.14139
     12.0401      1.27031      3.14357
     11.8667      1.26973      3.14632
     11.6947      1.26893       3.1462
     11.5258      1.26818      3.14583
     11.3552      1.26801       3.1393
     11.1865      1.26911      3.13092
     11.0166      1.27175      3.12122
     10.8292       1.2776      3.09954
     10.6419      1.28602       3.0938
     10.4546      1.29502      3.09329
     10.2703      1.30362      3.09668
     10.0893      1.31083      3.10688
     9.91086      1.31552       3.1237
     9.73502      1.31652       3.1482
      9.5608      1.31215      3.18506
     9.38893      1.29982      3.24135
     9.21956       1.2758      3.32365
     9.05488      1.23661      3.42686
     8.89585      1.18209      3.51677
     8.74249      1.11791      3.55911
        8.59      1.05214      3.53847
     8.43589     0.992869      3.47907
     8.25442     0.946674      3.30264
     8.06947     0.922546      3.23999
     7.88767     0.908096      3.20184
     7.70873     0.900364       3.1677
     7.53266     0.898323      3.13866
     7.35883     0.901263       3.1107
     7.18638     0.909381       3.0784
     7.01518     0.923474      3.04051
     6.84644     0.943837      3.00248
     6.68091     0.970723      2.95867
     6.51623      1.00612      2.90101
     6.35481      1.05051      2.84553
     6.17905       1.1155      2.72929
     6.00891      1.19426       2.6868
     5.84383      1.27875      2.65026
     5.68551      1.36739      2.61222
     5.53287      1.46128      2.56803
     5.38733      1.55944      2.52837
     5.24719      1.66279      2.48395
     5.11348      1.77082      2.44018
     4.98617      1.88314       2.3971
     4.86418      2.00167      2.34399
      4.7494      2.12497      2.29693
     4.64109      2.25317      2.24759
     4.53094      2.40481      2.15046
     4.43121      2.56358      2.11282
      4.3382      2.72431      2.07793
     4.25293      2.88482      2.04042
      4.1755      3.04577      1.99788
     4.10647      3.20728      1.95161
      4.0462      3.37035      1.89802
     3.99539      3.53434      1.84442
     3.95403      3.70029      1.78574
      3.9224      3.86588       1.7333
     3.90002      4.03204      1.67609
      3.8874       4.1986      1.61674
     3.88447      4.36527      1.56006
     3.89631      4.55231      1.45511
     3.92163      4.73778      1.41505
      3.9531      4.91811      1.38107
     3.98993      5.09409      1.34782
     4.03165      5.26601      1.31764
     4.07704      5.43341      1.29446
     4.12531      5.59769      1.27555
     4.17531       5.7599      1.26802
     4.22586      5.92205      1.26914
      4.2754      6.08363      1.27754
     4.32279      6.24441      1.29075
     4.36741      6.40528      1.30968
     4.40821      6.56434       1.3297
     4.44546      6.72523      1.35694
      4.4798      6.90953      1.41617
     4.50638      7.09487      1.44058
     4.52777      7.27597      1.46585
     4.54371      7.44976       1.4928
     4.55444      7.62253      1.52477
     4.55959      7.79506      1.55708
     4.56003      7.96813      1.57942
      4.5565      8.13791      1.60383
     4.55084      8.30508      1.60546
     4.54507       8.4698      1.60611
     4.54322      8.63402      1.55803
     4.54793      8.79431      1.52476
     4.56508      8.95737      1.40735
     4.60137       9.1232      1.30335
     4.65197      9.28142      1.21917
     4.71602      9.43702       1.1414
     4.78687      9.58821      1.12381
     4.85505      9.73978      1.17236
     4.91004      9.89624      1.29319
     4.93441      10.0815      1.58679
     4.90413      10.2658       1.8804
       4.833      10.4357      2.05412
     4.74324      10.5926      2.12696
     4.64936      10.7443      2.12304
     4.56395      10.8991      2.02712
     4.50704       11.077      1.73351
     4.50311      11.2638      1.45011
     4.54183      11.4471      1.27499
     4.61623      11.6187      1.04865
     4.73209      11.7653     0.755047
     4.88359      11.8711     0.464625
     5.05418      11.9283     0.181973
     5.22856      11.9361    -0.092227
     5.39458       11.898    -0.359767
      5.5417      11.8193    -0.621734
     5.66263      11.7063    -0.881668
     5.75014      11.5666     -1.14046
     5.79901      11.4091     -1.39947
     5.80622      11.2479     -1.65277
      5.7748      11.0959     -1.89643
     5.71089      10.9611     -2.13057
     5.61979      10.8471     -2.35957
     5.51294      10.7477     -2.42443
     5.41254      10.6369     -2.18981
     5.32893      10.4745     -1.90283
     5.29505      10.3021     -1.62683
     5.30836      10.1319     -1.35871
     5.36255       9.9735     -1.12377
     5.43665      9.82477     -1.09346
     5.50734      9.67461     -1.16813
     5.56356      9.49605     -1.36333
     5.59644      9.31149     -1.42569
     5.62004      9.12892     -1.45876
     5.63817      8.95046      -1.4804
     5.65269      8.77279     -1.49807
     5.66424      8.59865     -1.51107
      5.6731      8.42401      -1.5292
      5.6792       8.2523      -1.5414
     5.68282      8.07953     -1.55824
     5.68383      7.90904     -1.57157
     5.68234      7.73959      -1.5876
     5.67477      7.55226     -1.63473
     5.66091      7.36528     -1.65489
     5.64265      7.17944     -1.68256
     5.61916      6.99639     -1.71431
     5.59013      6.81725     -1.74859
     5.55546      6.64159     -1.78266
     5.51557      6.46954     -1.81465
     5.47124      6.30103      -1.8414
     5.42308      6.13535     -1.86604
     5.37157      5.97226     -1.88732
     5.31729      5.81073     -1.90264
     5.26149      5.65022     -1.90812
     5.20598      5.49077     -1.90351
     5.15277      5.33172      -1.8838
     5.10298      5.15101     -1.79546
      5.0656       4.9673     -1.74758
      5.0376      4.78412     -1.69738
     5.01992      4.60335     -1.63918
     5.01323      4.42483     -1.57735
     5.01768       4.2489     -1.51366
     5.03339      4.07593      -1.4468
     5.06048      3.90627     -1.37816
     5.09881      3.74074     -1.30822
     5.14817      3.57972     -1.23855
     5.20869       3.4232     -1.16511
     5.29453      3.25667      -1.0246
     5.39712      3.09977    -0.958878
     5.50688      2.95191    -0.905583
     5.62251      2.81355    -0.843697
     5.74506      2.68497    -0.775103
     5.87419      2.56715      -0.7042
     6.00996      2.46028    -0.629428
     6.15176      2.36502     -0.55364
     6.29903      2.28151    -0.478114
     6.45085      2.20962    -0.406263
     6.60648      2.14882    -0.338706
     6.78686      2.09813    -0.209145
     6.97124      2.06415    -0.155345
     7.15358      2.03984    -0.109726
     7.33334      2.02424   -0.0634359
      7.5106      2.01641    -0.024861
     7.68555       2.0142 -0.000349082
     7.85842      2.01484   0.00767114
     8.02959       2.0153   -0.0022401
     8.19936      2.01251   -0.0306658
     8.36784      2.00359   -0.0751075
     8.53495      1.98684    -0.124721
     8.70074      1.96402    -0.148791
     8.86611      1.94195    -0.116601
     9.03232      1.93083    -0.016946
     9.19838      1.94275     0.160173
     9.35786      1.99049     0.421587
      9.4998      2.07801     0.683468
     9.61271      2.19717     0.941227
     9.69003      2.33743      1.19269
     9.72968      2.48985      1.43993
     9.74035      2.64693      1.56596
     9.74018      2.83074      1.57753
     9.73829      3.01117      1.58502
     9.73608      3.18919      1.58135
     9.73462      3.36462      1.57688
     9.73406      3.53875      1.57125
     9.73415      3.71085      1.56922
     9.73453      3.88163      1.56795
     9.73493      4.05098      1.56892
     9.73517      4.21917      1.56986
     9.73521       4.3867      1.57128
     9.73503       4.5742      1.57221
     9.73466       4.7617      1.57328
     9.73418      4.94666      1.57354
     9.73363      5.12816      1.57414
       9.733      5.30538      1.57448
     9.73234      5.48153       1.5747
     9.73165        5.654      1.57486
     9.73106      5.82673      1.57352
     9.73053      5.99613       1.5744
     9.72998      6.16731      1.57359
     9.72949      6.33601      1.57378
     9.72901      6.50409       1.5735
     9.72857      6.67027      1.57346
     9.72817      6.85777       1.5724
     9.72793      7.04527      1.57174
      9.7278      7.23121       1.5712
     9.72784      7.41324      1.56999
     9.72807      7.59245      1.56902
     9.72856      7.76892      1.56705
     9.72946       7.9434      1.56417
     9.73093      8.11576      1.56038
     9.73301      8.28682       1.5569
     9.73574      8.45582      1.55239
       9.739      8.62435      1.55056
     9.74255      8.79182       1.5486
     9.74685      8.97927       1.5472
     9.75117      9.16672      1.54829
     9.75519      9.35194      1.54987
     9.75889      9.53349      1.55096
     9.76207       9.7121      1.55506
     9.76406      9.88817      1.56386
     9.76399       10.062      1.57857
     9.75887      10.2338       1.6226
     9.74324      10.4031      1.70316
     9.70684       10.568      1.87307
     9.63704      10.7207      2.12596
     9.53028      10.8507      2.39023
     9.39496      10.9475      2.65146
     9.24263      11.0077       2.8793
     9.08356      11.0394      3.00963
     8.92319      11.0555      3.07376
     8.73604      11.0634      3.12523
     8.55306       11.065       3.1405
     8.37263      11.0649      3.14394
     8.19514      11.0646      3.14206
     8.02103      11.0648      3.13971
     7.85032      11.0656      3.13323
     7.67862      11.0674      3.12992
     7.50898      11.0698      3.12435
     7.34049      11.0734      3.11594
     7.17315      11.0784      3.10825
     7.00674      11.0844      3.10207
     6.84137      11.0904      3.10923
     6.67735      11.0938      3.13188
     6.51398      11.0914      3.18155
     6.35226      11.0785      3.25993
     6.19286      11.0507      3.36923
     6.03988      11.0041      3.50535
     5.89411      10.9386      3.62172
      5.7547      10.8612      3.67517
     5.61657      10.7821      3.64866
     5.44941      10.7179      3.36737
     5.26859      10.7029      3.08226
     5.09431      10.7327      2.86198
       4.932      10.7901      2.74151
      4.7768      10.8576      2.72071
     4.62186      10.9227      2.76657
     4.46412      10.9781      2.84154
     4.28106      11.0176      3.01683
     4.09447      11.0357      3.07279
     3.90935      11.0455      3.10402
     3.72774        11.05       3.1302
     3.54852      11.0501      3.15175
       3.373      11.0467      3.16991
     3.19837      11.0412      3.17641
     3.02658       11.035      3.17955
     2.85486      11.0297      3.16497
     2.68478      11.0275      3.14343
     2.51484      11.0309      3.10019
     2.34656      11.0424      3.04709
     2.17959      11.0646      2.97084
     1.99857      11.1126      2.79483
     1.82508      11.1836      2.71147
     1.66039      11.2665      2.63898
     1.50598      11.3598      2.55661
      1.3624      11.4641       2.4701
     1.23054      11.5787      2.38199
     1.11105      11.7033      2.28836
     1.00528      11.8373      2.19037
     0.91431        11.98      2.08608
    0.839547      12.1304      1.97829
    0.785801      12.3095       1.7461
    0.762761      12.4955      1.64201
    0.757206      12.6779       1.5605
    0.767316      12.8562      1.46783
    0.793894      13.0298      1.36982
    0.836978      13.1974      1.26861
    0.896169      13.3579      1.16628
    0.970738      13.5099      1.06356
     1.05974      13.6525     0.961597
     1.18201      13.7942     0.756274
     1.32444       13.916     0.658876
     1.47342      14.0214      0.57285
     1.62858      14.1104     0.467908
     1.78963      14.1811      0.35939
     1.95483      14.2329     0.248906
     2.12178      14.2662     0.144342
     2.28993      14.2806    0.0268683
     2.45647      14.2754   -0.0893905
     2.62042      14.2504    -0.213381
     2.77868      14.2058    -0.335595
     2.92944      14.1434    -0.449286
     3.07215      14.0653    -0.551766
     3.20631      13.9745     -0.63824
     3.33295      13.8741    -0.703079
     3.45453      13.7676    -0.735931
     3.57489      13.6594    -0.728096
     3.69869      13.5554    -0.669214
     3.85906      13.4628    -0.378189
     4.03461       13.408    -0.227117
     4.21003       13.375      -0.1448
     4.38429      13.3536   -0.0989812
     4.55648      13.3383   -0.0790726
     4.72791      13.3258   -0.0663919
     4.89662      13.3153   -0.0580867
     5.06517       13.306   -0.0512278
     5.23286       13.298   -0.0447186
     5.39996      13.2912   -0.0367517
     5.56665      13.2855    -0.031111
     5.75408      13.2805   -0.0224473
     5.94153      13.2765   -0.0202371
     6.12521       13.273   -0.0176079
     6.30554        13.27    -0.015952
     6.48455      13.2672    -0.015143
     6.65965      13.2646   -0.0143069
     6.83374      13.2624   -0.0116969
     7.00655      13.2607  -0.00765496
     7.17787      13.2599  -0.00207113
     7.34753        13.26   0.00317566
     7.51526      13.2608   0.00746747
     7.68344      13.2624    0.0111347
     7.87092      13.2652    0.0186063
     8.05838      13.2689    0.0210186
     8.24447      13.2729    0.0213851
     8.42706      13.2766    0.0191048
     8.60672      13.2797    0.0159909
     8.78391      13.2822    0.0117489
     8.95909       13.284   0.00872769
     9.13258      13.2852   0.00495565
     9.30472      13.2858    0.0030374
     9.47575      13.2861  -0.00030744
     9.64596       13.286 -9.57654e-05
     9.83346      13.2862   0.00170081
      10.021      13.2868   0.00436515
     10.2085      13.2876    0.0044536
     10.3959      13.2885   0.00567825
     10.5807      13.2895   0.00455146
     10.7635      13.2902   0.00374706
     10.9448      13.2908   0.00263066
     11.1323      13.2912   0.00120015
     11.3198      13.2915   0.00226164
     11.5073      13.2918  0.000515831
      11.553      13.2917  -0.00190129
     11.5914      13.2916  -0.00558538
     11.6236      13.2914  -0.00827247
     11.6506      13.2911   -0.0100795
     11.6731      13.2909   -0.0112956
     11.6921      13.2907   -0.0121244
     11.7079      13.2905   -0.0126955
