      11.71       1.896   0.0882812
      11.76     1.89899   0.0761576
      11.81     1.90148   0.0637633
    11.8601     1.90346   0.0510788
    11.9101     1.90493   0.0380842
    11.9601      1.9059   0.0247592
    12.0102     1.90635   0.0110834
    12.0602     1.90628 -0.00296392
    12.1102      1.9057   -0.017404
    12.1602      1.9046  -0.0322584
    12.2102     1.90298  -0.0475491
    12.2602     1.90083  -0.0632985
    12.3102     1.89815  -0.0795292
    12.3602     1.89494  -0.0962643
    12.4101      1.8912   -0.113527
      12.46     1.88692   -0.131342
    12.5099     1.88209   -0.149731
    12.5597     1.87661   -0.168719
    12.6095     1.87033   -0.188329
     12.659     1.86311   -0.208585
    12.7084     1.85481   -0.229509
    12.7576     1.84529   -0.251122
    12.8064     1.83439   -0.273447
     12.855     1.82199   -0.296502
    12.9032     1.80799   -0.320304
    12.9509      1.7924    -0.34487
    12.9981     1.77525   -0.370211
    13.0447     1.75656   -0.396338
    13.0906     1.73633   -0.423257
    13.1358      1.7146   -0.450969
    13.1802     1.69138   -0.479472
    13.2237     1.66671   -0.508757
    13.2664     1.64071    -0.53881
    13.3084     1.61357   -0.569611
    13.3498     1.58547   -0.601132
    13.3908     1.55659   -0.633341
    13.4313     1.52712   -0.663111
    13.4716     1.49723   -0.687444
    13.5118     1.46711   -0.706473
    13.5519     1.43688   -0.720295
     13.592     1.40655   -0.728958
    13.6319     1.37614   -0.732449
    13.6716     1.34567   -0.730684
    13.7113     1.31514   -0.723503
    13.7507     1.28456   -0.710663
    13.7899     1.25394   -0.697756
    13.8288     1.22328   -0.690869
    13.8675     1.19239    -0.69023
    13.9058       1.161    -0.69578
    13.9436     1.12882    -0.70719
    13.9808     1.09557    -0.72389
    14.0174     1.06098   -0.745122
    14.0533     1.02478   -0.770005
    14.0883    0.986677   -0.797607
    14.1227    0.946835   -0.813224
    14.1567    0.906268   -0.804655
    14.1909    0.866093   -0.771871
    14.2257    0.827426   -0.711177
    14.2614    0.791385   -0.614771
    14.2987    0.759087    -0.49225
    14.3379    0.731647   -0.363272
    14.3795    0.710185   -0.232568
    14.4238    0.695647    -0.10533
    14.4707    0.687554  0.00184015
    14.5197    0.684701   0.0747448
    14.5703    0.685881    0.114147
    14.6219    0.689884    0.121609
    14.6741    0.695503   0.0982277
    14.7265    0.701527   0.0646336
    14.7785     0.70675   0.0410202
    14.8297    0.710372   0.0272137
    14.8803    0.712601   0.0230035
    14.9304    0.713798   0.0233122
    14.9802    0.714324   0.0232095
    15.0297     0.71454   0.0227029
    15.0791    0.714807   0.0217984
    15.1286    0.715487   0.0205006
    15.1782    0.716918   0.0188127
     15.228    0.719033   0.0167366
     15.278    0.721431   0.0142731
     15.328    0.723698   0.0114216
    15.3782    0.725423  0.00818049
    15.4284    0.726192  0.00454686
    15.4785      0.7256  0.00051671
    15.5287    0.723582 -0.00391513
    15.5787    0.720554 -0.00875496
    15.6288    0.716968  -0.0140103
    15.6787    0.713275  -0.0196897
    15.7286    0.709928  -0.0258031
    15.7785    0.707377  -0.0323615
    15.8283    0.706076  -0.0372583
    15.8781    0.706409  -0.0383626
    15.9278    0.708223  -0.0356398
    15.9776    0.711096  -0.0290409
    16.0274    0.714603  -0.0185035
    16.0774    0.718321 -0.00395389
    16.1275    0.721827   0.0146881
    16.1777    0.724695   0.0375026
    16.2283    0.726514   0.0645604
     16.279    0.727327   0.0959102
    16.3298    0.727846    0.131564
    16.3804    0.728832    0.171479
    16.4307    0.731045    0.215537
    16.4805    0.735248     0.26353
    16.5296    0.742201    0.315139
    16.5778    0.752665    0.369929
     16.625    0.767328    0.427347
     16.671    0.786209    0.486742
    16.7157    0.808981    0.545878
    16.7588    0.835315    0.603928
    16.8003    0.864879    0.662209
      16.84    0.897343    0.721996
    16.8777    0.932377    0.784587
    16.9133     0.96965    0.851348
    16.9466     1.00887    0.923756
    16.9774     1.04986     1.00341
    17.0054     1.09247     1.09202
    17.0304     1.13654     1.18228
    17.0522     1.18192     1.26469
    17.0705     1.22845     1.33811
    17.0851     1.27597     1.40192
    17.0957     1.32434     1.45591
    17.1027     1.37342     1.50009
    17.1065     1.42307     1.53451
    17.1078     1.47316     1.55914
    17.1076     1.50674     1.57374
    17.1067     1.54042     1.58288
    17.1053     1.57416      1.5914
    17.1036     1.60793     1.59918
    17.1018     1.64169     1.60612
       17.1     1.67539     1.61212
    17.0984     1.70901     1.61707
     17.097     1.74255     1.62087
    17.0958     1.77602     1.62342
    17.0948     1.80942     1.62463
    17.0939     1.84277     1.62442
    17.0931     1.87608     1.62272
    17.0924     1.90936     1.61948
    17.0918     1.94261     1.61465
    17.0913     1.97585     1.60821
    17.0908     2.00908     1.60017
    17.0903     2.04233     1.59054
    17.0899     2.07558     1.57938
    17.0894     2.10886     1.56674
    17.0889     2.14216     1.55435
    17.0885     2.17548     1.54388
    17.0882     2.20881     1.53534
    17.0879     2.24217     1.52873
    17.0878     2.27554     1.52402
    17.0878     2.30892     1.52121
     17.088     2.34232     1.52027
    17.0884     2.37573     1.52117
     17.089     2.40915     1.52387
    17.0899     2.44258     1.52833
     17.091     2.47602      1.5345
    17.0923     2.50947     1.54234
    17.0938     2.54291     1.55178
    17.0953     2.57634     1.56277
    17.0967     2.60975     1.57524
    17.0981     2.64315     1.58911
    17.0993     2.67651     1.60431
    17.1001     2.70984     1.62075
    17.1007     2.74313     1.63441
    17.1008     2.77637     1.64146
    17.1004     2.80955     1.64217
    17.0994     2.84268     1.63677
    17.0979     2.87575     1.62551
    17.0959      2.9088     1.60862
    17.0937     2.94185     1.58637
    17.0912     2.97493       1.559
    17.0888     3.00805     1.52684
    17.0875     3.02465     1.50062
    17.0842     3.07457     1.49029
    17.0815     3.12477     1.49509
    17.0801     3.17536      1.5143
    17.0803      3.2264      1.5473
    17.0819     3.27781      1.5934
    17.0839     3.32928     1.65167
    17.0852     3.38051      1.7208
    17.0849     3.43117     1.79896
    17.0818     3.48094     1.87659
    17.0749     3.52951     1.94714
    17.0631     3.57655     2.01259
    17.0456     3.62177     2.07464
    17.0224     3.66504     2.13478
    16.9944     3.70629     2.19439
    16.9621     3.74547     2.25482
    16.9262     3.78251     2.31738
    16.8874     3.81735     2.38351
    16.8464     3.84993     2.45376
    16.8038     3.88019     2.52756
    16.7602     3.90807     2.60464
    16.7157      3.9335     2.68457
    16.6704      3.9564     2.76672
    16.6244     3.97671     2.85035
    16.5776     3.99435     2.93458
    16.5303     4.00925     3.01848
    16.4825     4.02135     3.10113
    16.4341     4.03057     3.16916
    16.3854     4.03705     3.21188
    16.3362     4.04112     3.23168
    16.2866     4.04307     3.22946
    16.2365     4.04324     3.20453
    16.1859     4.04195     3.15441
    16.1348      4.0395     3.07484
    16.0832     4.03622     2.96035
    16.0313     4.03291     2.80636
    15.9806     4.03266     2.63747
    15.9328     4.03926     2.48365
    15.8893     4.05577     2.34865
    15.8505     4.08188     2.23275
    15.8161     4.11625     2.13416
    15.7862     4.15754     2.05028
    15.7604     4.20442     1.97842
    15.7387     4.25553     1.91615
     15.721     4.30955     1.86136
     15.707     4.36514     1.81122
    15.6968     4.42096      1.7644
      15.69     4.47567     1.72121
    15.6866     4.52825     1.68188
    15.6857     4.57896     1.64653
    15.6865     4.62841     1.61524
    15.6882      4.6772     1.58801
      15.69     4.72591     1.56482
    15.6911     4.77504     1.54563
    15.6916     4.82461     1.53038
    15.6916     4.87453     1.51901
    15.6912     4.92471     1.51146
    15.6908     4.97508      1.5077
    15.6903     5.02554     1.50768
      15.69     5.07599     1.51139
    15.6901     5.12637     1.51881
    15.6905     5.17662     1.52996
    15.6911     5.22676     1.54484
    15.6917     5.27681     1.56077
    15.6921      5.3268      1.5751
    15.3321     5.37519     1.58781
    15.3316     5.42054     1.59892
    15.3305     5.46645     1.60843
    15.3285     5.51296     1.61636
    15.3257     5.56005     1.62269
    15.3226     5.60774     1.62744
    15.3193     5.65601      1.6306
    15.3162     5.70486     1.63215
    15.3135     5.75429     1.63209
    15.3115     5.80431     1.63039
    15.3106     5.85492     1.62704
    15.3107     5.90612     1.62201
    15.3118     5.95792     1.61526
    15.3135     6.01035     1.60676
    15.3154     6.06342     1.59647
    15.3173     6.11716     1.58434
    15.3189     6.17157     1.57062
    15.3199     6.22658      1.5556
    15.3199     6.28208     1.53927
    15.3191     6.33807     1.52164
    15.3179     6.39453     1.50271
    15.3169     6.45144     1.48252
    15.3164     6.50877     1.46109
     15.317     6.56648     1.43846
    15.3192     6.62453     1.41468
    15.3236     6.68289     1.38982
    15.3304      6.7415     1.36393
      15.34     6.80023     1.33712
     15.352     6.85893     1.30947
    15.3666     6.91743     1.28108
    15.3837     6.97557     1.25208
    15.4031     7.03319     1.22256
    15.4248      7.0901     1.19267
    15.4487     7.14615     1.16252
    15.4747     7.20123     1.13468
    15.5022     7.25461     1.11146
    15.5304     7.30572     1.09263
    15.5589     7.35484     1.07799
    15.5875     7.40221     1.06737
    15.6159     7.44808     1.06064
     15.958     7.31686     1.05771
    15.9846     7.35941     1.05851
    16.0108     7.40216     1.06305
    16.0365     7.44521     1.07134
    16.0615     7.48864     1.08345
    16.0856     7.53252     1.09947
    16.1086     7.57695     1.11954
    16.1304       7.622     1.14381
    16.1507     7.66776     1.17246
    16.1695     7.71428     1.20566
    16.1867     7.76149     1.24359
    16.2021     7.80933      1.2864
    16.2158      7.8577     1.33042
    16.2277     7.90652     1.37174
    16.2377     7.95571     1.41012
    16.2459     8.00518      1.4454
    16.2521     8.05485     1.47745
    16.2565     8.10467     1.50622
    16.2594      8.1546     1.53167
    16.2609     8.20462     1.55379
    16.2615     8.25471      1.5726
    16.2613     8.30484     1.58814
    16.2608     8.35499     1.60042
    16.2601     8.40513      1.6095
    16.2596     8.45524     1.61539
    16.2593     8.50532     1.61813
    16.2592     8.55538     1.61774
    16.2592     8.60541     1.61422
    16.2593     8.65544     1.60759
    16.2595     8.70545     1.59783
    16.2598     8.75546     1.58735
      16.26     8.80548     1.57854
    16.2603     8.85551     1.57139
    16.2605     8.90555     1.56589
    16.2606     8.95559     1.56206
    16.2607     9.00563     1.55989
    16.2606     9.05568     1.55938
    16.2605     9.10573     1.56054
    16.2602     9.15579     1.56339
    16.2597     9.20583     1.56792
     16.259     9.25588     1.57416
    16.2582     9.30592     1.58212
    16.2571     9.35596     1.59183
    16.2557     9.40598      1.6033
    16.2541       9.456     1.61655
    16.2522     9.50601     1.63161
      16.25       9.556     1.64849
    16.2273     9.62199     1.66721
    16.2148     9.68202     1.66166
    16.2116      9.7367     1.60464
    16.2166      9.7866     1.49391
    16.2291     9.83231     1.33085
    16.2481     9.87442     1.12868
    16.2727     9.91351    0.955008
     16.302     9.95018     0.84525
    16.3351       9.985    0.781054
    16.3711     10.0186    0.752216
    16.4091     10.0515    0.744545
    16.4481     10.0843    0.747366
    16.4873     10.1176    0.761625
    16.5257      10.152    0.788508
    16.5625      10.188    0.829446
    16.5967     10.2263    0.886009
    16.6281     10.2668    0.959661
    16.6562     10.3094     1.05126
     16.681     10.3539     1.16029
    16.7021     10.4001       1.275
    16.7194     10.4478     1.38428
    16.7327     10.4969     1.48749
    16.7416     10.5471     1.58455
     16.746     10.5983     1.67579
     16.746     10.6498     1.76179
    16.7414     10.7011      1.8433
    16.7323     10.7518     1.92114
    16.7185     10.8011     1.99616
    16.7002     10.8487     2.06917
    16.6772      10.894       2.141
    16.6496     10.9364     2.21239
    16.6176     10.9757     2.28408
     16.582      11.012     2.35675
    16.5431     11.0453     2.43104
    16.5016     11.0755     2.50752
     16.458     11.1026     2.58667
    16.4127     11.1266     2.66888
    16.3665     11.1475     2.75074
    16.3196     11.1653     2.82908
    16.2721     11.1802     2.90452
    16.2238     11.1922     2.97776
    16.1748     11.2017     3.04952
    16.1249     11.2086     3.12059
    16.0741     11.2132     3.19174
    16.0222     11.2156     3.26376
    15.9692     11.2159     3.33746
    15.9156     11.2139     3.41367
    15.8623     11.2087     3.49317
    15.8103     11.1996     3.57675
    15.7605     11.1859     3.66508
    15.7138     11.1668     3.75871
    15.6712     11.1417     3.85791
    15.6336     11.1098     3.96261
    15.6016     11.0707     4.07228
    15.5741     11.0261     4.18584
    15.5495     10.9785     4.25967
     15.526     10.9303     4.25404
    15.5019     10.8838     4.16165
    15.4756     10.8417     3.95966
    15.4453     10.8062     3.63578
    15.4095     10.7797     3.33887
    15.3673     10.7633     3.17298
      15.32     10.7552     3.09811
    15.2688     10.7534     3.09086
    15.2152     10.7558      3.1135
    15.1604     10.7605     3.13298
    15.1058     10.7655     3.14902
    15.0525     10.7691     3.16139
    15.0006      10.771     3.16986
    14.9499     10.7716     3.17425
    14.9001     10.7711     3.17438
    14.8508       10.77     3.17012
    14.8019     10.7685     3.16135
     14.753     10.7669      3.1507
    14.7038     10.7656     3.14095
    14.6543     10.7648     3.13222
    14.6045     10.7643     3.12462
    14.5543     10.7642     3.11821
     14.504     10.7644     3.11304
    14.4534     10.7647      3.1091
    14.4027     10.7653     3.10639
     14.352     10.7659     3.10485
    14.3012     10.7665     3.10401
    14.2505      10.767     3.10341
    14.1999     10.7675       3.103
    14.1494     10.7678     3.10278
    14.0991     10.7679     3.10276
    14.0491     10.7676     3.10298
    13.9994      10.767     3.10355
      13.95      10.766     3.10467
       13.9     10.7673      3.1069
      13.85     10.7686      3.1405
       13.8     10.7699     3.14086
    12.9528      10.792     3.12714
    12.8863     10.7938     3.13668
    12.8199     10.7957     3.13588
    12.7534     10.7977     3.13249
    12.6869     10.7998     3.12749
    12.6205     10.8018       3.121
     12.554     10.8036     3.11332
    12.4875     10.8051      3.1045
     12.421     10.8061     3.09432
    12.3545     10.8068     3.08273
    12.2879     10.8074     3.06967
    12.2214     10.8084     3.05507
    12.1549     10.8103     3.03881
    12.0885     10.8134     3.02077
    12.0222     10.8183     3.00078
    11.9561      10.825     2.97867
    11.8901     10.8337     2.95558
    11.8243     10.8442     2.93284
    11.7589     10.8564     2.91049
    11.6937     10.8704     2.88859
    11.7191     11.2347      2.8672
    11.6622     11.2501     2.84635
    11.6056     11.2671     2.82608
    11.5493     11.2857     2.80644
    11.4934     11.3061     2.78747
     11.438     11.3282     2.76918
    11.3831      11.352     2.75162
    11.3285     11.3773      2.7348
    11.2741     11.4036     2.71873
    11.2196     11.4303     2.70345
    11.1647     11.4572     2.68895
    11.1093     11.4836     2.67526
    11.0533     11.5093     2.66237
    10.9969      11.535     2.65029
    10.9404      11.561     2.63946
    10.8839     11.5881     2.63031
    10.8278     11.6169      2.6228
    10.7722     11.6481     2.61693
    10.7173     11.6816     2.61267
    10.6626     11.7167     2.61001
    10.6076     11.7526     2.60894
    10.5519     11.7883     2.60945
    10.4951     11.8232     2.61154
    10.4367     11.8562     2.61522
    10.3766     11.8876     2.62048
    10.3153     11.9179     2.62733
    10.2531     11.9479     2.63578
    10.1905     11.9781     2.64584
    10.1276     12.0094     2.65753
    10.0649     12.0422     2.67087
    9.83882     11.7554     2.68586
    9.78048     11.7874     2.70252
    9.72203     11.8192        2.72
    9.66314     11.8499     2.73747
    9.60353      11.879     2.75492
    9.54297     11.9062     2.77234
    9.48159     11.9315     2.78974
    9.41954     11.9554     2.80712
    9.35701     11.9783     2.82446
    9.29414     12.0006     2.84178
    9.23112     12.0226     2.85907
      9.168     12.0443     2.87632
    9.10471     12.0654     2.89355
    9.04114     12.0852     2.91074
    8.97719     12.1033     2.92789
    8.91276     12.1191     2.94502
    8.84774     12.1321     2.96211
    8.78217     12.1422     2.97916
    8.71614     12.1501     2.99618
    8.64981     12.1562     3.01316
    8.58328      12.161     3.02961
    8.51669      12.165     3.04506
    8.45016     12.1688      3.0595
    8.38371     12.1725     3.07294
    8.31732      12.176     3.08536
    8.25095     12.1795     3.09678
    8.18459     12.1828     3.10721
     8.1182     12.1861     3.11665
    8.05177     12.1892     3.12509
    7.98531     12.1921     3.13256
    7.91882     12.1944     3.13905
    7.85232     12.1959     3.14458
    7.78582     12.1964     3.14913
    7.71933     12.1956     3.15273
    7.65284     12.1937     3.15536
    7.58637     12.1912     3.15704
     7.5199     12.1886     3.15776
    7.45343     12.1867     3.15752
    7.38694     12.1859      3.1568
    7.32045     12.1868      3.1561
    7.25394     12.1892     3.15542
    7.18744     12.1922     3.15475
    7.12095      12.195      3.1541
    7.05449     12.1966     3.15346
    6.98806     12.1962     3.15284
    6.92168     12.1932     3.15223
    6.85534     12.1884     3.15164
      6.789     12.1829     3.15106
    6.72265     12.1781      3.1505
    6.65627     12.1753     3.14996
    6.58984     12.1749     3.14942
    6.52338     12.1763     3.14891
    6.45689      12.179     3.14841
    6.39038     12.1821     3.14792
    6.32387     12.1851     3.14745
    6.25735     12.1873       3.147
    6.19084     12.1885     3.14567
    6.12433     12.1889     3.14402
    6.05783     12.1885     6.28255
    5.99134     12.1876     6.28263
    6.78292     12.1824     3.14383
      6.733     12.1788     3.14429
    6.68307     12.1761     3.14474
    6.63312     12.1749     3.14491
    6.58314     12.1749     3.14454
    6.53314      12.176     3.14396
    6.48312     12.1778     3.14349
    6.43309     12.1801     3.14309
    6.38306     12.1824     3.14275
    6.33302     12.1847     3.14245
    6.28298     12.1866     3.14218
    6.23294     12.1879     3.14192
    6.18291     12.1886     3.14167
    6.13287     12.1889     3.14145
    6.08285     12.1887     3.14125
    6.03282     12.1882     3.14107
     5.9828     12.1874     3.14091
    5.93278     12.1863     3.14077
    5.88277      12.185     3.14065
    5.83276     12.1836     3.14055
    5.78275     12.1821     3.14048
    5.73274     12.1806     3.14042
    5.68273     12.1791     3.14039
    5.63272     12.1778     3.14037
    5.58271     12.1767     3.14038
    5.53269     12.1759     3.14041
    5.48267     12.1754     3.14046
    5.43264     12.1751     3.14054
    5.38262     12.1751     3.14063
    5.33259     12.1752     3.14075
    5.28256     12.1754     3.14088
    5.23252     12.1757     3.14104
    5.18249     12.1759     3.14122
    5.13246     12.1761     3.14142
    5.08243     12.1762     3.14164
     5.0324     12.1762     3.14188
    4.98237     12.1762     3.14215
    4.93235     12.1762     3.14243
    4.88232     12.1761     3.14274
    4.83229     12.1761     3.14307
    4.78226      12.176     3.14341
    4.73224      12.176     3.14378
    4.68221     12.1759     3.14417
    4.63218     12.1759     3.14458
    4.58215     12.1759     3.14501
    4.53212     12.1759     3.14547
    4.48209      12.176     3.14594
    4.43207      12.176     3.14643
    4.38204      12.176     3.14695
    4.33201      12.176     3.14744
    4.28198      12.176     3.14786
    4.23195      12.176     3.14822
    4.18192      12.176     3.14852
    4.13189      12.176     3.14875
    4.08187      12.176     3.14892
    4.03184      12.176     3.14902
    3.98181      12.176     3.14906
    3.93178      12.176     3.14904
    3.88175      12.176     3.14895
    3.83172      12.176      3.1488
     3.7817      12.176     3.14858
    3.73167      12.176      3.1483
    3.68164      12.176     3.14795
    3.63161      12.176     3.14754
    3.58158      12.176     3.14707
    3.53155      12.176     3.14653
    3.48153      12.176     3.14592
     3.4315      12.176     3.14525
    3.38147      12.176     3.14452
    3.33144      12.176     3.14372
    3.28141      12.176     3.14285
    3.23138      12.176     3.14192
    3.18136      12.176     3.14093
    3.13133      12.176     3.13986
     3.0813      12.176     3.13873
    3.03127      12.176     3.13754
    2.98124      12.176     3.13627
    2.93121      12.176     3.13494
    2.88119      12.176     3.13354
    2.83116      12.176     3.13207
    2.78113     12.1759     3.13054
    2.73111     12.1759     3.12893
    2.68108     12.1759     3.12726
    2.63105     12.1759     3.12551
    2.58102     12.1759     3.12369
    2.53099     12.1759     3.12212
    2.48096      12.176     3.12109
    2.43092     12.1761     3.12063
    2.38089     12.1762     3.12072
    2.33085     12.1764     3.12137
    2.28082     12.1764     3.12258
    2.23079     12.1765     3.12434
    2.18076     12.1764     3.12666
    2.13075     12.1762     3.12951
    2.08074     12.1759     3.13291
    2.03074     12.1754     3.13684
    1.98075     12.1749     3.14129
    1.93074     12.1745     3.14625
    1.88073     12.1743     3.15171
     1.8307     12.1744     3.15767
    1.78064     12.1748      3.1641
    1.73055     12.1757     3.17099
    1.68043     12.1772     3.17833
    1.63028      12.179     3.18699
    1.58014     12.1807     3.19789
    1.53003      12.182     3.21107
    1.47997     12.1824     3.22659
    1.42999     12.1817     3.24454
    1.38012     12.1793     3.26502
    1.33037      12.175     3.28815
     1.2808     12.1684     3.31408
    1.23147     12.1597     3.34294
    1.18249     12.1488      3.3749
    1.13392     12.1359     3.41011
    1.08586      12.121     3.44874
     1.0384     12.1041     3.49092
   0.991611     12.0854     3.53674
    0.94559     12.0648     3.58626
   0.900436     12.0425     3.63946
   0.856267     12.0184     3.69624
   0.813201     11.9925     3.75638
   0.771355     11.9647     3.81692
   0.730847      11.935     3.87504
   0.691796     11.9035     3.93071
   0.654318     11.8701     3.98396
    0.61853     11.8347     4.03485
   0.584542     11.7976      4.0835
   0.552458     11.7588     4.13004
   0.522384     11.7183     4.17464
   0.494426     11.6764     4.21744
    0.46869     11.6331     4.25864
   0.445281     11.5886     4.29841
   0.424305     11.5429     4.33692
   0.405793     11.4963     4.37436
   0.389651     11.4487     4.41089
   0.375769     11.4005     4.44671
   0.364037     11.3516     4.48197
   0.354348     11.3022     4.51686
   0.346593     11.2526     4.55154
   0.340661     11.2027     4.58576
   0.336439     11.1527      4.6191
    0.33377     11.1028     4.65159
   0.332485     11.0528     4.68323
   0.332414     11.0027     4.71403
   0.333388     10.9527     4.74403
   0.335236     10.9026     4.77324
    0.33779     10.8525     4.80171
    0.34088     10.8025     4.82947
   0.344435     10.7524     4.85657
    0.34857     10.7025     4.88303
   0.353413     10.6527     4.90891
   0.359097     10.6032     4.93426
   0.365753      10.554     4.95911
   0.373512     10.5052     4.98354
   0.382506     10.4569     5.00758
   0.392866     10.4092     5.03129
   0.404722     10.3621     5.05474
   0.418207     10.3157     5.08051
   0.433451     10.2702     5.11124
   0.450586     10.2255     5.14701
   0.469744     10.1818     5.18786
   0.491054      10.139     5.23372
   0.514649     10.0975     5.28441
   0.540661      10.057     5.33962
   0.569219     10.0179     5.39886
   0.600456     9.98009     5.46146
   0.634502      9.9437     5.52288
   0.711125     9.87583     5.57967
    0.73961      9.8545     5.63268
   0.769561     9.83393     5.68267
   0.801016     9.81414     5.73041
   0.834015     9.79515     5.77661
   0.868595     9.77699       5.822
   0.904796     9.75968     5.86731
   0.942658     9.74325     5.91334
   0.982219     9.72771     5.95894
    1.02352      9.7131     6.00212
    1.06659     9.69942     6.04255
    1.11149     9.68671     6.07988
    1.15823     9.67499     6.11385
    1.20688     9.66429     6.14421
    1.25745     9.65461     6.17075
       1.31       9.646     6.19327
    1.34206     9.64262     6.21156
    1.37442     9.63898     6.22541
    1.40705     9.63516     6.23457
    1.43992     9.63122     6.23878
    1.47301     9.62724      6.2377
    1.50628     9.62328     6.23092
    1.53971     9.61942     6.21796
    1.57328     9.61574     6.19826
    1.60694     9.61229     6.17115
    1.64069     9.60916     6.13589
    1.67448     9.60641     6.10468
    1.70829     9.60411      6.0916
    1.74209     9.60234     6.09799
    1.77586     9.60117     6.12414
    1.80956     9.60067     6.16916
    1.84317     9.60091      6.2308
    1.87666     9.60196     6.30544
    1.91001     9.60389     6.38837
    1.94318     9.60678     6.47446
    1.91066     9.60394     6.54796
    1.96038     9.60868     6.60041
    2.00962     9.61582     6.63653
    2.05828      9.6256     6.65962
    2.10629     9.63814     6.67186
    2.15375     9.65304     6.67466
    2.20082     9.66975     6.66882
    2.24762     9.68774     6.65467
     2.2943     9.70645     6.63215
    2.34101     9.72534     6.60538
    2.38788     9.74386     6.57866
    2.43506     9.76148     6.55197
    2.48263     9.77782     6.52527
    2.53058     9.79281     6.49856
    2.57889     9.80638     6.47179
    2.62754     9.81849     6.44495
     2.6765     9.82906     6.41801
    2.72577     9.83805     6.39094
    2.77531     9.84539     6.36372
    2.82511     9.85105     6.33633
    2.87511     9.85501     6.30874
    2.92525     9.85729     6.28094
    2.97545     9.85791     6.25288
    3.02566     9.85687     6.22457
    3.07581     9.85419     6.19596
    3.12583     9.84988     6.16706
    3.17566     9.84396     6.13783
    3.22525     9.83645     6.10858
    3.27457      9.8274     6.07964
    3.39636     10.1694       6.051
    3.45513     10.1552     6.02266
    3.51338     10.1394     5.99462
    3.57107      10.122     5.96687
    3.62818      10.103      5.9394
    3.68468     10.0826     5.91221
    3.74053     10.0608     5.88529
    3.79571     10.0376     5.85863
    3.85018      10.013      5.8322
    3.90391     9.98712     5.80601
    3.95686      9.9599     5.78004
    4.00901      9.9314     5.75426
    4.06033     9.90164     5.72868
     4.1108     9.87066     5.70327
    4.16046     9.83852     5.67802
    4.20934     9.80528     5.65291
     4.2575     9.77101      5.6277
    4.30503     9.73572      5.6021
    4.35204     9.69941     5.57607
    4.39857     9.66212     5.54955
    4.44467     9.62389     5.52246
    4.49021     9.58464     5.49477
    4.53498     9.54424      5.4664
    4.57878     9.50253     5.43731
    4.62138     9.45936     5.40745
    4.66255      9.4146     5.37675
    4.70208     9.36809     5.34517
    4.73972     9.31968     5.31267
     4.7753     9.26927      5.2792
    4.80879     9.21694     5.24472
    4.84026     9.16284     5.20921
    4.86972     9.10709     5.17265
    4.89721     9.04984     5.13503
    4.92275     8.99124     5.09633
    4.94638     8.93144     5.05824
    4.96789     8.87116     5.02248
    4.98721     8.81111     4.98911
    5.00449      8.7514     4.95815
    5.01989     8.69211     4.92963
    5.03357     8.63331     4.90352
    4.69224     8.50668     4.87979
    4.70143     8.45745      4.8584
    4.70968     8.40805     4.83932
    4.71707     8.35854      4.8225
     4.7237     8.30891     4.80789
    4.72964      8.2592     4.79544
    4.73497     8.20942     4.78512
    4.73979     8.15957      4.7769
    4.74416     8.10968     4.77075
    4.74819     8.05976     4.76666
    4.75194     8.00982     4.76461
    4.75546     7.95987      4.7646
    4.75878     7.90992     4.76567
     4.7619     7.85995     4.76683
    4.76484     7.80998     4.76812
     4.7708     7.69859     4.76957
    4.77244      7.6653     4.77123
    4.77403       7.632     4.77315
    4.77556      7.5987     4.77543
    4.77705     7.56539     4.77817
    4.77849     7.53208     4.78157
    4.77989     7.49877     4.78487
    4.78125     7.46545     4.78683
    4.78257     7.43213     4.78705
    4.78386     7.39881      4.7852
    4.78511     7.36548     4.78119
    4.78631     7.33215     4.77518
    4.78747     7.29882     4.76759
    4.78859     7.26548     4.75899
    4.78966     7.23214        4.75
    4.79068      7.1988     4.74196
    4.79166     7.16546      4.7354
    4.79258     7.13211     4.72984
    4.79345     7.09877     4.72495
    4.79426     7.06542      4.7205
    4.79503     7.03207     4.71628
    4.79573     6.99872      4.7121
    4.79637     6.96537     4.70775
    4.79696     6.93202     4.70296
    4.79748     6.89867     4.69765
    4.79794     6.86531     4.69226
    4.79834     6.83196     4.68723
    4.79867     6.79861     4.68304
    4.79894     6.76525     4.68007
    4.79913      6.7319     4.67848
    4.79925     6.69855     4.67821
    4.79931     6.66519     4.67902
    4.79922     6.70891     4.68062
    4.79931     6.65882     4.68223
    4.79923     6.60874     4.68344
    4.79897     6.55866     4.68436
    4.79854     6.50859     4.68508
    4.79793     6.45852     4.68563
    4.79713     6.40845     4.68606
    4.79614     6.35839     4.68639
    4.79495     6.30833     4.68662
    4.79356     6.25828     4.68677
    4.79197     6.20823     4.68698
    4.79016     6.15819     4.68738
    4.78813     6.10816     4.68799
    4.78588     6.05814      4.6888
     4.7834     6.00812     4.68981
    4.78069     5.95812     4.69102
    4.77775     5.90813     4.69244
    4.77467     5.85814     4.69404
    4.77155     5.80816     4.69584
    4.76854     5.75818      4.6977
    4.76573     5.70819     4.69949
    4.76326      5.6582      4.7012
    4.76125      5.6082     4.70285
    4.75982     5.55819     4.70443
    4.75902     5.50816     4.70594
    4.75873     5.45812     4.70738
    4.75881     5.40807     4.70876
    4.75913       5.358     4.71006
    4.75953     5.30793      4.7113
    4.75988     5.25786     4.71248
    4.76003     5.20777     4.71358
    4.75985     5.15769     4.71463
    4.75938     5.10761      4.7156
    4.75877     5.05753     4.71651
    4.75822     5.00745     4.71736
    4.75788     4.95739     4.71814
    4.75794     4.90734     4.71885
    4.75858      4.8573      4.7195
    4.75995     4.80728     4.72009
    4.76217     4.75729     4.72061
    4.76499     4.70731     4.72106
    4.76808     4.65733     4.72146
     4.7711     4.60735     4.72178
    4.77386     4.55736     4.72205
    4.77636     4.50737     4.72225
     4.7786     4.45736     4.72238
    4.78058     4.40735     4.72245
    4.78233     4.35732     4.72246
    4.78385     4.30729      4.7224
    4.78514     4.25726     4.72228
    4.78621     4.20721     4.72209
    4.78707     4.15717     4.72184
    4.78773     4.10711     4.72152
     4.7882     4.05705     4.72114
    4.78849     4.00699     4.72069
     4.7886     3.95692     4.72018
    4.78854     3.90685      4.7196
    4.78832     3.85677     4.71895
    4.78795     3.80669     4.71824
    4.78743     3.75661     4.71746
    4.78678     3.70653     4.71661
      4.786     3.65645      4.7157
     4.7851     3.60636     4.71472
    4.78409     3.55627     4.71368
    4.78298     3.50619     4.71257
    4.78177      3.4561      4.7114
    4.78048     3.40602     4.71015
     4.7791     3.35593     4.70885
    4.77766     3.30585     4.70748
    4.77615     3.25577     4.70604
    4.77458     3.20569     4.70455
    4.77297     3.15561     4.70298
    4.77132     3.10554     4.70136
    4.76964     3.05547     4.69967
    4.76796      3.0054     4.69792
     4.7663     2.95534     4.69611
    4.76473     2.90529     4.69423
    4.76328     2.85524      4.6923
    4.76202     2.80521      4.6903
    4.76098     2.75518     4.68825
    4.76021     2.70516     4.68613
    4.75976     2.65516     4.68396
     4.7596     2.60516     4.68173
    4.75964     2.55515     4.67945
     4.7598     2.50513     4.67711
    4.75999     2.45509     4.67471
    4.76013       2.405     4.67225
    4.76014     2.35486     4.66975
    4.75993     2.30467     4.66719
    4.75944     2.25442     4.66458
    4.75867     2.20416     4.66191
    4.75762     2.15393     4.66028
    4.75631     2.10377     4.66075
    4.75474     2.05374     4.66332
    4.75291     2.00387     4.66798
    4.75083     1.95421     4.67474
    4.74851     1.90479     4.68361
    4.74608     1.85544      4.6946
    4.74375     1.80583     4.70771
    4.74171     1.75566     4.72297
    4.74019      1.7046      4.7404
    4.73938      1.6524     4.75999
    4.73947     1.59919     4.78175
    4.74064     1.54532     4.80569
    4.74307      1.4911     4.83178
    4.74694     1.43685     4.86001
    4.75243     1.38289     4.89031
    4.75973     1.32954     4.92263
      4.769     1.27713     4.95687
    4.78043     1.22598     4.99568
    4.79421     1.17641     5.04241
    4.81051     1.12873     5.09818
     4.8295     1.08328      5.1643
    4.85138     1.04037     5.24221
    4.87632     1.00033     5.33324
     4.9045    0.963473     5.43832
     4.9361    0.930123     5.55735
    4.97117     0.90045     5.68868
    5.00946    0.874272     5.81504
    5.05067    0.851359     5.92089
     5.0945    0.831478     6.00721
    5.14067    0.814399     6.07607
    5.18888     0.79989     6.12971
    5.23882    0.787718     6.17007
    5.29021    0.777653     6.19867
    5.34275    0.769463     6.21648
    5.39614    0.762917     6.22397
    5.45009    0.757783     6.22633
    5.50431    0.753829     6.22872
    5.55849    0.750824     6.23116
    5.61234    0.748537     6.23362
    5.66557    0.746736     6.23609
    5.71789    0.745194     6.23858
    5.76926    0.743784     6.24106
    5.81984    0.742468     6.24354
    5.86981    0.741211       6.246
    5.91935    0.739979     6.24842
    5.96863    0.738736     6.25081
    6.01783    0.737449     6.25315
    6.06713    0.736082     6.25544
    6.11667    0.734615     6.25765
    6.16644    0.733085      6.2598
    6.21641     0.73155     6.26186
    6.26652    0.730067     6.26383
    6.31673    0.728692     6.26571
      6.367    0.727483     6.26747
    6.41726    0.726496     6.26909
    6.46749    0.725788     6.27059
    6.51765    0.725372     6.27198
    6.56776    0.725197     6.27325
    6.61782    0.725206     6.27441
    6.66785    0.725344     6.27546
    6.71786    0.725554     6.27642
    6.76786    0.725781     6.27727
    6.81787    0.725967     6.27803
    6.86789    0.726064     6.27869
    6.91793    0.726074     6.27926
    6.96798    0.726028     6.27974
    7.01804    0.725957     6.28012
    7.06811    0.725891      6.2804
    7.11819    0.725861     6.28059
    7.16826    0.725897     6.28068
    7.21834     0.72603     6.28067
    7.26841    0.726265      6.2806
    7.31848    0.726542     6.28052
    7.36854    0.726794     6.28044
    7.45334    0.726968     6.28035
    7.48667    0.726889     6.28025
       7.52    0.726697     6.28013
    7.55333    0.726371        6.28
    7.58666    0.725891     6.27985
    7.61999     0.72525     6.27968
    7.65332    0.724474     6.27951
    7.68664     0.72359     6.27935
    7.71997    0.722628      6.2792
    7.75329    0.721617     6.27908
    7.78661    0.720585     6.27899
    7.81994    0.719562     6.27893
    7.85326    0.718575      6.2789
    7.88659    0.717654     6.27891
    7.91992    0.716828     6.27896
    7.95324    0.716125     6.27902
    7.98658     0.71557     6.27909
    8.01991    0.715163     6.27915
    8.05324    0.714888     6.27921
    8.08658    0.714733     6.27927
    8.11991    0.714683     6.27933
    8.15325    0.714725     6.27939
    8.18659    0.714844     6.27944
    8.21993    0.715027      6.2795
    8.25327     0.71526     6.27956
    8.28661    0.715529     6.27962
    8.31995     0.71582     6.27968
    8.35329     0.71612     6.27973
    8.38663    0.716413     6.27979
    8.41997    0.716688     6.27985
    8.45331    0.716929     6.27991
    8.48665    0.717124     6.27997
    8.51999    0.717257     6.28003
    8.55333    0.717315     6.28009
    8.58667    0.717285     6.28013
       8.62    0.717152     6.28015
    8.65334    0.716903     6.28016
    8.68667    0.716524     6.28015
       8.72       0.716     6.28013
    8.75348    0.714317     6.28009
    8.78696    0.713066     6.28002
    8.82043    0.712213     6.27992
    8.85391    0.711723     6.27991
    8.88738    0.711561     6.28011
    8.92085    0.711695     6.28047
    8.95433     0.71209     6.28091
    8.92085    0.711695     6.28133
    8.97106    0.712374     6.28166
    9.02126    0.713524     6.28187
    9.07146     0.71503     6.28201
    9.12166    0.716775      6.2821
    9.17186    0.718646     6.28219
    9.22205    0.720526     6.28227
    9.27224      0.7223     6.28235
    9.32243    0.723852     6.28244
    9.37262    0.725067     6.28253
    9.42281     0.72583     6.28262
    9.47299    0.726025     6.28271
    9.52318    0.725565     6.28281
    9.57337    0.724544     6.28291
    9.62355     0.72312       6.283
    9.67374    0.721453     6.28311
    9.72393    0.719703     6.28321
    9.77412     0.71803     6.28331
    9.82432    0.716592     6.28342
    9.87452    0.715546     6.28353
    9.92472    0.714932     6.28364
    9.97493    0.714677     6.28375
    10.0251      0.7147     6.28387
    10.0753    0.714922     6.28398
    10.1256    0.715262     6.28408
    10.1758     0.71564     6.28417
     10.226    0.715977     6.28425
    10.2762    0.716206     6.28433
    10.3264    0.716326     6.28439
    10.3766     0.71636     6.28444
    10.4268    0.716328     6.28448
     10.477    0.716253     6.28451
    10.5272    0.716154     6.28453
    10.5774    0.716055     6.28454
    10.6276    0.715976     6.28454
    10.6779    0.715927     6.28453
    10.7281    0.715905     6.28451
    10.7783    0.715904     6.28448
    10.8285    0.715919     6.28444
    10.8787    0.715942     6.28439
    10.9289     0.71597     6.28433
    10.9791    0.715995     6.28426
    11.0293    0.716014     6.28418
    11.0795    0.716025     6.28409
    11.1297    0.716029     6.28399
    11.1799    0.716028     6.28388
    11.2301    0.716024     6.28376
    11.2803    0.716016     6.28363
    11.3306    0.716007     6.28349
    11.3808    0.715998     6.28334
     11.431     0.71599     6.28318
    11.4812    0.715983     6.28301
    11.5314    0.715978     6.28283
    11.5816    0.715977     6.28264
    11.6318    0.715978     6.28244
     11.682    0.715984     6.28223
    11.7322    0.715995     6.28201
    11.7824    0.716011     6.28178
    11.8326     0.71603     6.28154
    11.8828    0.716048     6.28129
    11.9331    0.716061     6.28102
    11.9833    0.716065     6.28075
    12.0335    0.716056     6.28047
    12.0837    0.716031     6.28018
    12.1339    0.715985     6.27988
    12.1841    0.715921     6.27957
    12.2343    0.715851     6.27925
    12.2845    0.715792     6.27892
    12.3347    0.715757     6.27857
    12.3849    0.715762     6.27822
    12.4351     0.71582     6.27786
    12.4853    0.715948     6.27749
    12.5356    0.716154     6.27711
    12.5858     0.71641     6.27672
     12.636    0.716659     6.27631
    12.6862    0.716847      6.2759
    12.7364     0.71692     6.27548
    12.7866    0.716823     6.27505
    12.8368      0.7165     6.27461
     12.887    0.715897     6.27415
    12.9372    0.714989     6.27369
    12.9874    0.713829     6.27322
    13.0376    0.712484     6.27274
    13.0878    0.711019     6.27224
     13.138    0.709502     6.27174
    13.1882    0.707998     6.27123
    13.2383    0.706573     6.27071
    13.2885    0.705295     6.27018
    13.3387    0.704229     6.26963
    13.3889    0.703441     6.26908
    13.4391    0.702998     6.26852
    13.4893    0.702966     6.26795
    13.5395    0.703412     6.26736
    13.5898    0.704401     6.26677
      13.64       0.706     6.26677
      13.64       0.706     6.26677
      13.64       0.706     6.26677
      13.64       0.706     6.26677
      13.64       0.706     6.26677
      13.64       0.706     6.26677
      13.64       0.706     6.26677
      13.64       0.706     6.26677
      13.64       0.706     6.26677
      13.64       0.706     6.26677
      13.64       0.706     6.26677
      13.64       0.706     6.26677
      13.64       0.706     6.26677
      13.64       0.706     6.26677
      13.64       0.706     6.26677
      13.64       0.706     6.26677
      13.64       0.706     6.26677
      13.64       0.706     6.26677
      13.64       0.706     6.26677
      13.64       0.706     6.26677
      13.64       0.706     6.26677
      13.64       0.706     6.26677
      13.64       0.706     6.26677
      13.64       0.706     6.26677
      13.64       0.706     6.26677
      13.64       0.706     6.26677
      13.64       0.706     6.26677
      13.64       0.706     6.26677
      13.64       0.706     6.26677
      13.64       0.706     6.26677
      13.64       0.706     6.26677
      13.64       0.706     6.26677
      13.64       0.706     6.26677
      13.64       0.706     6.26677
      13.64       0.706     6.26677
      13.64       0.706     6.26677
      13.64       0.706     6.26677
      13.64       0.706     6.26677
      13.64       0.706     6.26677
      13.64       0.706     6.26677
      13.64       0.706     6.26677
      13.64       0.706     6.26677
      13.64       0.706     6.26677
      13.64       0.706     6.26677
      13.64       0.706     6.26677
      13.64       0.706     6.26677
      13.64       0.706     6.26677
      13.64       0.706     6.26677
      13.64       0.706     6.26677
      13.64       0.706     6.26677
      13.64       0.706     6.26677
      13.64       0.706     6.26677
      13.64       0.706     6.26677
      13.64       0.706     6.26677
      13.64       0.706     6.26677
      13.64       0.706     6.26677
      13.64       0.706     6.26677
      13.64       0.706     6.26677
      13.64       0.706     6.26677
      13.64       0.706     6.26677
      13.64       0.706     6.26677
      13.64       0.706     6.26677
      13.64       0.706     6.26677
      13.64       0.706     6.26677
      13.64       0.706     6.26677
      13.64       0.706     6.26677
      13.64       0.706     6.26677
      13.64       0.706     6.26677
      13.64       0.706     6.26677
      13.64       0.706     6.26677
      13.64       0.706     6.26677
      13.64       0.706     6.26677
      13.64       0.706     6.26677
      13.64       0.706     6.26677
      13.64       0.706     6.26677
      13.64       0.706     6.26677
      13.64       0.706     6.26677
      13.64       0.706     6.26677
      13.64       0.706     6.26677
      13.64       0.706     6.26677
      13.64       0.706     6.26677
      13.64       0.706     6.26677
      13.64       0.706     6.26677
      13.64       0.706     6.26677
      13.64       0.706     6.26677
