 3.52185
 2.00173
 1.52637
 1.65198
 1.37802
 1.19693
 1.03805
0.896836
0.886066
0.882269
0.887539
0.726466
0.849768
0.786439
0.730554
0.733209
0.725645
0.739901
0.742045
0.737848
0.732768
0.727888
0.578378
0.598265
0.581273
0.578678
0.575563
0.573127
 0.57403
0.578588
0.582395
0.578849
0.575542
0.571755
0.596582
 0.75009
0.617261
0.631167
0.716598
0.631137
0.741445
0.599918
0.570734
0.620126
0.581053
0.572847
0.570142
0.578538
0.577466
0.575652
0.799544
 1.33515
 1.40833
 1.24395
 1.13776
 1.08421
 1.74136
  1.2179
 1.38138
 1.46031
 1.16067
  1.2645
 1.31213
 1.16373
 1.15387
  1.2149
0.727879
0.578528
0.689828
0.809933
0.904831
 1.65319
 1.39139
 1.26856
0.875146
0.730915
0.587194
0.586593
0.592795
0.597093
0.593376
0.586703
0.581825
 0.58514
0.581954
0.580372
0.608313
 0.59003
0.587905
0.608935
0.798973
0.904741
 1.20424
 1.40042
 1.02176
 1.06121
 1.06366
 0.71793
0.495202
 0.43098
